1572300.999999 5105715.000001              CB82-08 666.00 1.5663 7.85296
1572283.000000 5105732.500000              CB82-08 667.00 1.5700 -3.34398
1572264.999996 5105750.000004              CB82-08 668.00 1.5736 -2.04082
1572247.000002 5105767.499998              CB82-08 669.00 1.5773 -1.08573
1572228.999998 5105785.000002              CB82-08 670.00 1.5809 -6.16094
1572211.000004 5105802.499996              CB82-08 671.00 1.5846 -4.45132
1572193.000000 5105820.000000              CB82-08 672.00 1.5882 -3.70442
1572175.300000 5105837.900000              CB82-08 673.00 1.5937 -6.31729
1572157.599999 5105855.800001              CB82-08 674.00 1.5990 -4.707
1572139.899998 5105873.700002              CB82-08 675.00 1.6044 -12.6856
1572122.199999 5105891.600001              CB82-08 676.00 1.6098 -12.1702
1572104.500000 5105909.500000              CB82-08 677.00 1.6152 -5.39337
1572086.799996 5105927.400004              CB82-08 678.00 1.6206 -2.84417
1572069.100002 5105945.299998              CB82-08 679.00 1.6260 0.4598
1572051.399998 5105963.200002              CB82-08 680.00 1.6314 4.66568
1572033.700004 5105981.099996              CB82-08 681.00 1.6368 8.5396
1572016.000000 5105999.000000              CB82-08 682.00 1.6422 6.41493
1571999.000000 5106015.750000              CB82-08 683.00 1.6476 0.648819
1571982.000000 5106032.500000              CB82-08 684.00 1.6560 -2.93639
1571965.000000 5106049.250000              CB82-08 685.00 1.6647 4.33934
1571948.000000 5106066.000000              CB82-08 686.00 1.6698 7.60427
1571930.300000 5106083.500000              CB82-08 687.00 1.6756 -3.40691
1571912.599999 5106101.000001              CB82-08 688.00 1.6814 -9.40012
1571894.899998 5106118.500002              CB82-08 689.00 1.6872 -11.0196
1571877.199999 5106136.000001              CB82-08 690.00 1.6925 -18.4478
1571859.500000 5106153.500000              CB82-08 691.00 1.6951 -22.5368
1571841.799996 5106171.000004              CB82-08 692.00 1.6983 -22.5522
1571824.100002 5106188.499998              CB82-08 693.00 1.7009 -18.1859
1571806.399998 5106206.000002              CB82-08 694.00 1.7119 -12.1447
1571788.700004 5106223.499996              CB82-08 695.00 1.7168 -19.5454
1571771.000000 5106241.000000              CB82-08 696.00 1.7216 -14.7682
1571752.945946 5106258.351352              CB82-08 697.00 1.7264 -2.01875
1571734.891891 5106275.702704              CB82-08 698.00 1.7290 -0.157726
1571716.837840 5106293.054052              CB82-08 699.00 1.7316 -0.68943
1571698.783782 5106310.405407              CB82-08 700.00 1.7341 0.248031
1571680.729734 5106327.756753              CB82-08 701.00 1.7366 -0.846186
1571662.675681 5106345.108103              CB82-08 702.00 1.7390 -4.78735
1571644.621617 5106362.459464              CB82-08 703.00 1.7408 -6.62261
1571626.567564 5106379.810814              CB82-08 704.00 1.7426 -5.75669
1571608.513511 5106397.162165              CB82-08 705.00 1.7421 -4.68872
1571590.459468 5106414.513506              CB82-08 706.00 1.7413 -4.21158
1571572.405404 5106431.864866              CB82-08 707.00 1.7410 -3.88691
1571554.351361 5106449.216207              CB82-08 708.00 1.7410 -3.78015
1571536.297298 5106466.567567              CB82-08 709.00 1.7411 -4.75105
1571518.243235 5106483.918927              CB82-08 710.00 1.7410 -6.56912
1571500.189191 5106501.270268              CB82-08 711.00 1.7406 -9.08207
1571482.135128 5106518.621628              CB82-08 712.00 1.7401 -11.6902
1571464.081085 5106535.972969              CB82-08 713.00 1.7397 -14.8806
1571446.027022 5106553.324329              CB82-08 714.00 1.7399 -18.3121
1571427.972978 5106570.675671              CB82-08 715.00 1.7403 -20.7501
1571409.918935 5106588.027012              CB82-08 716.00 1.7406 -20.2296
1571391.864852 5106605.378391              CB82-08 717.00 1.7412 -19.1123
1571373.810809 5106622.729732              CB82-08 718.00 1.7420 -19.8634
1571355.756765 5106640.081073              CB82-08 719.00 1.7428 -22.8781
1571337.702722 5106657.432414              CB82-08 720.00 1.7433 -24.0448
1571319.648639 5106674.783793              CB82-08 721.00 1.7436 -22.8968
1571301.594596 5106692.135134              CB82-08 722.00 1.7435 -20.7378
1571283.540552 5106709.486475              CB82-08 723.00 1.7425 -17.824
1571265.486469 5106726.837854              CB82-08 724.00 1.7419 -17.8078
1571247.432426 5106744.189195              CB82-08 725.00 1.7413 -16.8839
1571229.378383 5106761.540536              CB82-08 726.00 1.7406 -11.5489
1571211.324339 5106778.891877              CB82-08 727.00 1.7398 -4.58182
1571193.270256 5106796.243257              CB82-08 728.00 1.7390 -1.46275
1571175.216213 5106813.594598              CB82-08 729.00 1.7386 -3.70423
1571157.162170 5106830.945939              CB82-08 730.00 1.7382 -6.47348
1571139.108126 5106848.297280              CB82-08 731.00 1.7378 -7.87394
1571121.054043 5106865.648659              CB82-08 732.00 1.7378 -7.09833
1571103.000000 5106883.000000              CB82-08 733.00 1.7378 -5.17566
1571084.583333 5106899.833334              CB82-08 734.00 1.7395 -4.90549
1571066.166666 5106916.666668              CB82-08 735.00 1.7388 -5.80275
1571047.750000 5106933.500000              CB82-08 736.00 1.7378 -8.05556
1571029.333331 5106950.333335              CB82-08 737.00 1.7371 -10.5043
1571010.916669 5106967.166665              CB82-08 738.00 1.7373 -11.8875
1570992.500000 5106984.000000              CB82-08 739.00 1.7372 -12.2542
1570974.083338 5107000.833329              CB82-08 740.00 1.7368 -12.3949
1570955.666662 5107017.666671              CB82-08 741.00 1.7365 -12.8876
1570937.250000 5107034.500000              CB82-08 742.00 1.7363 -13.58
1570918.833338 5107051.333329              CB82-08 743.00 1.7360 -14.5735
1570900.416662 5107068.166671              CB82-08 744.00 1.7355 -15.975
1570882.000000 5107085.000000              CB82-08 745.00 1.7353 -16.9694
1570863.749999 5107102.035715              CB82-08 746.00 1.7352 -17.6738
1570845.499998 5107119.071430              CB82-08 747.00 1.7353 -18.1936
1570827.249999 5107136.107143              CB82-08 748.00 1.7356 -18.3198
1570808.999997 5107153.142860              CB82-08 749.00 1.7355 -18.0567
1570790.749998 5107170.178573              CB82-08 750.00 1.7352 -17.3449
1570772.499999 5107187.214287              CB82-08 751.00 1.7348 -16.9892
1570754.250000 5107204.250000              CB82-08 752.00 1.7346 -17.5968
1570735.999993 5107221.285720              CB82-08 753.00 1.7348 -18.3807
1570717.750002 5107238.321427              CB82-08 754.00 1.7350 -18.4196
1570699.499996 5107255.357147              CB82-08 755.00 1.7352 -16.9983
1570681.250004 5107272.392853              CB82-08 756.00 1.7354 -15.474
1570662.999998 5107289.428573              CB82-08 757.00 1.7349 -13.5117
1570644.750007 5107306.464280              CB82-08 758.00 1.7349 -12.817
1570626.500000 5107323.500000              CB82-08 759.00 1.7349 -10.2572
1570608.250009 5107340.535706              CB82-08 760.00 1.7343 -6.90246
1570589.999987 5107357.571441              CB82-08 761.00 1.7338 -3.54799
1570571.749996 5107374.607147              CB82-08 762.00 1.7303 -1.1847
1570553.500004 5107391.642853              CB82-08 763.00 1.7267 -0.335681
1570535.250013 5107408.678559              CB82-08 764.00 1.7252 -1.03845
1570516.999991 5107425.714294              CB82-08 765.00 1.7236 -2.81566
1570498.750000 5107442.750000              CB82-08 766.00 1.7220 -5.26599
1570480.500009 5107459.785706              CB82-08 767.00 1.7205 -8.13525
1570462.249987 5107476.821441              CB82-08 768.00 1.7192 -9.9574
1570443.999996 5107493.857147              CB82-08 769.00 1.7170 -11.0464
1570425.750004 5107510.892853              CB82-08 770.00 1.7151 -10.9366
1570407.500013 5107527.928559              CB82-08 771.00 1.7125 -10.8638
1570389.249991 5107544.964294              CB82-08 772.00 1.7101 -10.4087
1570371.000000 5107562.000000              CB82-08 773.00 1.7083 -9.83835
1570352.500000 5107579.500000              CB82-08 774.00 1.7068 -8.36555
1570334.000000 5107597.000000              CB82-08 775.00 1.7056 -7.27939
1570315.500000 5107614.500000              CB82-08 776.00 1.7047 -7.02183
1570297.000000 5107632.000000              CB82-08 777.00 1.7042 -7.748
1570279.142856 5107649.142858              CB82-08 778.00 1.7039 -9.50172
1570261.285713 5107666.285716              CB82-08 779.00 1.7036 -12.9009
1570243.428571 5107683.428572              CB82-08 780.00 1.7033 -16.0255
1570225.571425 5107700.571432              CB82-08 781.00 1.7022 -17.6974
1570207.714284 5107717.714288              CB82-08 782.00 1.7006 -16.7952
1570189.857142 5107734.857144              CB82-08 783.00 1.6995 -14.1608
1570172.000000 5107752.000000              CB82-08 784.00 1.6998 -9.45416
1570154.315789 5107769.473684              CB82-08 785.00 1.7031 -8.76201
1570136.631579 5107786.947369              CB82-08 786.00 1.7018 -10.5574
1570118.947371 5107804.421051              CB82-08 787.00 1.7005 -11.9613
1570101.263157 5107821.894737              CB82-08 788.00 1.6942 -8.15868
1570083.578944 5107839.368424              CB82-08 789.00 1.6908 -9.68419
1570065.894741 5107856.842101              CB82-08 790.00 1.6874 -13.5535
1570048.210528 5107874.315788              CB82-08 791.00 1.6839 -17.8621
1570030.526315 5107891.789475              CB82-08 792.00 1.6813 -18.3281
1570012.842102 5107909.263162              CB82-08 793.00 1.6787 -17.1544
1569995.157888 5107926.736848              CB82-08 794.00 1.6762 -13.8157
1569977.473685 5107944.210525              CB82-08 795.00 1.6734 -10.734
1569959.789482 5107961.684202              CB82-08 796.00 1.6706 -10.5755
1569942.105259 5107979.157899              CB82-08 797.00 1.6678 -13.1433
1569924.421056 5107996.631576              CB82-08 798.00 1.6651 -14.7435
1569906.736833 5108014.105273              CB82-08 799.00 1.6613 -15.6033
1569889.052629 5108031.578949              CB82-08 800.00 1.6587 -14.6768
1569871.368426 5108049.052626              CB82-08 801.00 1.6518 -15.0334
1569853.684203 5108066.526323              CB82-08 802.00 1.6505 -16.1454
1569836.000000 5108084.000000              CB82-08 803.00 1.6517 -16.9718
1569818.499999 5108101.666667              CB82-08 804.00 1.6518 -17.4243
1569800.999999 5108119.333334              CB82-08 805.00 1.6512 -15.8063
1569783.500000 5108137.000000              CB82-08 806.00 1.6498 -13.3582
1569765.999998 5108154.666669              CB82-08 807.00 1.6454 -11.8338
1569748.500002 5108172.333331              CB82-08 808.00 1.6430 -11.8138
1569731.000000 5108190.000000              CB82-08 809.00 1.6420 -11.679
1569713.500004 5108207.666662              CB82-08 810.00 1.6420 -10.778
1569695.999996 5108225.333338              CB82-08 811.00 1.6427 -9.92399
1569678.500000 5108243.000000              CB82-08 812.00 1.6425 -9.89485
1569661.000004 5108260.666662              CB82-08 813.00 1.6420 -10.5149
1569643.499996 5108278.333338              CB82-08 814.00 1.6424 -11.7228
1569626.000000 5108296.000000              CB82-08 815.00 1.6432 -12.5871
1569608.785714 5108313.285715              CB82-08 816.00 1.6437 -12.7816
1569591.571427 5108330.571430              CB82-08 817.00 1.6435 -12.8818
1569574.357142 5108347.857143              CB82-08 818.00 1.6428 -13.3456
1569557.142854 5108365.142860              CB82-08 819.00 1.6425 -15.6253
1569539.928569 5108382.428573              CB82-08 820.00 1.6433 -18.84
1569522.714285 5108399.714287              CB82-08 821.00 1.6446 -20.8924
1569505.500000 5108417.000000              CB82-08 822.00 1.6461 -21.4283
1569488.285708 5108434.285720              CB82-08 823.00 1.6471 -20.7277
1569471.071431 5108451.571427              CB82-08 824.00 1.6478 -19.5788
1569453.857139 5108468.857147              CB82-08 825.00 1.6482 -18.9291
1569436.642861 5108486.142853              CB82-08 826.00 1.6487 -18.2037
1569419.428569 5108503.428573              CB82-08 827.00 1.6490 -17.6006
1569402.214292 5108520.714280              CB82-08 828.00 1.6490 -17.3087
1569385.000000 5108538.000000              CB82-08 829.00 1.6490 -16.8777
1569367.125000 5108555.687500              CB82-08 830.00 1.6494 -16.8547
1569349.250000 5108573.375000              CB82-08 831.00 1.6504 -18.0636
1569331.375000 5108591.062500              CB82-08 832.00 1.6517 -21.3454
1569313.500000 5108608.750000              CB82-08 833.00 1.6520 -26.1313
1569295.625000 5108626.437500              CB82-08 834.00 1.6515 -30.9294
1569277.750000 5108644.125000              CB82-08 835.00 1.6511 -33.3197
1569259.875000 5108661.812500              CB82-08 836.00 1.6512 -34.1929
1569242.000000 5108679.500000              CB82-08 837.00 1.6518 -33.1428
