1572876.689656 5105162.862068              CB82-08 634.00 1451.8937 1451.89
1572858.482750 5105180.103456              CB82-08 635.00 1451.1997 1451.2
1572840.275875 5105197.344815              CB82-08 636.00 1450.3881 1450.39
1572822.068969 5105214.586204              CB82-08 637.00 1450.3688 1450.37
1572803.862062 5105231.827592              CB82-08 638.00 1451.7733 1451.77
1572785.655188 5105249.068951              CB82-08 639.00 1452.1917 1452.19
1572767.448281 5105266.310340              CB82-08 640.00 1447.7870 1447.79
1572749.241375 5105283.551728              CB82-08 641.00 1446.2407 1446.24
1572731.034469 5105300.793117              CB82-08 642.00 1444.7642 1444.76
1572712.827594 5105318.034476              CB82-08 643.00 1444.1801 1444.18
1572694.620687 5105335.275864              CB82-08 644.00 1443.6324 1443.63
1572676.413781 5105352.517253              CB82-08 645.00 1443.4349 1443.43
1572658.206906 5105369.758611              CB82-08 646.00 1442.4036 1442.4
1572640.000000 5105387.000000              CB82-08 647.00 1441.0275 1441.03
1572622.199999 5105404.200001              CB82-08 648.00 1439.9945 1439.99
1572604.399998 5105421.400002              CB82-08 649.00 1438.4778 1438.48
1572586.599999 5105438.600001              CB82-08 650.00 1436.6945 1436.69
1572568.799996 5105455.800004              CB82-08 651.00 1435.8693 1435.87
1572550.999997 5105473.000003              CB82-08 652.00 1433.6262 1433.63
1572533.199998 5105490.200002              CB82-08 653.00 1431.6464 1431.65
1572515.399999 5105507.400001              CB82-08 654.00 1429.8533 1429.85
1572497.599993 5105524.600007              CB82-08 655.00 1427.8325 1427.83
1572479.799994 5105541.800006              CB82-08 656.00 1426.8079 1426.81
1572461.999995 5105559.000005              CB82-08 657.00 1426.2312 1426.23
1572444.199996 5105576.200004              CB82-08 658.00 1424.8729 1424.87
1572426.399997 5105593.400003              CB82-08 659.00 1423.4055 1423.41
1572408.599998 5105610.600002              CB82-08 660.00 1421.9819 1421.98
1572390.799999 5105627.800001              CB82-08 661.00 1418.9126 1418.91
1572373.000000 5105645.000000              CB82-08 662.00 1415.9924 1415.99
1572355.000000 5105662.500000              CB82-08 663.00 1413.3330 1413.33
1572336.999999 5105680.000001              CB82-08 664.00 1410.4775 1410.48
1572318.999998 5105697.500002              CB82-08 665.00 1408.8665 1408.87
1572300.999999 5105715.000001              CB82-08 666.00 1406.9589 1406.96
1572283.000000 5105732.500000              CB82-08 667.00 1405.2034 1405.2
1572264.999996 5105750.000004              CB82-08 668.00 1402.5194 1402.52
1572247.000002 5105767.499998              CB82-08 669.00 1399.9375 1399.94
1572228.999998 5105785.000002              CB82-08 670.00 1397.6594 1397.66
1572211.000004 5105802.499996              CB82-08 671.00 1395.3600 1395.36
1572193.000000 5105820.000000              CB82-08 672.00 1393.4468 1393.45
1572175.300000 5105837.900000              CB82-08 673.00 1391.9369 1391.94
1572157.599999 5105855.800001              CB82-08 674.00 1389.7545 1389.75
1572139.899998 5105873.700002              CB82-08 675.00 1388.0575 1388.06
1572122.199999 5105891.600001              CB82-08 676.00 1383.8198 1383.82
1572104.500000 5105909.500000              CB82-08 677.00 1379.0001 1379
1572086.799996 5105927.400004              CB82-08 678.00 1374.9443 1374.94
1572069.100002 5105945.299998              CB82-08 679.00 1372.2131 1372.21
1572051.399998 5105963.200002              CB82-08 680.00 1369.0320 1369.03
1572033.700004 5105981.099996              CB82-08 681.00 1365.9313 1365.93
1572016.000000 5105999.000000              CB82-08 682.00 1362.9978 1363
1571999.000000 5106015.750000              CB82-08 683.00 1360.3827 1360.38
1571982.000000 5106032.500000              CB82-08 684.00 1357.3074 1357.31
1571965.000000 5106049.250000              CB82-08 685.00 1354.7791 1354.78
1571948.000000 5106066.000000              CB82-08 686.00 1352.6095 1352.61
1571930.300000 5106083.500000              CB82-08 687.00 1349.8180 1349.82
1571912.599999 5106101.000001              CB82-08 688.00 1347.6624 1347.66
1571894.899998 5106118.500002              CB82-08 689.00 1345.4688 1345.47
1571877.199999 5106136.000001              CB82-08 690.00 1343.4358 1343.44
1571859.500000 5106153.500000              CB82-08 691.00 1341.2467 1341.25
1571841.799996 5106171.000004              CB82-08 692.00 1338.3971 1338.4
1571824.100002 5106188.499998              CB82-08 693.00 1336.6479 1336.65
1571806.399998 5106206.000002              CB82-08 694.00 1335.9330 1335.93
1571788.700004 5106223.499996              CB82-08 695.00 1335.3368 1335.34
1571771.000000 5106241.000000              CB82-08 696.00 1334.7646 1334.76
1571752.945946 5106258.351352              CB82-08 697.00 1334.7340 1334.73
1571734.891891 5106275.702704              CB82-08 698.00 1334.9011 1334.9
1571716.837840 5106293.054052              CB82-08 699.00 1334.2722 1334.27
1571698.783782 5106310.405407              CB82-08 700.00 1333.6859 1333.69
1571680.729734 5106327.756753              CB82-08 701.00 1333.5986 1333.6
1571662.675681 5106345.108103              CB82-08 702.00 1333.5804 1333.58
1571644.621617 5106362.459464              CB82-08 703.00 1333.4469 1333.45
1571626.567564 5106379.810814              CB82-08 704.00 1332.9545 1332.95
1571608.513511 5106397.162165              CB82-08 705.00 1332.2496 1332.25
1571590.459468 5106414.513506              CB82-08 706.00 1332.2015 1332.2
1571572.405404 5106431.864866              CB82-08 707.00 1332.2555 1332.26
1571554.351361 5106449.216207              CB82-08 708.00 1331.6161 1331.62
1571536.297298 5106466.567567              CB82-08 709.00 1330.4183 1330.42
1571518.243235 5106483.918927              CB82-08 710.00 1329.2404 1329.24
1571500.189191 5106501.270268              CB82-08 711.00 1328.4481 1328.45
1571482.135128 5106518.621628              CB82-08 712.00 1327.8511 1327.85
1571464.081085 5106535.972969              CB82-08 713.00 1327.4940 1327.49
1571446.027022 5106553.324329              CB82-08 714.00 1327.1094 1327.11
1571427.972978 5106570.675671              CB82-08 715.00 1326.4165 1326.42
1571409.918935 5106588.027012              CB82-08 716.00 1326.2960 1326.3
1571391.864852 5106605.378391              CB82-08 717.00 1326.6704 1326.67
1571373.810809 5106622.729732              CB82-08 718.00 1327.2755 1327.28
1571355.756765 5106640.081073              CB82-08 719.00 1327.5367 1327.54
1571337.702722 5106657.432414              CB82-08 720.00 1328.2605 1328.26
1571319.648639 5106674.783793              CB82-08 721.00 1328.9332 1328.93
1571301.594596 5106692.135134              CB82-08 722.00 1328.9426 1328.94
1571283.540552 5106709.486475              CB82-08 723.00 1327.9934 1327.99
1571265.486469 5106726.837854              CB82-08 724.00 1326.9871 1326.99
1571247.432426 5106744.189195              CB82-08 725.00 1326.4738 1326.47
1571229.378383 5106761.540536              CB82-08 726.00 1326.2506 1326.25
1571211.324339 5106778.891877              CB82-08 727.00 1326.3716 1326.37
1571193.270256 5106796.243257              CB82-08 728.00 1327.3660 1327.37
1571175.216213 5106813.594598              CB82-08 729.00 1328.3915 1328.39
1571157.162170 5106830.945939              CB82-08 730.00 1329.4960 1329.5
1571139.108126 5106848.297280              CB82-08 731.00 1330.6027 1330.6
1571121.054043 5106865.648659              CB82-08 732.00 1330.8121 1330.81
1571103.000000 5106883.000000              CB82-08 733.00 1330.6072 1330.61
1571084.583333 5106899.833334              CB82-08 734.00 1329.0356 1329.04
1571066.166666 5106916.666668              CB82-08 735.00 1327.6340 1327.63
1571047.750000 5106933.500000              CB82-08 736.00 1327.2129 1327.21
1571029.333331 5106950.333335              CB82-08 737.00 1327.1013 1327.1
1571010.916669 5106967.166665              CB82-08 738.00 1327.2954 1327.3
1570992.500000 5106984.000000              CB82-08 739.00 1327.3783 1327.38
1570974.083338 5107000.833329              CB82-08 740.00 1327.0353 1327.04
1570955.666662 5107017.666671              CB82-08 741.00 1326.7985 1326.8
1570937.250000 5107034.500000              CB82-08 742.00 1326.3804 1326.38
1570918.833338 5107051.333329              CB82-08 743.00 1325.8923 1325.89
1570900.416662 5107068.166671              CB82-08 744.00 1325.3596 1325.36
1570882.000000 5107085.000000              CB82-08 745.00 1324.7583 1324.76
1570863.749999 5107102.035715              CB82-08 746.00 1324.2804 1324.28
1570845.499998 5107119.071430              CB82-08 747.00 1323.8450 1323.84
1570827.249999 5107136.107143              CB82-08 748.00 1323.0524 1323.05
1570808.999997 5107153.142860              CB82-08 749.00 1322.4246 1322.42
1570790.749998 5107170.178573              CB82-08 750.00 1321.6589 1321.66
1570772.499999 5107187.214287              CB82-08 751.00 1321.1611 1321.16
1570754.250000 5107204.250000              CB82-08 752.00 1321.5640 1321.56
1570735.999993 5107221.285720              CB82-08 753.00 1323.0990 1323.1
1570717.750002 5107238.321427              CB82-08 754.00 1324.2407 1324.24
1570699.499996 5107255.357147              CB82-08 755.00 1325.2445 1325.24
1570681.250004 5107272.392853              CB82-08 756.00 1325.2544 1325.25
1570662.999998 5107289.428573              CB82-08 757.00 1324.6350 1324.64
1570644.750007 5107306.464280              CB82-08 758.00 1324.3590 1324.36
1570626.500000 5107323.500000              CB82-08 759.00 1323.9702 1323.97
1570608.250009 5107340.535706              CB82-08 760.00 1323.6855 1323.69
1570589.999987 5107357.571441              CB82-08 761.00 1322.8213 1322.82
1570571.749996 5107374.607147              CB82-08 762.00 1321.7592 1321.76
1570553.500004 5107391.642853              CB82-08 763.00 1320.8295 1320.83
1570535.250013 5107408.678559              CB82-08 764.00 1320.3020 1320.3
1570516.999991 5107425.714294              CB82-08 765.00 1320.5298 1320.53
1570498.750000 5107442.750000              CB82-08 766.00 1321.2277 1321.23
1570480.500009 5107459.785706              CB82-08 767.00 1322.1183 1322.12
1570462.249987 5107476.821441              CB82-08 768.00 1322.4391 1322.44
1570443.999996 5107493.857147              CB82-08 769.00 1321.4231 1321.42
1570425.750004 5107510.892853              CB82-08 770.00 1320.3212 1320.32
1570407.500013 5107527.928559              CB82-08 771.00 1318.6843 1318.68
1570389.249991 5107544.964294              CB82-08 772.00 1318.9124 1318.91
1570371.000000 5107562.000000              CB82-08 773.00 1320.2462 1320.25
1570352.500000 5107579.500000              CB82-08 774.00 1321.8883 1321.89
1570334.000000 5107597.000000              CB82-08 775.00 1323.0157 1323.02
1570315.500000 5107614.500000              CB82-08 776.00 1323.7297 1323.73
1570297.000000 5107632.000000              CB82-08 777.00 1324.2435 1324.24
1570279.142856 5107649.142858              CB82-08 778.00 1324.9563 1324.96
1570261.285713 5107666.285716              CB82-08 779.00 1325.5417 1325.54
1570243.428571 5107683.428572              CB82-08 780.00 1325.5430 1325.54
1570225.571425 5107700.571432              CB82-08 781.00 1325.5288 1325.53
1570207.714284 5107717.714288              CB82-08 782.00 1325.6150 1325.61
1570189.857142 5107734.857144              CB82-08 783.00 1325.7618 1325.76
1570172.000000 5107752.000000              CB82-08 784.00 1325.9581 1325.96
1570154.315789 5107769.473684              CB82-08 785.00 1325.7748 1325.77
1570136.631579 5107786.947369              CB82-08 786.00 1325.3490 1325.35
1570118.947371 5107804.421051              CB82-08 787.00 1324.9585 1324.96
1570101.263157 5107821.894737              CB82-08 788.00 1324.4281 1324.43
1570083.578944 5107839.368424              CB82-08 789.00 1324.3588 1324.36
1570065.894741 5107856.842101              CB82-08 790.00 1325.0017 1325
1570048.210528 5107874.315788              CB82-08 791.00 1326.1641 1326.16
1570030.526315 5107891.789475              CB82-08 792.00 1327.4333 1327.43
1570012.842102 5107909.263162              CB82-08 793.00 1327.9663 1327.97
1569995.157888 5107926.736848              CB82-08 794.00 1328.0076 1328.01
1569977.473685 5107944.210525              CB82-08 795.00 1327.5789 1327.58
1569959.789482 5107961.684202              CB82-08 796.00 1327.2063 1327.21
1569942.105259 5107979.157899              CB82-08 797.00 1327.3417 1327.34
1569924.421056 5107996.631576              CB82-08 798.00 1328.1837 1328.18
1569906.736833 5108014.105273              CB82-08 799.00 1329.1693 1329.17
1569889.052629 5108031.578949              CB82-08 800.00 1329.9810 1329.98
1569871.368426 5108049.052626              CB82-08 801.00 1330.4695 1330.47
1569853.684203 5108066.526323              CB82-08 802.00 1330.4435 1330.44
1569836.000000 5108084.000000              CB82-08 803.00 1330.7485 1330.75
1569818.499999 5108101.666667              CB82-08 804.00 1332.0670 1332.07
1569800.999999 5108119.333334              CB82-08 805.00 1333.3000 1333.3
1569783.500000 5108137.000000              CB82-08 806.00 1334.8242 1334.82
1569765.999998 5108154.666669              CB82-08 807.00 1336.7054 1336.71
1569748.500002 5108172.333331              CB82-08 808.00 1337.9672 1337.97
1569731.000000 5108190.000000              CB82-08 809.00 1338.5581 1338.56
1569713.500004 5108207.666662              CB82-08 810.00 1338.8984 1338.9
1569695.999996 5108225.333338              CB82-08 811.00 1339.5499 1339.55
1569678.500000 5108243.000000              CB82-08 812.00 1340.2917 1340.29
1569661.000004 5108260.666662              CB82-08 813.00 1341.1563 1341.16
1569643.499996 5108278.333338              CB82-08 814.00 1342.8464 1342.85
1569626.000000 5108296.000000              CB82-08 815.00 1344.3472 1344.35
1569608.785714 5108313.285715              CB82-08 816.00 1345.9244 1345.92
1569591.571427 5108330.571430              CB82-08 817.00 1347.7905 1347.79
1569574.357142 5108347.857143              CB82-08 818.00 1348.5536 1348.55
1569557.142854 5108365.142860              CB82-08 819.00 1349.4639 1349.46
1569539.928569 5108382.428573              CB82-08 820.00 1350.2285 1350.23
1569522.714285 5108399.714287              CB82-08 821.00 1351.8451 1351.85
1569505.500000 5108417.000000              CB82-08 822.00 1353.5916 1353.59
1569488.285708 5108434.285720              CB82-08 823.00 1354.9615 1354.96
1569471.071431 5108451.571427              CB82-08 824.00 1357.0803 1357.08
1569453.857139 5108468.857147              CB82-08 825.00 1358.7950 1358.8
1569436.642861 5108486.142853              CB82-08 826.00 1360.7660 1360.77
1569419.428569 5108503.428573              CB82-08 827.00 1362.1559 1362.16
1569402.214292 5108520.714280              CB82-08 828.00 1363.5289 1363.53
1569385.000000 5108538.000000              CB82-08 829.00 1364.4077 1364.41
1569367.125000 5108555.687500              CB82-08 830.00 1366.0613 1366.06
1569349.250000 5108573.375000              CB82-08 831.00 1367.3899 1367.39
1569331.375000 5108591.062500              CB82-08 832.00 1368.9368 1368.94
1569313.500000 5108608.750000              CB82-08 833.00 1370.7195 1370.72
1569295.625000 5108626.437500              CB82-08 834.00 1372.7198 1372.72
1569277.750000 5108644.125000              CB82-08 835.00 1374.5223 1374.52
1569259.875000 5108661.812500              CB82-08 836.00 1377.3344 1377.33
1569242.000000 5108679.500000              CB82-08 837.00 1378.6261 1378.63
1569224.125000 5108697.187500              CB82-08 838.00 1381.0172 1381.02
1569206.250000 5108714.875000              CB82-08 839.00 1382.2345 1382.23
1569188.375000 5108732.562500              CB82-08 840.00 1384.3296 1384.33
1569170.500000 5108750.250000              CB82-08 841.00 1387.0461 1387.05
1569152.625000 5108767.937500              CB82-08 842.00 1388.7617 1388.76
1569134.750000 5108785.625000              CB82-08 843.00 1390.3885 1390.39
1569116.875000 5108803.312500              CB82-08 844.00 1391.5388 1391.54
1569099.000000 5108821.000000              CB82-08 845.00 1392.2635 1392.26
1569080.954545 5108838.272728              CB82-08 846.00 1393.5649 1393.56
1569062.909090 5108855.545456              CB82-08 847.00 1394.5167 1394.52
1569044.863635 5108872.818183              CB82-08 848.00 1396.6407 1396.64
1569026.818180 5108890.090911              CB82-08 849.00 1400.0022 1400
1569008.772725 5108907.363639              CB82-08 850.00 1403.8553 1403.86
1568990.727270 5108924.636367              CB82-08 851.00 1406.9467 1406.95
1568972.681820 5108941.909089              CB82-08 852.00 1409.2037 1409.2
1568954.636359 5108959.181822              CB82-08 853.00 1411.2935 1411.29
1568936.590910 5108976.454544              CB82-08 854.00 1414.2634 1414.26
1568918.545449 5108993.727278              CB82-08 855.00 1416.9303 1416.93
1568900.500000 5109011.000000              CB82-08 856.00 1420.0686 1420.07
1568882.454539 5109028.272733              CB82-08 857.00 1421.8298 1421.83
1568864.409102 5109045.545444              CB82-08 858.00 1422.7980 1422.8
1568846.363641 5109062.818178              CB82-08 859.00 1424.3845 1424.38
1568828.318180 5109080.090911              CB82-08 860.00 1425.6375 1425.64
1568810.272719 5109097.363645              CB82-08 861.00 1427.0741 1427.07
1568792.227281 5109114.636355              CB82-08 862.00 1427.9871 1427.99
1568774.181820 5109131.909089              CB82-08 863.00 1427.7616 1427.76
1568756.136359 5109149.181822              CB82-08 864.00 1427.3906 1427.39
1568738.090898 5109166.454556              CB82-08 865.00 1427.8838 1427.88
