1572016.000000 5105999.000000              CB82-08 682.00 1916.1836 1916.18
1571999.000000 5106015.750000              CB82-08 683.00 1921.9713 1921.97
1571982.000000 5106032.500000              CB82-08 684.00 1920.4703 1920.47
1571948.000000 5106066.000000              CB82-08 686.00 1965.2784 1965.28
1571930.300000 5106083.500000              CB82-08 687.00 1970.6807 1970.68
1571912.599999 5106101.000001              CB82-08 688.00 1976.1771 1976.18
1571894.899998 5106118.500002              CB82-08 689.00 1981.8264 1981.83
1571877.199999 5106136.000001              CB82-08 690.00 1995.6919 1995.69
1571859.500000 5106153.500000              CB82-08 691.00 2002.4801 2002.48
1571841.799996 5106171.000004              CB82-08 692.00 2020.7473 2020.75
1571824.100002 5106188.499998              CB82-08 693.00 2026.5056 2026.51
1571806.399998 5106206.000002              CB82-08 694.00 2032.1467 2032.15
1571788.700004 5106223.499996              CB82-08 695.00 2039.0875 2039.09
1571771.000000 5106241.000000              CB82-08 696.00 2038.1000 2038.1
1571752.945946 5106258.351352              CB82-08 697.00 2041.3811 2041.38
1571734.891891 5106275.702704              CB82-08 698.00 2054.2214 2054.22
1571716.837840 5106293.054052              CB82-08 699.00 2071.9263 2071.93
1571698.783782 5106310.405407              CB82-08 700.00 2075.4089 2075.41
1571680.729734 5106327.756753              CB82-08 701.00 2079.1348 2079.13
1571662.675681 5106345.108103              CB82-08 702.00 2083.7607 2083.76
1571644.621617 5106362.459464              CB82-08 703.00 2089.2700 2089.27
1571626.567564 5106379.810814              CB82-08 704.00 2087.3772 2087.38
1571608.513511 5106397.162165              CB82-08 705.00 2083.0349 2083.03
1571590.459468 5106414.513506              CB82-08 706.00 2081.4875 2081.49
1571572.405404 5106431.864866              CB82-08 707.00 2081.3745 2081.37
1571554.351361 5106449.216207              CB82-08 708.00 2082.2742 2082.27
1571536.297298 5106466.567567              CB82-08 709.00 2083.7549 2083.75
1571518.243235 5106483.918927              CB82-08 710.00 2084.4668 2084.47
1571500.189191 5106501.270268              CB82-08 711.00 2083.7761 2083.78
1571482.135128 5106518.621628              CB82-08 712.00 2082.4355 2082.44
1571464.081085 5106535.972969              CB82-08 713.00 2082.6355 2082.64
1571446.027022 5106553.324329              CB82-08 714.00 2083.4900 2083.49
1571427.972978 5106570.675671              CB82-08 715.00 2085.6509 2085.65
1571409.918935 5106588.027012              CB82-08 716.00 2087.5176 2087.52
1571391.864852 5106605.378391              CB82-08 717.00 2089.9282 2089.93
1571373.810809 5106622.729732              CB82-08 718.00 2091.8782 2091.88
1571355.756765 5106640.081073              CB82-08 719.00 2094.4541 2094.45
1571337.702722 5106657.432414              CB82-08 720.00 2096.7834 2096.78
1571319.648639 5106674.783793              CB82-08 721.00 2099.7168 2099.72
1571301.594596 5106692.135134              CB82-08 722.00 2099.2600 2099.26
1571283.540552 5106709.486475              CB82-08 723.00 2095.2285 2095.23
1571265.486469 5106726.837854              CB82-08 724.00 2094.6292 2094.63
1571247.432426 5106744.189195              CB82-08 725.00 2092.0083 2092.01
1571229.378383 5106761.540536              CB82-08 726.00 2089.3875 2089.39
1571211.324339 5106778.891877              CB82-08 727.00 2086.8542 2086.85
1571193.270256 5106796.243257              CB82-08 728.00 2084.1089 2084.11
1571175.216213 5106813.594598              CB82-08 729.00 2081.3394 2081.34
1571157.162170 5106830.945939              CB82-08 730.00 2078.5549 2078.55
1571139.108126 5106848.297280              CB82-08 731.00 2080.8750 2080.88
1571121.054043 5106865.648659              CB82-08 732.00 2084.1472 2084.15
1571103.000000 5106883.000000              CB82-08 733.00 2088.1311 2088.13
1571084.583333 5106899.833334              CB82-08 734.00 2089.7136 2089.71
1571066.166666 5106916.666668              CB82-08 735.00 2087.9705 2087.97
1571047.750000 5106933.500000              CB82-08 736.00 2086.5703 2086.57
1571029.333331 5106950.333335              CB82-08 737.00 2086.6350 2086.64
1571010.916669 5106967.166665              CB82-08 738.00 2087.1548 2087.15
1570992.500000 5106984.000000              CB82-08 739.00 2087.0393 2087.04
1570974.083338 5107000.833329              CB82-08 740.00 2086.7217 2086.72
1570955.666662 5107017.666671              CB82-08 741.00 2087.0566 2087.06
1570937.250000 5107034.500000              CB82-08 742.00 2087.6553 2087.66
1570918.833338 5107051.333329              CB82-08 743.00 2087.9790 2087.98
1570900.416662 5107068.166671              CB82-08 744.00 2087.7976 2087.8
1570882.000000 5107085.000000              CB82-08 745.00 2087.2368 2087.24
1570863.749999 5107102.035715              CB82-08 746.00 2086.1372 2086.14
1570845.499998 5107119.071430              CB82-08 747.00 2086.0288 2086.03
1570827.249999 5107136.107143              CB82-08 748.00 2087.1345 2087.13
1570808.999997 5107153.142860              CB82-08 749.00 2089.3467 2089.35
1570790.749998 5107170.178573              CB82-08 750.00 2091.2971 2091.3
1570772.499999 5107187.214287              CB82-08 751.00 2090.5920 2090.59
1570754.250000 5107204.250000              CB82-08 752.00 2087.7866 2087.79
1570735.999993 5107221.285720              CB82-08 753.00 2085.8843 2085.88
1570717.750002 5107238.321427              CB82-08 754.00 2085.0486 2085.05
1570699.499996 5107255.357147              CB82-08 755.00 2084.7690 2084.77
1570681.250004 5107272.392853              CB82-08 756.00 2084.9580 2084.96
1570662.999998 5107289.428573              CB82-08 757.00 2084.9541 2084.95
1570644.750007 5107306.464280              CB82-08 758.00 2084.2329 2084.23
1570626.500000 5107323.500000              CB82-08 759.00 2083.9392 2083.94
1570608.250009 5107340.535706              CB82-08 760.00 2085.0220 2085.02
1570589.999987 5107357.571441              CB82-08 761.00 2089.6045 2089.6
1570571.749996 5107374.607147              CB82-08 762.00 2093.3396 2093.34
1570553.500004 5107391.642853              CB82-08 763.00 2092.4302 2092.43
1570535.250013 5107408.678559              CB82-08 764.00 2090.5830 2090.58
1570516.999991 5107425.714294              CB82-08 765.00 2087.7856 2087.79
1570498.750000 5107442.750000              CB82-08 766.00 2084.7295 2084.73
1570480.500009 5107459.785706              CB82-08 767.00 2084.4539 2084.45
1570462.249987 5107476.821441              CB82-08 768.00 2084.9990 2085
1570443.999996 5107493.857147              CB82-08 769.00 2085.5378 2085.54
1570425.750004 5107510.892853              CB82-08 770.00 2086.5386 2086.54
1570407.500013 5107527.928559              CB82-08 771.00 2083.8921 2083.89
1570389.249991 5107544.964294              CB82-08 772.00 2080.2102 2080.21
1570371.000000 5107562.000000              CB82-08 773.00 2076.8149 2076.81
1570352.500000 5107579.500000              CB82-08 774.00 2075.7800 2075.78
1570334.000000 5107597.000000              CB82-08 775.00 2075.8892 2075.89
1570315.500000 5107614.500000              CB82-08 776.00 2076.2942 2076.29
1570297.000000 5107632.000000              CB82-08 777.00 2076.6978 2076.7
1570279.142856 5107649.142858              CB82-08 778.00 2077.4451 2077.45
1570261.285713 5107666.285716              CB82-08 779.00 2077.7188 2077.72
1570243.428571 5107683.428572              CB82-08 780.00 2077.1177 2077.12
1570225.571425 5107700.571432              CB82-08 781.00 2074.6726 2074.67
1570207.714284 5107717.714288              CB82-08 782.00 2071.9495 2071.95
1570189.857142 5107734.857144              CB82-08 783.00 2068.9912 2068.99
1570172.000000 5107752.000000              CB82-08 784.00 2058.5085 2058.51
1570154.315789 5107769.473684              CB82-08 785.00 2032.6061 2032.61
1570136.631579 5107786.947369              CB82-08 786.00 2028.6783 2028.68
1570118.947371 5107804.421051              CB82-08 787.00 2027.5562 2027.56
1570101.263157 5107821.894737              CB82-08 788.00 2025.8250 2025.82
1570083.578944 5107839.368424              CB82-08 789.00 2024.9447 2024.94
1570065.894741 5107856.842101              CB82-08 790.00 2025.4792 2025.48
1570048.210528 5107874.315788              CB82-08 791.00 2026.2266 2026.23
1570030.526315 5107891.789475              CB82-08 792.00 2027.4440 2027.44
1570012.842102 5107909.263162              CB82-08 793.00 2022.8759 2022.88
1569995.157888 5107926.736848              CB82-08 794.00 1997.6144 1997.61
1569977.473685 5107944.210525              CB82-08 795.00 1995.7552 1995.76
1569959.789482 5107961.684202              CB82-08 796.00 1995.3201 1995.32
1569942.105259 5107979.157899              CB82-08 797.00 1993.2799 1993.28
1569924.421056 5107996.631576              CB82-08 798.00 1989.0432 1989.04
1569906.736833 5108014.105273              CB82-08 799.00 1981.1743 1981.17
1569889.052629 5108031.578949              CB82-08 800.00 1975.9763 1975.98
1569871.368426 5108049.052626              CB82-08 801.00 1967.2800 1967.28
1569853.684203 5108066.526323              CB82-08 802.00 1961.8129 1961.81
1569836.000000 5108084.000000              CB82-08 803.00 1954.4312 1954.43
1569818.499999 5108101.666667              CB82-08 804.00 1943.8046 1943.8
1569800.999999 5108119.333334              CB82-08 805.00 1944.2891 1944.29
1569783.500000 5108137.000000              CB82-08 806.00 1947.3181 1947.32
1569765.999998 5108154.666669              CB82-08 807.00 1949.3472 1949.35
