1583802.333311 5094673.733353              CB82-08 25.00 1702.7906 1702.79
1583784.555534 5094689.222241              CB82-08 26.00 1704.6436 1704.64
1583766.777758 5094704.711129              CB82-08 27.00 1705.1631 1705.16
1583748.999981 5094720.200017              CB82-08 28.00 1705.2910 1705.29
1583731.222204 5094735.688905              CB82-08 29.00 1705.1748 1705.17
1583713.444427 5094751.177793              CB82-08 30.00 1704.9268 1704.93
1583695.666651 5094766.666681              CB82-08 31.00 1704.6450 1704.65
1583677.888874 5094782.155568              CB82-08 32.00 1703.7522 1703.75
1583660.111097 5094797.644456              CB82-08 33.00 1702.5234 1702.52
1583642.333321 5094813.133344              CB82-08 34.00 1701.3531 1701.35
1583624.555544 5094828.622232              CB82-08 35.00 1700.5125 1700.51
1583606.777767 5094844.111120              CB82-08 36.00 1700.1021 1700.1
1583588.999990 5094859.600008              CB82-08 37.00 1699.7394 1699.74
1583571.222214 5094875.088896              CB82-08 38.00 1699.3231 1699.32
1583553.444437 5094890.577784              CB82-08 39.00 1698.4186 1698.42
1583535.666660 5094906.066672              CB82-08 40.00 1696.6763 1696.68
1583517.888884 5094921.555560              CB82-08 41.00 1695.4015 1695.4
1583500.111107 5094937.044448              CB82-08 42.00 1694.7440 1694.74
1583482.333330 5094952.533336              CB82-08 43.00 1694.2361 1694.24
1583464.555553 5094968.022224              CB82-08 44.00 1692.4994 1692.5
1583429.000000 5094999.000000              CB82-08 46.00 1684.3026 1684.3
1583411.160000 5095015.040000              CB82-08 47.00 1688.4908 1688.49
1583393.320001 5095031.079999              CB82-08 48.00 1690.6658 1690.67
1583375.480001 5095047.119999              CB82-08 49.00 1691.2656 1691.27
1583357.640002 5095063.159999              CB82-08 50.00 1691.3973 1691.4
1583339.799999 5095079.200001              CB82-08 51.00 1691.3044 1691.3
1583321.960002 5095095.239998              CB82-08 52.00 1691.1735 1691.17
1583304.119999 5095111.280000              CB82-08 53.00 1689.9922 1689.99
1583286.280003 5095127.319997              CB82-08 54.00 1689.8268 1689.83
1583268.439994 5095143.360006              CB82-08 55.00 1690.8727 1690.87
1583250.599997 5095159.400002              CB82-08 56.00 1691.6127 1691.61
1583197.080009 5095207.519992              CB82-08 59.00 1674.5511 1674.55
1583179.239999 5095223.560001              CB82-08 60.00 1678.1569 1678.16
1583161.399989 5095239.600010              CB82-08 61.00 1685.4435 1685.44
1583143.560006 5095255.639994              CB82-08 62.00 1686.6072 1686.61
1583125.719997 5095271.680003              CB82-08 63.00 1687.3342 1687.33
1583107.879987 5095287.720011              CB82-08 64.00 1687.6018 1687.6
1583090.040004 5095303.759996              CB82-08 65.00 1686.8643 1686.86
1583072.199995 5095319.800005              CB82-08 66.00 1684.5306 1684.53
1583054.360012 5095335.839989              CB82-08 67.00 1684.0857 1684.09
1583036.520002 5095351.879998              CB82-08 68.00 1684.7762 1684.78
1583018.679993 5095367.920007              CB82-08 69.00 1684.6563 1684.66
1583000.840010 5095383.959991              CB82-08 70.00 1685.6730 1685.67
1582983.000000 5095400.000000              CB82-08 71.00 1668.9009 1668.9
1582964.833333 5095417.750001              CB82-08 72.00 1664.8346 1664.83
1582946.666666 5095435.500001              CB82-08 73.00 1663.5920 1663.59
1582928.500000 5095453.250000              CB82-08 74.00 1663.1188 1663.12
1582910.333331 5095471.000002              CB82-08 75.00 1664.0106 1664.01
1582892.166669 5095488.749998              CB82-08 76.00 1664.5089 1664.51
1582874.000000 5095506.500000              CB82-08 77.00 1663.8179 1663.82
1582855.833338 5095524.249996              CB82-08 78.00 1662.8995 1662.9
1582837.666662 5095542.000004              CB82-08 79.00 1662.4696 1662.47
1582819.500000 5095559.750000              CB82-08 80.00 1663.4159 1663.42
1582801.333338 5095577.499996              CB82-08 81.00 1664.4337 1664.43
1582783.166662 5095595.250004              CB82-08 82.00 1665.8138 1665.81
1582765.000000 5095613.000000              CB82-08 83.00 1667.0714 1667.07
1582747.277778 5095630.055556              CB82-08 84.00 1667.5583 1667.56
1582729.555555 5095647.111111              CB82-08 85.00 1667.3921 1667.39
1582711.833332 5095664.166668              CB82-08 86.00 1666.9436 1666.94
1582694.111111 5095681.222223              CB82-08 87.00 1666.2582 1666.26
1582676.388885 5095698.277782              CB82-08 88.00 1665.9506 1665.95
1582658.666663 5095715.333336              CB82-08 89.00 1665.8271 1665.83
1582640.944442 5095732.388891              CB82-08 90.00 1665.8007 1665.8
1582623.222221 5095749.444445              CB82-08 91.00 1666.3385 1666.34
1582605.500000 5095766.500000              CB82-08 92.00 1667.2028 1667.2
1582587.777769 5095783.555564              CB82-08 93.00 1668.3070 1668.31
1582516.888885 5095851.777782              CB82-08 97.00 1668.4685 1668.47
1582499.166673 5095868.833327              CB82-08 98.00 1667.7684 1667.77
1582481.444442 5095885.888891              CB82-08 99.00 1667.8893 1667.89
1582463.722231 5095902.944436              CB82-08 100.00 1667.7430 1667.74
1582446.000000 5095920.000000              CB82-08 101.00 1666.1639 1666.16
1582428.063063 5095937.414415              CB82-08 102.00 1663.1835 1663.18
1582410.126125 5095954.828830              CB82-08 103.00 1661.8805 1661.88
1582392.189188 5095972.243245              CB82-08 104.00 1662.0132 1662.01
1582374.252251 5095989.657659              CB82-08 105.00 1662.5106 1662.51
1582356.315317 5096007.072071              CB82-08 106.00 1662.3256 1662.33
1582338.378376 5096024.486489              CB82-08 107.00 1662.0593 1662.06
1582320.441442 5096041.900900              CB82-08 108.00 1661.4734 1661.47
1582302.504501 5096059.315319              CB82-08 109.00 1661.1962 1661.2
1582284.567575 5096076.729723              CB82-08 110.00 1660.7095 1660.71
1582266.630634 5096094.144141              CB82-08 111.00 1660.4293 1660.43
1582248.693693 5096111.558560              CB82-08 112.00 1661.3499 1661.35
1582230.756752 5096128.972978              CB82-08 113.00 1662.2349 1662.23
1582212.819825 5096146.387382              CB82-08 114.00 1661.6455 1661.65
1582194.882884 5096163.801801              CB82-08 115.00 1659.1984 1659.2
1582176.945958 5096181.216205              CB82-08 116.00 1658.6492 1658.65
1582159.009002 5096198.630637              CB82-08 117.00 1658.4316 1658.43
1582141.072076 5096216.045041              CB82-08 118.00 1657.8784 1657.88
1582123.135150 5096233.459445              CB82-08 119.00 1657.2496 1657.25
1582105.198194 5096250.873878              CB82-08 120.00 1656.9663 1656.97
1582087.261267 5096268.288282              CB82-08 121.00 1655.3324 1655.33
1582069.324311 5096285.702715              CB82-08 122.00 1653.5603 1653.56
1582051.387385 5096303.117119              CB82-08 123.00 1652.7617 1652.76
1582033.450459 5096320.531523              CB82-08 124.00 1652.6722 1652.67
1582015.513503 5096337.945956              CB82-08 125.00 1652.8691 1652.87
1581997.576577 5096355.360360              CB82-08 126.00 1653.1315 1653.13
1581979.639651 5096372.774764              CB82-08 127.00 1653.3197 1653.32
1581961.702695 5096390.189197              CB82-08 128.00 1653.3575 1653.36
1581943.765768 5096407.603601              CB82-08 129.00 1654.3383 1654.34
1581925.828842 5096425.018005              CB82-08 130.00 1654.7637 1654.76
1581907.891916 5096442.432409              CB82-08 131.00 1654.1715 1654.17
1581889.954930 5096459.846871              CB82-08 132.00 1654.1495 1654.15
1581872.018004 5096477.261275              CB82-08 133.00 1654.4183 1654.42
1581854.081078 5096494.675679              CB82-08 134.00 1655.4869 1655.49
1581638.837844 5096703.648642              CB82-08 146.00 1641.0966 1641.1
1581620.900918 5096721.063046              CB82-08 147.00 1640.3115 1640.31
1581602.963992 5096738.477450              CB82-08 148.00 1641.5115 1641.51
1581531.216227 5096808.135124              CB82-08 152.00 1649.4067 1649.41
1581513.279301 5096825.549528              CB82-08 153.00 1645.7227 1645.72
1581495.342316 5096842.963990              CB82-08 154.00 1645.6721 1645.67
1581477.405389 5096860.378394              CB82-08 155.00 1646.5272 1646.53
1581459.468463 5096877.792798              CB82-08 156.00 1646.0596 1646.06
1581441.531537 5096895.207202              CB82-08 157.00 1644.8463 1644.85
1581423.594611 5096912.621606              CB82-08 158.00 1642.9297 1642.93
1581405.657684 5096930.036010              CB82-08 159.00 1641.5045 1641.5
1581387.720758 5096947.450414              CB82-08 160.00 1640.6404 1640.64
1581369.783832 5096964.864818              CB82-08 161.00 1640.3192 1640.32
1581351.846906 5096982.279222              CB82-08 162.00 1640.6431 1640.64
1581333.909861 5096999.693741              CB82-08 163.00 1640.2628 1640.26
1581315.972934 5097017.108145              CB82-08 164.00 1639.0175 1639.02
1581298.036008 5097034.522550              CB82-08 165.00 1638.9347 1638.93
1581280.099082 5097051.936954              CB82-08 166.00 1638.7593 1638.76
1581262.162156 5097069.351358              CB82-08 167.00 1639.1879 1639.19
1581244.225230 5097086.765762              CB82-08 168.00 1638.8125 1638.81
1581226.288303 5097104.180166              CB82-08 169.00 1638.1364 1638.14
1581208.351377 5097121.594570              CB82-08 170.00 1638.0551 1638.06
1581190.414451 5097139.008974              CB82-08 171.00 1638.0387 1638.04
1581172.477525 5097156.423378              CB82-08 172.00 1638.6301 1638.63
1581100.729701 5097226.081109              CB82-08 176.00 1638.2725 1638.27
1581082.792775 5097243.495513              CB82-08 177.00 1636.9194 1636.92
1581064.855848 5097260.909917              CB82-08 178.00 1635.8761 1635.88
1581046.918922 5097278.324321              CB82-08 179.00 1634.3358 1634.34
1581028.981996 5097295.738725              CB82-08 180.00 1633.5968 1633.6
1581011.045070 5097313.153129              CB82-08 181.00 1633.2112 1633.21
1580993.108143 5097330.567533              CB82-08 182.00 1632.9612 1632.96
1580975.171217 5097347.981937              CB82-08 183.00 1633.5382 1633.54
1580957.234291 5097365.396341              CB82-08 184.00 1634.8334 1634.83
1580903.423393 5097417.639669              CB82-08 187.00 1629.5162 1629.52
1580885.486467 5097435.054073              CB82-08 188.00 1627.2484 1627.25
1580867.549541 5097452.468477              CB82-08 189.00 1626.3457 1626.35
1580849.612615 5097469.882881              CB82-08 190.00 1629.1022 1629.1
1580795.801836 5097522.126093              CB82-08 193.00 1633.2402 1633.24
1580777.864910 5097539.540497              CB82-08 194.00 1631.1335 1631.13
1580759.927984 5097556.954901              CB82-08 195.00 1629.8024 1629.8
1580741.990939 5097574.369420              CB82-08 196.00 1628.2594 1628.26
1580724.054012 5097591.783824              CB82-08 197.00 1627.8374 1627.84
1580706.117086 5097609.198228              CB82-08 198.00 1628.2156 1628.22
1580688.180160 5097626.612632              CB82-08 199.00 1629.0280 1629.03
1580670.243234 5097644.027036              CB82-08 200.00 1629.9054 1629.91
1580652.306307 5097661.441440              CB82-08 201.00 1630.0562 1630.06
1580634.369381 5097678.855844              CB82-08 202.00 1629.0916 1629.09
1580616.432455 5097696.270248              CB82-08 203.00 1627.0156 1627.02
1580598.495529 5097713.684653              CB82-08 204.00 1625.3887 1625.39
1580580.558602 5097731.099057              CB82-08 205.00 1625.1006 1625.1
1580562.621676 5097748.513461              CB82-08 206.00 1625.4740 1625.47
1580544.684631 5097765.927980              CB82-08 207.00 1625.8250 1625.82
1580526.747705 5097783.342384              CB82-08 208.00 1626.1426 1626.14
1580436.888889 5097870.444445              CB82-08 213.00 1622.0790 1622.08
1580418.777778 5097887.888889              CB82-08 214.00 1622.9624 1622.96
1580400.666665 5097905.333335              CB82-08 215.00 1623.1058 1623.11
1580382.555555 5097922.777778              CB82-08 216.00 1623.0117 1623.01
1580364.444440 5097940.222226              CB82-08 217.00 1622.5737 1622.57
1580346.333330 5097957.666670              CB82-08 218.00 1622.6168 1622.62
1580328.222220 5097975.111113              CB82-08 219.00 1623.1798 1623.18
1580310.111110 5097992.555557              CB82-08 220.00 1624.1561 1624.16
1580292.000000 5098010.000000              CB82-08 221.00 1625.1570 1625.16
1580201.545452 5098095.000003              CB82-08 226.00 1622.4934 1622.49
1580183.454542 5098112.000003              CB82-08 227.00 1622.9312 1622.93
1580165.363639 5098128.999998              CB82-08 228.00 1622.5930 1622.59
1580147.272723 5098146.000004              CB82-08 229.00 1621.8976 1621.9
1580129.181819 5098162.999999              CB82-08 230.00 1621.1897 1621.19
1580111.090904 5098180.000005              CB82-08 231.00 1620.1560 1620.16
1580093.000000 5098197.000000              CB82-08 232.00 1618.7440 1618.74
1580074.666666 5098214.416667              CB82-08 233.00 1616.3506 1616.35
1580056.333332 5098231.833334              CB82-08 234.00 1614.0043 1614
1580038.000000 5098249.250000              CB82-08 235.00 1613.0037 1613
1580019.666664 5098266.666669              CB82-08 236.00 1616.3885 1616.39
1580001.333336 5098284.083331              CB82-08 237.00 1619.3314 1619.33
1579983.000000 5098301.500000              CB82-08 238.00 1620.2971 1620.3
1579964.666671 5098318.916663              CB82-08 239.00 1620.6161 1620.62
1579946.333329 5098336.333337              CB82-08 240.00 1619.9128 1619.91
1579928.000000 5098353.750000              CB82-08 241.00 1617.8839 1617.88
1579909.666671 5098371.166663              CB82-08 242.00 1615.9805 1615.98
1579891.333329 5098388.583337              CB82-08 243.00 1615.1652 1615.17
1579873.000000 5098406.000000              CB82-08 244.00 1615.7434 1615.74
1579855.000000 5098423.214286              CB82-08 245.00 1617.3905 1617.39
1579836.999999 5098440.428572              CB82-08 246.00 1618.4419 1618.44
1579818.999998 5098457.642859              CB82-08 247.00 1618.2534 1618.25
1579800.999999 5098474.857144              CB82-08 248.00 1618.1119 1618.11
1579783.000000 5098492.071429              CB82-08 249.00 1617.9904 1617.99
1579764.999995 5098509.285719              CB82-08 250.00 1617.7264 1617.73
1579746.999996 5098526.500004              CB82-08 251.00 1617.0358 1617.04
1579728.999997 5098543.714288              CB82-08 252.00 1614.1855 1614.19
1579710.999998 5098560.928573              CB82-08 253.00 1610.2186 1610.22
1579692.999999 5098578.142858              CB82-08 254.00 1609.1084 1609.11
1579674.999989 5098595.357153              CB82-08 255.00 1608.3816 1608.38
1579656.999990 5098612.571438              CB82-08 256.00 1608.0914 1608.09
1579638.999991 5098629.785722              CB82-08 257.00 1609.1349 1609.13
1579620.999992 5098647.000007              CB82-08 258.00 1621.2930 1621.29
1579602.999994 5098664.214292              CB82-08 259.00 1621.3541 1621.35
1579584.999995 5098681.428577              CB82-08 260.00 1620.6664 1620.67
1579566.999996 5098698.642861              CB82-08 261.00 1619.3275 1619.33
1579548.999997 5098715.857146              CB82-08 262.00 1618.3284 1618.33
1579530.999998 5098733.071431              CB82-08 263.00 1619.5378 1619.54
1579512.999999 5098750.285715              CB82-08 264.00 1621.3315 1621.33
1579495.000000 5098767.500000              CB82-08 265.00 1621.9906 1621.99
1579476.999979 5098784.714306              CB82-08 266.00 1620.8365 1620.84
1579459.000002 5098801.928569              CB82-08 267.00 1617.0438 1617.04
1579440.999981 5098819.142876              CB82-08 268.00 1616.0313 1616.03
1579423.000004 5098836.357139              CB82-08 269.00 1616.0393 1616.04
1579404.999983 5098853.571445              CB82-08 270.00 1615.9742 1615.97
1579387.000006 5098870.785708              CB82-08 271.00 1616.1414 1616.14
1579368.999985 5098888.000014              CB82-08 272.00 1616.8267 1616.83
1579351.000009 5098905.214278              CB82-08 273.00 1617.9827 1617.98
1579332.999987 5098922.428584              CB82-08 274.00 1618.7784 1618.78
1579315.000011 5098939.642847              CB82-08 275.00 1616.1932 1616.19
1579296.999989 5098956.857153              CB82-08 276.00 1614.1437 1614.14
1579279.000013 5098974.071416              CB82-08 277.00 1612.9242 1612.92
1579260.999991 5098991.285722              CB82-08 278.00 1612.3621 1612.36
1579243.000015 5099008.499986              CB82-08 279.00 1612.2582 1612.26
1579224.999994 5099025.714292              CB82-08 280.00 1612.7423 1612.74
1579207.000017 5099042.928555              CB82-08 281.00 1616.0557 1616.06
1579188.999996 5099060.142861              CB82-08 282.00 1618.6819 1618.68
1579171.000019 5099077.357124              CB82-08 283.00 1618.7560 1618.76
1579080.999999 5099163.695653              CB82-08 288.00 1611.9631 1611.96
1579063.000001 5099181.043478              CB82-08 289.00 1612.8097 1612.81
1579044.999999 5099198.391306              CB82-08 290.00 1613.1920 1613.19
1579027.000003 5099215.739128              CB82-08 291.00 1613.6641 1613.66
1579009.000001 5099233.086955              CB82-08 292.00 1614.2677 1614.27
1578991.000005 5099250.434777              CB82-08 293.00 1615.6228 1615.62
1578972.999997 5099267.782611              CB82-08 294.00 1617.3519 1617.35
1578955.000002 5099285.130433              CB82-08 295.00 1618.2083 1618.21
1578937.000006 5099302.478255              CB82-08 296.00 1618.0234 1618.02
1578918.999998 5099319.826089              CB82-08 297.00 1615.7456 1615.75
1578901.000002 5099337.173911              CB82-08 298.00 1613.4901 1613.49
1578883.000006 5099354.521733              CB82-08 299.00 1612.4531 1612.45
1578846.999990 5099389.217401              CB82-08 301.00 1611.8187 1611.82
1578828.999995 5099406.565223              CB82-08 302.00 1612.5077 1612.51
1578810.999999 5099423.913045              CB82-08 303.00 1613.5608 1613.56
1578793.000003 5099441.260866              CB82-08 304.00 1614.2133 1614.21
1578775.000008 5099458.608688              CB82-08 305.00 1613.8087 1613.81
1578757.000012 5099475.956510              CB82-08 306.00 1613.1161 1613.12
1578738.999991 5099493.304356              CB82-08 307.00 1613.2006 1613.2
1578720.999996 5099510.652178              CB82-08 308.00 1613.7550 1613.76
1578703.000000 5099528.000000              CB82-08 309.00 1613.7402 1613.74
1578685.270270 5099545.378379              CB82-08 310.00 1613.5438 1613.54
1578667.540540 5099562.756758              CB82-08 311.00 1613.3357 1613.34
1578649.810813 5099580.135133              CB82-08 312.00 1613.2761 1613.28
1578632.081079 5099597.513515              CB82-08 313.00 1613.1884 1613.19
1578614.351355 5099614.891888              CB82-08 314.00 1612.5538 1612.55
1578596.621626 5099632.270266              CB82-08 315.00 1610.7126 1610.71
1578578.891888 5099649.648653              CB82-08 316.00 1608.4768 1608.48
1578561.162159 5099667.027030              CB82-08 317.00 1607.4253 1607.43
1578543.432430 5099684.405408              CB82-08 318.00 1608.6266 1608.63
1578525.702711 5099701.783776              CB82-08 319.00 1609.7023 1609.7
1578507.972972 5099719.162163              CB82-08 320.00 1607.8409 1607.84
1578437.054056 5099788.675674              CB82-08 324.00 1608.8845 1608.88
1578419.324317 5099806.054061              CB82-08 325.00 1611.2661 1611.27
1578401.594598 5099823.432429              CB82-08 326.00 1610.4342 1610.43
1578383.864860 5099840.810816              CB82-08 327.00 1608.9423 1608.94
1578366.135140 5099858.189184              CB82-08 328.00 1607.9337 1607.93
1578348.405421 5099875.567552              CB82-08 329.00 1608.0856 1608.09
1578330.675663 5099892.945958              CB82-08 330.00 1609.3030 1609.3
1578312.945944 5099910.324326              CB82-08 331.00 1609.9292 1609.93
1578295.216225 5099927.702694              CB82-08 332.00 1609.9028 1609.9
1578277.486506 5099945.081062              CB82-08 333.00 1608.4115 1608.41
1578259.756747 5099962.459469              CB82-08 334.00 1601.9344 1601.93
1578242.027028 5099979.837837              CB82-08 335.00 1606.5731 1606.57
1578224.297309 5099997.216205              CB82-08 336.00 1608.2744 1608.27
1578206.567551 5100014.594611              CB82-08 337.00 1607.6139 1607.61
1578188.837831 5100031.972979              CB82-08 338.00 1607.5037 1607.5
1578171.108112 5100049.351347              CB82-08 339.00 1607.6536 1607.65
1578153.378393 5100066.729715              CB82-08 340.00 1608.5446 1608.54
1578135.648635 5100084.108122              CB82-08 341.00 1611.8501 1611.85
1578117.918916 5100101.486490              CB82-08 342.00 1614.1810 1614.18
1578100.189197 5100118.864858              CB82-08 343.00 1615.5851 1615.59
1578082.459477 5100136.243226              CB82-08 344.00 1618.2864 1618.29
1578047.000000 5100171.000000              CB82-08 346.00 1607.0890 1607.09
1578029.176471 5100188.764706              CB82-08 347.00 1607.2938 1607.29
1578011.352941 5100206.529412              CB82-08 348.00 1608.1057 1608.11
1577993.529410 5100224.294119              CB82-08 349.00 1607.9354 1607.94
1577975.705882 5100242.058824              CB82-08 350.00 1606.3414 1606.34
1577957.882349 5100259.823533              CB82-08 351.00 1605.5167 1605.52
1577940.058821 5100277.588238              CB82-08 352.00 1605.4437 1605.44
1577922.235293 5100295.352943              CB82-08 353.00 1605.9563 1605.96
1577904.411764 5100313.117648              CB82-08 354.00 1606.2939 1606.29
1577886.588227 5100330.882361              CB82-08 355.00 1606.0004 1606
1577868.764698 5100348.647066              CB82-08 356.00 1605.3201 1605.32
1577850.941170 5100366.411771              CB82-08 357.00 1605.0724 1605.07
1577833.117642 5100384.176476              CB82-08 358.00 1605.2251 1605.23
1577815.294113 5100401.941181              CB82-08 359.00 1604.9313 1604.93
1577797.470585 5100419.705886              CB82-08 360.00 1604.7089 1604.71
1577779.647057 5100437.470590              CB82-08 361.00 1605.2875 1605.29
1577761.823528 5100455.235295              CB82-08 362.00 1606.0330 1606.03
1577744.000000 5100473.000000              CB82-08 363.00 1606.9131 1606.91
1577726.384615 5100490.692308              CB82-08 364.00 1607.5013 1607.5
1577708.769229 5100508.384617              CB82-08 365.00 1607.5853 1607.59
1577691.153846 5100526.076923              CB82-08 366.00 1607.1710 1607.17
1577673.538459 5100543.769233              CB82-08 367.00 1606.3646 1606.36
1577655.923075 5100561.461540              CB82-08 368.00 1604.9717 1604.97
1577638.307692 5100579.153847              CB82-08 369.00 1602.9742 1602.97
1577620.692301 5100596.846160              CB82-08 370.00 1601.1375 1601.14
1577603.076918 5100614.538467              CB82-08 371.00 1601.2081 1601.21
1577585.461534 5100632.230773              CB82-08 372.00 1601.7241 1601.72
1577567.846151 5100649.923080              CB82-08 373.00 1601.7166 1601.72
1577550.230767 5100667.615387              CB82-08 374.00 1601.3163 1601.32
1577532.615384 5100685.307693              CB82-08 375.00 1600.8055 1600.81
1577515.000000 5100703.000000              CB82-08 376.00 1600.0364 1600.04
1577497.027778 5100720.250000              CB82-08 377.00 1598.5225 1598.52
1577479.055555 5100737.500000              CB82-08 378.00 1596.5731 1596.57
1577461.083332 5100754.750002              CB82-08 379.00 1597.0817 1597.08
1577443.111111 5100772.000001              CB82-08 380.00 1598.6958 1598.7
1577425.138885 5100789.250004              CB82-08 381.00 1598.9960 1599
1577407.166663 5100806.500003              CB82-08 382.00 1598.0985 1598.1
1577389.194442 5100823.750002              CB82-08 383.00 1598.1351 1598.14
1577371.222221 5100841.000001              CB82-08 384.00 1598.4867 1598.49
1577353.250000 5100858.250000              CB82-08 385.00 1598.9303 1598.93
1577335.277769 5100875.500008              CB82-08 386.00 1599.0833 1599.08
1577317.305558 5100892.749998              CB82-08 387.00 1598.2207 1598.22
1577299.333327 5100910.000006              CB82-08 388.00 1597.5481 1597.55
1577281.361115 5100927.249996              CB82-08 389.00 1597.8372 1597.84
1577263.388885 5100944.500004              CB82-08 390.00 1598.2396 1598.24
1577245.416673 5100961.749994              CB82-08 391.00 1597.8453 1597.85
1577227.444442 5100979.000002              CB82-08 392.00 1597.4921 1597.49
1577209.472231 5100996.249992              CB82-08 393.00 1597.6968 1597.7
1577191.500000 5101013.500000              CB82-08 394.00 1597.8190 1597.82
1577173.527769 5101030.750008              CB82-08 395.00 1597.9019 1597.9
1577155.555538 5101048.000016              CB82-08 396.00 1597.5968 1597.6
1577137.583346 5101065.249988              CB82-08 397.00 1596.5255 1596.53
1577119.611115 5101082.499996              CB82-08 398.00 1594.6241 1594.62
1577101.638885 5101099.750004              CB82-08 399.00 1593.3668 1593.37
1577083.666654 5101117.000012              CB82-08 400.00 1592.4230 1592.42
1577065.694462 5101134.249984              CB82-08 401.00 1592.1741 1592.17
1577047.722231 5101151.499992              CB82-08 402.00 1591.8202 1591.82
1577029.750000 5101168.750000              CB82-08 403.00 1591.3313 1591.33
1577011.777769 5101186.000008              CB82-08 404.00 1591.6523 1591.65
1576993.805538 5101203.250016              CB82-08 405.00 1593.2589 1593.26
1576975.833346 5101220.499988              CB82-08 406.00 1594.3431 1594.34
1576957.861115 5101237.749996              CB82-08 407.00 1595.0919 1595.09
1576939.888885 5101255.000004              CB82-08 408.00 1594.8506 1594.85
1576921.916654 5101272.250012              CB82-08 409.00 1594.4519 1594.45
1576903.944462 5101289.499984              CB82-08 410.00 1592.8877 1592.89
1576885.972231 5101306.749992              CB82-08 411.00 1591.3090 1591.31
1576757.000000 5101424.125000              CB82-08 418.00 1599.5883 1599.59
1576738.500000 5101440.812500              CB82-08 419.00 1599.9404 1599.94
1576720.000000 5101457.500000              CB82-08 420.00 1600.5028 1600.5
1576701.500000 5101474.187500              CB82-08 421.00 1602.6593 1602.66
1576664.500000 5101507.562500              CB82-08 423.00 1598.0167 1598.02
1576646.000000 5101524.250000              CB82-08 424.00 1598.4333 1598.43
1576627.500000 5101540.937500              CB82-08 425.00 1598.8113 1598.81
1576609.000000 5101557.625000              CB82-08 426.00 1599.2217 1599.22
1576590.500000 5101574.312500              CB82-08 427.00 1599.2195 1599.22
1576572.000000 5101591.000000              CB82-08 428.00 1599.9906 1599.99
1576554.157895 5101608.157895              CB82-08 429.00 1600.1693 1600.17
1576536.315789 5101625.315790              CB82-08 430.00 1599.3822 1599.38
1576518.473686 5101642.473682              CB82-08 431.00 1599.3300 1599.33
1576500.631578 5101659.631579              CB82-08 432.00 1600.1311 1600.13
1576482.789470 5101676.789477              CB82-08 433.00 1601.1995 1601.2
1576464.947373 5101693.947364              CB82-08 434.00 1602.6802 1602.68
1576429.263157 5101728.263159              CB82-08 436.00 1593.8199 1593.82
1576411.421049 5101745.421056              CB82-08 437.00 1595.5535 1595.55
1576393.578941 5101762.578954              CB82-08 438.00 1597.3434 1597.34
1576375.736843 5101779.736841              CB82-08 439.00 1598.3879 1598.39
1576357.894745 5101796.894729              CB82-08 440.00 1597.9436 1597.94
1576340.052627 5101814.052636              CB82-08 441.00 1595.6787 1595.68
1576322.210530 5101831.210523              CB82-08 442.00 1594.4011 1594.4
1576304.368411 5101848.368430              CB82-08 443.00 1594.0400 1594.04
1576286.526314 5101865.526318              CB82-08 444.00 1593.5385 1593.54
1576268.684216 5101882.684205              CB82-08 445.00 1592.3967 1592.4
1576250.842098 5101899.842112              CB82-08 446.00 1588.9969 1589
1576233.000000 5101917.000000              CB82-08 447.00 1581.9453 1581.95
1576215.126761 5101934.450704              CB82-08 448.00 1582.4963 1582.5
1576197.253522 5101951.901408              CB82-08 449.00 1584.2061 1584.21
1576179.380283 5101969.352112              CB82-08 450.00 1587.8776 1587.88
1576161.507044 5101986.802816              CB82-08 451.00 1591.0798 1591.08
1576143.633800 5102004.253524              CB82-08 452.00 1591.4507 1591.45
1576125.760565 5102021.704223              CB82-08 453.00 1590.9956 1591
1576107.887322 5102039.154932              CB82-08 454.00 1591.4500 1591.45
1576090.014087 5102056.605631              CB82-08 455.00 1592.4734 1592.47
1576054.267600 5102091.507048              CB82-08 457.00 1591.5880 1591.59
1576018.521131 5102126.408447              CB82-08 459.00 1589.6229 1589.62
1576000.647896 5102143.859146              CB82-08 460.00 1588.6616 1588.66
1575982.774643 5102161.309864              CB82-08 461.00 1586.4296 1586.43
1575964.901409 5102178.760563              CB82-08 462.00 1583.7920 1583.79
1575947.028174 5102196.211262              CB82-08 463.00 1584.5526 1584.55
1575929.154921 5102213.661980              CB82-08 464.00 1585.5331 1585.53
1575911.281706 5102231.112661              CB82-08 465.00 1584.3162 1584.32
1575893.408452 5102248.563379              CB82-08 466.00 1583.3003 1583.3
1575875.535199 5102266.014096              CB82-08 467.00 1582.9865 1582.99
1575857.661984 5102283.464777              CB82-08 468.00 1582.3683 1582.37
1575839.788730 5102300.915495              CB82-08 469.00 1580.3292 1580.33
1575821.915477 5102318.366213              CB82-08 470.00 1573.6932 1573.69
1575804.042262 5102335.816894              CB82-08 471.00 1572.4868 1572.49
1575786.169008 5102353.267611              CB82-08 472.00 1574.5394 1574.54
1575768.295793 5102370.718292              CB82-08 473.00 1576.5817 1576.58
1575750.422539 5102388.169010              CB82-08 474.00 1577.7799 1577.78
1575732.549286 5102405.619728              CB82-08 475.00 1578.3173 1578.32
1575714.676071 5102423.070408              CB82-08 476.00 1576.7991 1576.8
1575696.802817 5102440.521126              CB82-08 477.00 1573.9978 1574
1575678.929564 5102457.971844              CB82-08 478.00 1573.6068 1573.61
1575661.056349 5102475.422525              CB82-08 479.00 1575.2532 1575.25
1575643.183095 5102492.873243              CB82-08 480.00 1578.3237 1578.32
1575625.309842 5102510.323960              CB82-08 481.00 1579.8422 1579.84
1575589.563411 5102545.225322              CB82-08 483.00 1579.8794 1579.88
1575553.816905 5102580.126757              CB82-08 485.00 1570.1201 1570.12
1575535.943651 5102597.577475              CB82-08 486.00 1569.6787 1569.68
1575518.070398 5102615.028193              CB82-08 487.00 1569.8334 1569.83
1575500.197220 5102632.478837              CB82-08 488.00 1571.3094 1571.31
1575482.323967 5102649.929555              CB82-08 489.00 1571.8712 1571.87
1575464.450714 5102667.380272              CB82-08 490.00 1571.8522 1571.85
1575446.577461 5102684.830990              CB82-08 491.00 1572.4531 1572.45
1575428.704207 5102702.281708              CB82-08 492.00 1572.7524 1572.75
1575410.830954 5102719.732426              CB82-08 493.00 1572.2090 1572.21
1575392.957776 5102737.183069              CB82-08 494.00 1570.6813 1570.68
1575375.084523 5102754.633787              CB82-08 495.00 1572.1029 1572.1
1575357.211270 5102772.084505              CB82-08 496.00 1574.6270 1574.63
1575339.338016 5102789.535223              CB82-08 497.00 1573.9263 1573.93
1575321.464763 5102806.985940              CB82-08 498.00 1572.1927 1572.19
1575303.591586 5102824.436584              CB82-08 499.00 1571.2496 1571.25
1575285.718332 5102841.887302              CB82-08 500.00 1570.9976 1571
1575267.845079 5102859.338020              CB82-08 501.00 1571.1426 1571.14
1575249.971826 5102876.788738              CB82-08 502.00 1574.5790 1574.58
1575232.098572 5102894.239455              CB82-08 503.00 1575.9041 1575.9
1575214.225319 5102911.690173              CB82-08 504.00 1575.9897 1575.99
1575196.352141 5102929.140817              CB82-08 505.00 1575.5736 1575.57
1575178.478888 5102946.591535              CB82-08 506.00 1575.0841 1575.08
1575160.605635 5102964.042252              CB82-08 507.00 1574.4834 1574.48
1575142.732382 5102981.492970              CB82-08 508.00 1573.6399 1573.64
1575124.859128 5102998.943688              CB82-08 509.00 1573.0787 1573.08
1575089.112697 5103033.845050              CB82-08 511.00 1572.8557 1572.86
1575071.239444 5103051.295767              CB82-08 512.00 1572.5652 1572.57
1575053.366191 5103068.746485              CB82-08 513.00 1572.0565 1572.06
1575035.492938 5103086.197203              CB82-08 514.00 1571.6082 1571.61
1575017.619684 5103103.647921              CB82-08 515.00 1571.7023 1571.7
1574999.746507 5103121.098565              CB82-08 516.00 1572.4475 1572.45
1574981.873253 5103138.549282              CB82-08 517.00 1572.7209 1572.72
1574964.000000 5103156.000000              CB82-08 518.00 1572.7062 1572.71
1574946.571428 5103173.571429              CB82-08 519.00 1572.2156 1572.22
1574929.142856 5103191.142859              CB82-08 520.00 1571.4891 1571.49
1574911.714285 5103208.714286              CB82-08 521.00 1570.7756 1570.78
1574894.285711 5103226.285717              CB82-08 522.00 1570.1869 1570.19
1574876.857141 5103243.857145              CB82-08 523.00 1569.8256 1569.83
1574859.428570 5103261.428572              CB82-08 524.00 1568.8571 1568.86
1574842.000000 5103279.000000              CB82-08 525.00 1568.1002 1568.1
1574824.111111 5103296.777778              CB82-08 526.00 1567.7704 1567.77
1574806.222222 5103314.555556              CB82-08 527.00 1569.4039 1569.4
1574788.333332 5103332.333335              CB82-08 528.00 1570.8153 1570.82
1574770.444444 5103350.111112              CB82-08 529.00 1570.9630 1570.96
1574752.555551 5103367.888893              CB82-08 530.00 1570.3018 1570.3
1574734.666663 5103385.666670              CB82-08 531.00 1569.6254 1569.63
1574716.777776 5103403.444447              CB82-08 532.00 1568.7513 1568.75
1574698.888888 5103421.222223              CB82-08 533.00 1568.7024 1568.7
1574681.000000 5103439.000000              CB82-08 534.00 1568.8260 1568.83
1574663.000000 5103456.200000              CB82-08 535.00 1568.3549 1568.35
1574555.000002 5103559.399998              CB82-08 541.00 1566.5737 1566.57
1574536.999998 5103576.600002              CB82-08 542.00 1565.9031 1565.9
1574519.000004 5103593.799996              CB82-08 543.00 1565.6526 1565.65
1574501.000000 5103611.000000              CB82-08 544.00 1565.7075 1565.71
1574483.142856 5103628.571429              CB82-08 545.00 1565.6262 1565.63
1574465.285713 5103646.142859              CB82-08 546.00 1565.7979 1565.8
1574447.428571 5103663.714286              CB82-08 547.00 1566.3864 1566.39
1574429.571425 5103681.285717              CB82-08 548.00 1567.2140 1567.21
1574411.714284 5103698.857145              CB82-08 549.00 1567.0187 1567.02
1574393.857142 5103716.428572              CB82-08 550.00 1565.2361 1565.24
1574376.000000 5103734.000000              CB82-08 551.00 1560.7090 1560.71
1574357.941176 5103751.176471              CB82-08 552.00 1559.5303 1559.53
1574267.647056 5103837.058826              CB82-08 557.00 1561.5662 1561.57
1574249.588234 5103854.235296              CB82-08 558.00 1560.8140 1560.81
1574231.529411 5103871.411765              CB82-08 559.00 1558.8103 1558.81
1574213.470580 5103888.588243              CB82-08 560.00 1558.7992 1558.8
1574195.411757 5103905.764713              CB82-08 561.00 1559.5731 1559.57
1574177.352935 5103922.941183              CB82-08 562.00 1561.5696 1561.57
1574159.294112 5103940.117652              CB82-08 563.00 1563.2445 1563.24
1574032.000000 5104059.750000              CB82-08 570.00 1558.4467 1558.45
1574013.500000 5104076.625000              CB82-08 571.00 1559.9756 1559.98
1573995.000000 5104093.500000              CB82-08 572.00 1564.4117 1564.41
1573976.500000 5104110.375000              CB82-08 573.00 1565.9989 1566
1573939.500000 5104144.125000              CB82-08 575.00 1552.0295 1552.03
1573921.000000 5104161.000000              CB82-08 576.00 1551.8434 1551.84
1573903.071428 5104178.285715              CB82-08 577.00 1553.1537 1553.15
1573885.142856 5104195.571429              CB82-08 578.00 1554.5275 1554.53
1573867.214283 5104212.857145              CB82-08 579.00 1556.0211 1556.02
1573849.285713 5104230.142858              CB82-08 580.00 1556.5170 1556.52
1573831.357143 5104247.428572              CB82-08 581.00 1555.2544 1555.25
1573813.428567 5104264.714290              CB82-08 582.00 1553.7843 1553.78
1573795.499996 5104282.000004              CB82-08 583.00 1551.6527 1551.65
1573723.785704 5104351.142867              CB82-08 587.00 1556.6990 1556.7
1573705.857133 5104368.428581              CB82-08 588.00 1556.4374 1556.44
1573687.928563 5104385.714294              CB82-08 589.00 1556.2290 1556.23
1573669.999993 5104403.000007              CB82-08 590.00 1556.3242 1556.32
1573652.071422 5104420.285720              CB82-08 591.00 1556.3053 1556.31
1573634.142852 5104437.571434              CB82-08 592.00 1556.7109 1556.71
1573616.214281 5104454.857147              CB82-08 593.00 1557.9156 1557.92
1573598.285711 5104472.142860              CB82-08 594.00 1559.6427 1559.64
1573580.357141 5104489.428573              CB82-08 595.00 1560.8687 1560.87
1573562.428570 5104506.714287              CB82-08 596.00 1561.5819 1561.58
1573490.714266 5104575.857161              CB82-08 600.00 1551.4510 1551.45
1573472.785719 5104593.142853              CB82-08 601.00 1551.6271 1551.63
1573454.857126 5104610.428588              CB82-08 602.00 1552.0549 1552.05
1573436.928578 5104627.714280              CB82-08 603.00 1551.8699 1551.87
1573418.999985 5104645.000014              CB82-08 604.00 1556.7581 1556.76
1573401.071437 5104662.285706              CB82-08 605.00 1560.3129 1560.31
1573383.142844 5104679.571441              CB82-08 606.00 1559.3958 1559.4
1573365.214296 5104696.857133              CB82-08 607.00 1557.7196 1557.72
1573347.285704 5104714.142867              CB82-08 608.00 1556.5972 1556.6
1573329.357156 5104731.428559              CB82-08 609.00 1555.9940 1555.99
1573311.428563 5104748.714294              CB82-08 610.00 1556.1132 1556.11
1573293.500015 5104765.999986              CB82-08 611.00 1556.3715 1556.37
1573275.571422 5104783.285720              CB82-08 612.00 1554.0873 1554.09
1573257.642874 5104800.571412              CB82-08 613.00 1551.4404 1551.44
1573239.714281 5104817.857147              CB82-08 614.00 1550.0240 1550.02
1573221.785734 5104835.142839              CB82-08 615.00 1549.2604 1549.26
1573203.857141 5104852.428573              CB82-08 616.00 1548.3660 1548.37
1573185.928593 5104869.714265              CB82-08 617.00 1547.2159 1547.22
1573168.000000 5104887.000000              CB82-08 618.00 1546.8927 1546.89
1573149.793104 5104904.241379              CB82-08 619.00 1548.2126 1548.21
1573131.586207 5104921.482758              CB82-08 620.00 1549.9515 1549.95
1573113.379309 5104938.724140              CB82-08 621.00 1550.8311 1550.83
1573095.172414 5104955.965517              CB82-08 622.00 1551.6937 1551.69
1573076.965516 5104973.206898              CB82-08 623.00 1553.2831 1553.28
1573040.551727 5105007.689653              CB82-08 625.00 1554.1604 1554.16
1573022.344828 5105024.931034              CB82-08 626.00 1552.6113 1552.61
1573004.137938 5105042.172408              CB82-08 627.00 1550.5942 1550.59
1572985.931031 5105059.413796              CB82-08 628.00 1550.0682 1550.07
1572967.724141 5105076.655170              CB82-08 629.00 1549.9054 1549.91
1572949.517234 5105093.896558              CB82-08 630.00 1549.3163 1549.32
1572931.310344 5105111.137932              CB82-08 631.00 1548.5560 1548.56
1572913.103453 5105128.379306              CB82-08 632.00 1545.0446 1545.04
1572894.896563 5105145.620679              CB82-08 633.00 1541.7780 1541.78
1572876.689656 5105162.862068              CB82-08 634.00 1539.5999 1539.6
1572858.482750 5105180.103456              CB82-08 635.00 1538.7163 1538.72
1572840.275875 5105197.344815              CB82-08 636.00 1538.5869 1538.59
1572822.068969 5105214.586204              CB82-08 637.00 1538.5128 1538.51
1572803.862062 5105231.827592              CB82-08 638.00 1538.2375 1538.24
1572785.655188 5105249.068951              CB82-08 639.00 1539.3705 1539.37
1572767.448281 5105266.310340              CB82-08 640.00 1540.2458 1540.25
1572749.241375 5105283.551728              CB82-08 641.00 1540.6948 1540.69
1572731.034469 5105300.793117              CB82-08 642.00 1541.8544 1541.85
1572712.827594 5105318.034476              CB82-08 643.00 1542.8096 1542.81
1572658.206906 5105369.758611              CB82-08 646.00 1535.1664 1535.17
1572604.399998 5105421.400002              CB82-08 649.00 1530.5684 1530.57
1572586.599999 5105438.600001              CB82-08 650.00 1531.6003 1531.6
1572568.799996 5105455.800004              CB82-08 651.00 1532.2930 1532.29
1572550.999997 5105473.000003              CB82-08 652.00 1533.9911 1533.99
1572533.199998 5105490.200002              CB82-08 653.00 1534.1260 1534.13
1572515.399999 5105507.400001              CB82-08 654.00 1534.4760 1534.48
1572444.199996 5105576.200004              CB82-08 658.00 1514.8237 1514.82
1572426.399997 5105593.400003              CB82-08 659.00 1511.9727 1511.97
1572408.599998 5105610.600002              CB82-08 660.00 1509.9811 1509.98
1572390.799999 5105627.800001              CB82-08 661.00 1507.8713 1507.87
1572373.000000 5105645.000000              CB82-08 662.00 1505.3837 1505.38
1572355.000000 5105662.500000              CB82-08 663.00 1502.7318 1502.73
1572336.999999 5105680.000001              CB82-08 664.00 1500.8844 1500.88
1572318.999998 5105697.500002              CB82-08 665.00 1498.9037 1498.9
1572300.999999 5105715.000001              CB82-08 666.00 1498.3864 1498.39
1572283.000000 5105732.500000              CB82-08 667.00 1498.4938 1498.49
1572157.599999 5105855.800001              CB82-08 674.00 1477.9055 1477.91
1572139.899998 5105873.700002              CB82-08 675.00 1470.4028 1470.4
1572122.199999 5105891.600001              CB82-08 676.00 1465.2954 1465.3
1572104.500000 5105909.500000              CB82-08 677.00 1462.5747 1462.57
1572086.799996 5105927.400004              CB82-08 678.00 1459.1644 1459.16
1572069.100002 5105945.299998              CB82-08 679.00 1455.4973 1455.5
1572051.399998 5105963.200002              CB82-08 680.00 1452.0055 1452.01
1572033.700004 5105981.099996              CB82-08 681.00 1450.2661 1450.27
1572016.000000 5105999.000000              CB82-08 682.00 1448.3687 1448.37
1571999.000000 5106015.750000              CB82-08 683.00 1447.4169 1447.42
1571948.000000 5106066.000000              CB82-08 686.00 1428.3966 1428.4
1571930.300000 5106083.500000              CB82-08 687.00 1428.0585 1428.06
1571912.599999 5106101.000001              CB82-08 688.00 1426.3989 1426.4
1571894.899998 5106118.500002              CB82-08 689.00 1424.7056 1424.71
1571824.100002 5106188.499998              CB82-08 693.00 1424.9183 1424.92
1571806.399998 5106206.000002              CB82-08 694.00 1422.5190 1422.52
1571788.700004 5106223.499996              CB82-08 695.00 1419.4598 1419.46
1571771.000000 5106241.000000              CB82-08 696.00 1416.7899 1416.79
1571752.945946 5106258.351352              CB82-08 697.00 1416.6576 1416.66
1571734.891891 5106275.702704              CB82-08 698.00 1421.0575 1421.06
1571716.837840 5106293.054052              CB82-08 699.00 1423.4677 1423.47
1571698.783782 5106310.405407              CB82-08 700.00 1421.2589 1421.26
1571680.729734 5106327.756753              CB82-08 701.00 1419.8983 1419.9
1571662.675681 5106345.108103              CB82-08 702.00 1420.0463 1420.05
1571644.621617 5106362.459464              CB82-08 703.00 1420.3923 1420.39
1571626.567564 5106379.810814              CB82-08 704.00 1420.1011 1420.1
1571608.513511 5106397.162165              CB82-08 705.00 1418.8152 1418.82
1571590.459468 5106414.513506              CB82-08 706.00 1415.9635 1415.96
1571572.405404 5106431.864866              CB82-08 707.00 1414.6691 1414.67
1571554.351361 5106449.216207              CB82-08 708.00 1414.9209 1414.92
1571536.297298 5106466.567567              CB82-08 709.00 1414.0610 1414.06
1571518.243235 5106483.918927              CB82-08 710.00 1412.9911 1412.99
1571500.189191 5106501.270268              CB82-08 711.00 1412.6342 1412.63
1571482.135128 5106518.621628              CB82-08 712.00 1412.3409 1412.34
1571464.081085 5106535.972969              CB82-08 713.00 1410.8601 1410.86
1571446.027022 5106553.324329              CB82-08 714.00 1409.8811 1409.88
1571427.972978 5106570.675671              CB82-08 715.00 1409.8516 1409.85
1571409.918935 5106588.027012              CB82-08 716.00 1410.1587 1410.16
1571391.864852 5106605.378391              CB82-08 717.00 1412.2372 1412.24
1571373.810809 5106622.729732              CB82-08 718.00 1414.2902 1414.29
1571355.756765 5106640.081073              CB82-08 719.00 1414.8700 1414.87
1571337.702722 5106657.432414              CB82-08 720.00 1415.1826 1415.18
1571319.648639 5106674.783793              CB82-08 721.00 1416.0400 1416.04
1571301.594596 5106692.135134              CB82-08 722.00 1416.4375 1416.44
1571283.540552 5106709.486475              CB82-08 723.00 1416.5392 1416.54
1571265.486469 5106726.837854              CB82-08 724.00 1416.4498 1416.45
1571247.432426 5106744.189195              CB82-08 725.00 1415.5677 1415.57
1571229.378383 5106761.540536              CB82-08 726.00 1413.4333 1413.43
1571211.324339 5106778.891877              CB82-08 727.00 1413.3113 1413.31
1571193.270256 5106796.243257              CB82-08 728.00 1413.8876 1413.89
1571175.216213 5106813.594598              CB82-08 729.00 1413.4420 1413.44
1571157.162170 5106830.945939              CB82-08 730.00 1409.6870 1409.69
1571139.108126 5106848.297280              CB82-08 731.00 1407.9440 1407.94
1571121.054043 5106865.648659              CB82-08 732.00 1412.1329 1412.13
1571103.000000 5106883.000000              CB82-08 733.00 1415.8816 1415.88
1571084.583333 5106899.833334              CB82-08 734.00 1415.7539 1415.75
1571066.166666 5106916.666668              CB82-08 735.00 1414.5914 1414.59
1571047.750000 5106933.500000              CB82-08 736.00 1412.7858 1412.79
1571029.333331 5106950.333335              CB82-08 737.00 1410.8699 1410.87
1571010.916669 5106967.166665              CB82-08 738.00 1409.7103 1409.71
1570992.500000 5106984.000000              CB82-08 739.00 1409.8395 1409.84
1570974.083338 5107000.833329              CB82-08 740.00 1410.1705 1410.17
1570955.666662 5107017.666671              CB82-08 741.00 1411.0854 1411.09
1570937.250000 5107034.500000              CB82-08 742.00 1411.8597 1411.86
1570918.833338 5107051.333329              CB82-08 743.00 1411.5315 1411.53
1570900.416662 5107068.166671              CB82-08 744.00 1410.7728 1410.77
1570882.000000 5107085.000000              CB82-08 745.00 1409.9324 1409.93
1570863.749999 5107102.035715              CB82-08 746.00 1409.3854 1409.39
1570845.499998 5107119.071430              CB82-08 747.00 1409.3706 1409.37
1570827.249999 5107136.107143              CB82-08 748.00 1409.7644 1409.76
1570808.999997 5107153.142860              CB82-08 749.00 1410.2614 1410.26
1570790.749998 5107170.178573              CB82-08 750.00 1410.3744 1410.37
1570754.250000 5107204.250000              CB82-08 752.00 1410.5223 1410.52
1570735.999993 5107221.285720              CB82-08 753.00 1409.5995 1409.6
1570717.750002 5107238.321427              CB82-08 754.00 1408.3102 1408.31
1570699.499996 5107255.357147              CB82-08 755.00 1406.1475 1406.15
1570681.250004 5107272.392853              CB82-08 756.00 1404.9598 1404.96
1570662.999998 5107289.428573              CB82-08 757.00 1405.9147 1405.91
1570644.750007 5107306.464280              CB82-08 758.00 1407.9473 1407.95
1570626.500000 5107323.500000              CB82-08 759.00 1408.3363 1408.34
1570608.250009 5107340.535706              CB82-08 760.00 1408.2596 1408.26
1570589.999987 5107357.571441              CB82-08 761.00 1408.0602 1408.06
1570571.749996 5107374.607147              CB82-08 762.00 1408.3818 1408.38
1570516.999991 5107425.714294              CB82-08 765.00 1402.9144 1402.91
1570498.750000 5107442.750000              CB82-08 766.00 1402.7725 1402.77
1570480.500009 5107459.785706              CB82-08 767.00 1402.9314 1402.93
1570462.249987 5107476.821441              CB82-08 768.00 1402.9225 1402.92
1570443.999996 5107493.857147              CB82-08 769.00 1402.6307 1402.63
1570425.750004 5107510.892853              CB82-08 770.00 1401.6489 1401.65
1570371.000000 5107562.000000              CB82-08 773.00 1411.5707 1411.57
1570352.500000 5107579.500000              CB82-08 774.00 1408.0428 1408.04
1570334.000000 5107597.000000              CB82-08 775.00 1405.7045 1405.7
1570243.428571 5107683.428572              CB82-08 780.00 1407.4969 1407.5
1570225.571425 5107700.571432              CB82-08 781.00 1407.7108 1407.71
1570207.714284 5107717.714288              CB82-08 782.00 1407.9298 1407.93
1570189.857142 5107734.857144              CB82-08 783.00 1407.3365 1407.34
1570172.000000 5107752.000000              CB82-08 784.00 1406.3917 1406.39
1570154.315789 5107769.473684              CB82-08 785.00 1406.2112 1406.21
1570136.631579 5107786.947369              CB82-08 786.00 1405.9327 1405.93
1570118.947371 5107804.421051              CB82-08 787.00 1406.5540 1406.55
1570101.263157 5107821.894737              CB82-08 788.00 1408.2345 1408.23
1570083.578944 5107839.368424              CB82-08 789.00 1409.9866 1409.99
1570065.894741 5107856.842101              CB82-08 790.00 1410.7278 1410.73
1570048.210528 5107874.315788              CB82-08 791.00 1411.0649 1411.06
1570030.526315 5107891.789475              CB82-08 792.00 1409.9222 1409.92
1570012.842102 5107909.263162              CB82-08 793.00 1406.5520 1406.55
1569995.157888 5107926.736848              CB82-08 794.00 1406.2952 1406.3
1569977.473685 5107944.210525              CB82-08 795.00 1407.9066 1407.91
1569959.789482 5107961.684202              CB82-08 796.00 1409.1006 1409.1
1569942.105259 5107979.157899              CB82-08 797.00 1410.5011 1410.5
1569924.421056 5107996.631576              CB82-08 798.00 1410.4100 1410.41
1569906.736833 5108014.105273              CB82-08 799.00 1409.3859 1409.39
1569889.052629 5108031.578949              CB82-08 800.00 1410.3510 1410.35
1569871.368426 5108049.052626              CB82-08 801.00 1412.8804 1412.88
1569853.684203 5108066.526323              CB82-08 802.00 1415.7659 1415.77
1569836.000000 5108084.000000              CB82-08 803.00 1418.7142 1418.71
1569818.499999 5108101.666667              CB82-08 804.00 1418.9524 1418.95
1569800.999999 5108119.333334              CB82-08 805.00 1415.9410 1415.94
1569783.500000 5108137.000000              CB82-08 806.00 1414.8651 1414.87
1569765.999998 5108154.666669              CB82-08 807.00 1415.4707 1415.47
1569748.500002 5108172.333331              CB82-08 808.00 1416.2393 1416.24
1569731.000000 5108190.000000              CB82-08 809.00 1418.1637 1418.16
1569713.500004 5108207.666662              CB82-08 810.00 1419.8655 1419.87
1569695.999996 5108225.333338              CB82-08 811.00 1420.6575 1420.66
1569643.499996 5108278.333338              CB82-08 814.00 1425.9965 1426
1569626.000000 5108296.000000              CB82-08 815.00 1425.6033 1425.6
1569608.785714 5108313.285715              CB82-08 816.00 1424.7860 1424.79
1569591.571427 5108330.571430              CB82-08 817.00 1424.0210 1424.02
1569574.357142 5108347.857143              CB82-08 818.00 1423.9042 1423.9
1569557.142854 5108365.142860              CB82-08 819.00 1429.6622 1429.66
1569539.928569 5108382.428573              CB82-08 820.00 1435.1095 1435.11
1569522.714285 5108399.714287              CB82-08 821.00 1437.3068 1437.31
1569505.500000 5108417.000000              CB82-08 822.00 1438.1685 1438.17
1569471.071431 5108451.571427              CB82-08 824.00 1434.3206 1434.32
1569453.857139 5108468.857147              CB82-08 825.00 1436.0686 1436.07
1569436.642861 5108486.142853              CB82-08 826.00 1439.2159 1439.22
1569419.428569 5108503.428573              CB82-08 827.00 1441.6460 1441.65
1569402.214292 5108520.714280              CB82-08 828.00 1444.7062 1444.71
1569385.000000 5108538.000000              CB82-08 829.00 1447.2090 1447.21
1569367.125000 5108555.687500              CB82-08 830.00 1449.0195 1449.02
1569349.250000 5108573.375000              CB82-08 831.00 1449.2061 1449.21
1569331.375000 5108591.062500              CB82-08 832.00 1449.2314 1449.23
1569313.500000 5108608.750000              CB82-08 833.00 1450.0281 1450.03
1569295.625000 5108626.437500              CB82-08 834.00 1451.4918 1451.49
1569277.750000 5108644.125000              CB82-08 835.00 1453.4136 1453.41
1569259.875000 5108661.812500              CB82-08 836.00 1455.5431 1455.54
1569242.000000 5108679.500000              CB82-08 837.00 1457.2994 1457.3
1569224.125000 5108697.187500              CB82-08 838.00 1458.8992 1458.9
1569206.250000 5108714.875000              CB82-08 839.00 1459.5753 1459.58
1569188.375000 5108732.562500              CB82-08 840.00 1461.4630 1461.46
1569170.500000 5108750.250000              CB82-08 841.00 1464.1827 1464.18
1569152.625000 5108767.937500              CB82-08 842.00 1466.7633 1466.76
1569134.750000 5108785.625000              CB82-08 843.00 1468.1960 1468.2
1569116.875000 5108803.312500              CB82-08 844.00 1469.7576 1469.76
1569099.000000 5108821.000000              CB82-08 845.00 1471.2852 1471.29
1569080.954545 5108838.272728              CB82-08 846.00 1473.0538 1473.05
1569062.909090 5108855.545456              CB82-08 847.00 1474.0599 1474.06
1569044.863635 5108872.818183              CB82-08 848.00 1475.1951 1475.2
1568972.681820 5108941.909089              CB82-08 852.00 1474.8613 1474.86
1568882.454539 5109028.272733              CB82-08 857.00 1492.5220 1492.52
1568864.409102 5109045.545444              CB82-08 858.00 1495.8770 1495.88
1568846.363641 5109062.818178              CB82-08 859.00 1497.7732 1497.77
1568828.318180 5109080.090911              CB82-08 860.00 1499.0502 1499.05
1568810.272719 5109097.363645              CB82-08 861.00 1500.2504 1500.25
1568577.444444 5109322.000001              CB82-08 874.00 1472.7311 1472.73
1568559.555551 5109339.000004              CB82-08 875.00 1471.2162 1471.22
1568541.666663 5109356.000003              CB82-08 876.00 1468.3458 1468.35
1568451.750000 5109441.875000              CB82-08 881.00 1445.9757 1445.98
1568433.625000 5109459.312500              CB82-08 882.00 1442.8014 1442.8
1568415.500000 5109476.750000              CB82-08 883.00 1438.4220 1438.42
1568397.375000 5109494.187500              CB82-08 884.00 1437.3423 1437.34
1568379.250000 5109511.625000              CB82-08 885.00 1434.5193 1434.52
1568361.125000 5109529.062500              CB82-08 886.00 1430.1149 1430.11
1568343.000000 5109546.500000              CB82-08 887.00 1428.5089 1428.51
1568306.750000 5109581.375000              CB82-08 889.00 1415.0072 1415.01
1568288.625000 5109598.812500              CB82-08 890.00 1411.5662 1411.57
1568270.500000 5109616.250000              CB82-08 891.00 1409.9403 1409.94
1568252.375000 5109633.687500              CB82-08 892.00 1406.1133 1406.11
1568234.250000 5109651.125000              CB82-08 893.00 1403.6583 1403.66
1568216.125000 5109668.562500              CB82-08 894.00 1402.5846 1402.58
1568162.000000 5109720.370371              CB82-08 897.00 1390.6400 1390.64
1568144.000000 5109737.555556              CB82-08 898.00 1388.0654 1388.07
1568125.999999 5109754.740741              CB82-08 899.00 1386.4818 1386.48
1568108.000003 5109771.925923              CB82-08 900.00 1385.0455 1385.05
1568089.999999 5109789.111112              CB82-08 901.00 1382.4708 1382.47
1568053.999999 5109823.481483              CB82-08 903.00 1377.0383 1377.04
1567819.999994 5110046.888895              CB82-08 916.00 1361.8524 1361.85
1567802.000004 5110064.074070              CB82-08 917.00 1361.5790 1361.58
1567783.999986 5110081.259273              CB82-08 918.00 1361.5798 1361.58
1567765.999997 5110098.444448              CB82-08 919.00 1362.7552 1362.76
1567748.000008 5110115.629622              CB82-08 920.00 1363.6062 1363.61
1567729.999989 5110132.814825              CB82-08 921.00 1362.6409 1362.64
1567712.000000 5110150.000000              CB82-08 922.00 1360.2090 1360.21
1567693.999999 5110167.416667              CB82-08 923.00 1359.6570 1359.66
1567675.999999 5110184.833334              CB82-08 924.00 1361.2570 1361.26
1567658.000000 5110202.250000              CB82-08 925.00 1362.2424 1362.24
1567639.999998 5110219.666669              CB82-08 926.00 1362.5624 1362.56
1567622.000002 5110237.083331              CB82-08 927.00 1363.2783 1363.28
1567604.000000 5110254.500000              CB82-08 928.00 1361.7191 1361.72
1567586.000004 5110271.916663              CB82-08 929.00 1358.3738 1358.37
1567567.999996 5110289.333337              CB82-08 930.00 1357.6326 1357.63
1567550.000000 5110306.750000              CB82-08 931.00 1357.8634 1357.86
1567532.000004 5110324.166663              CB82-08 932.00 1357.7800 1357.78
1567513.999996 5110341.583337              CB82-08 933.00 1356.4856 1356.49
1567496.000000 5110359.000000              CB82-08 934.00 1355.9534 1355.95
1567478.439025 5110376.682926              CB82-08 935.00 1355.8499 1355.85
1567460.878050 5110394.365852              CB82-08 936.00 1355.2740 1355.27
1567443.317075 5110412.048779              CB82-08 937.00 1355.4863 1355.49
1567425.756100 5110429.731705              CB82-08 938.00 1354.2687 1354.27
1567408.195120 5110447.414636              CB82-08 939.00 1354.9441 1354.94
1567390.634150 5110465.097557              CB82-08 940.00 1355.3036 1355.3
1567373.073170 5110482.780489              CB82-08 941.00 1354.8724 1354.87
1567355.512200 5110500.463409              CB82-08 942.00 1354.5533 1354.55
1567337.951220 5110518.146341              CB82-08 943.00 1354.6906 1354.69
1567320.390240 5110535.829273              CB82-08 944.00 1354.8572 1354.86
1567302.829259 5110553.512204              CB82-08 945.00 1354.7922 1354.79
1567285.268301 5110571.195114              CB82-08 946.00 1354.8992 1354.9
1567267.707320 5110588.878046              CB82-08 947.00 1354.4365 1354.44
1567250.146340 5110606.560977              CB82-08 948.00 1352.7242 1352.72
1567232.585360 5110624.243909              CB82-08 949.00 1350.6227 1350.62
1567215.024401 5110641.926819              CB82-08 950.00 1349.3883 1349.39
1567197.463420 5110659.609750              CB82-08 951.00 1350.0046 1350
1567179.902440 5110677.292682              CB82-08 952.00 1352.3871 1352.39
1567162.341460 5110694.975613              CB82-08 953.00 1353.4431 1353.44
1567144.780479 5110712.658545              CB82-08 954.00 1354.5219 1354.52
1567127.219521 5110730.341455              CB82-08 955.00 1353.4564 1353.46
1567109.658519 5110748.024408              CB82-08 956.00 1352.3004 1352.3
1567092.097560 5110765.707318              CB82-08 957.00 1352.6511 1352.65
1567074.536601 5110783.390228              CB82-08 958.00 1353.3618 1353.36
1567056.975599 5110801.073181              CB82-08 959.00 1353.7574 1353.76
1567039.414640 5110818.756091              CB82-08 960.00 1354.1838 1354.18
1567021.853639 5110836.439044              CB82-08 961.00 1354.8448 1354.84
1567004.292680 5110854.121954              CB82-08 962.00 1355.9163 1355.92
1566986.731721 5110871.804864              CB82-08 963.00 1356.3634 1356.36
1566969.170719 5110889.487818              CB82-08 964.00 1357.4056 1357.41
1566951.609760 5110907.170727              CB82-08 965.00 1357.9208 1357.92
1566934.048801 5110924.853637              CB82-08 966.00 1357.5007 1357.5
1566916.487800 5110942.536591              CB82-08 967.00 1358.3108 1358.31
1566898.926841 5110960.219501              CB82-08 968.00 1357.7410 1357.74
1566881.365839 5110977.902454              CB82-08 969.00 1354.7412 1354.74
1566863.804880 5110995.585364              CB82-08 970.00 1354.6542 1354.65
1566846.243921 5111013.268274              CB82-08 971.00 1355.7926 1355.79
1566828.682920 5111030.951227              CB82-08 972.00 1356.5903 1356.59
1566811.121961 5111048.634137              CB82-08 973.00 1357.1855 1357.19
1566793.560959 5111066.317090              CB82-08 974.00 1357.3118 1357.31
1566776.000000 5111084.000000              CB82-08 975.00 1358.1616 1358.16
1566758.153845 5111101.692308              CB82-08 976.00 1358.9056 1358.91
1566740.307691 5111119.384617              CB82-08 977.00 1358.0963 1358.1
1566722.461538 5111137.076923              CB82-08 978.00 1356.9554 1356.96
1566704.615382 5111154.769233              CB82-08 979.00 1357.2296 1357.23
1566686.769229 5111172.461540              CB82-08 980.00 1356.7717 1356.77
1566668.923076 5111190.153847              CB82-08 981.00 1354.9913 1354.99
1566651.076917 5111207.846160              CB82-08 982.00 1354.3368 1354.34
1566633.230764 5111225.538467              CB82-08 983.00 1354.9048 1354.9
1566615.384611 5111243.230773              CB82-08 984.00 1355.3055 1355.31
1566597.538458 5111260.923080              CB82-08 985.00 1356.8795 1356.88
1566579.692306 5111278.615387              CB82-08 986.00 1361.1426 1361.14
1566561.846153 5111296.307693              CB82-08 987.00 1362.2676 1362.27
1566544.000000 5111314.000000              CB82-08 988.00 1361.9303 1361.93
1566526.500000 5111329.000000              CB82-08 989.00 1363.1237 1363.12
1566509.000000 5111344.000000              CB82-08 990.00 1364.0675 1364.07
1566493.000000 5111369.000000              CB82-08 991.00 1365.1411 1365.14
1566474.625000 5111385.500000              CB82-08 992.00 1364.5046 1364.5
1566456.250000 5111402.000000              CB82-08 993.00 1364.6312 1364.63
1566437.875000 5111418.500000              CB82-08 994.00 1364.2546 1364.25
1566419.500000 5111435.000000              CB82-08 995.00 1363.3445 1363.34
1566401.125000 5111451.500000              CB82-08 996.00 1362.9020 1362.9
1566382.750000 5111468.000000              CB82-08 997.00 1362.9363 1362.94
1566364.375000 5111484.500000              CB82-08 998.00 1360.3340 1360.33
1566346.000000 5111501.000000              CB82-08 999.00 1357.6797 1357.68
1566252.250000 5111585.375000              CB82-08 1004.00 1361.7037 1361.7
1566233.500000 5111602.250000              CB82-08 1005.00 1359.7721 1359.77
1566214.750000 5111619.125000              CB82-08 1006.00 1357.9082 1357.91
1566196.000000 5111636.000000              CB82-08 1007.00 1353.0509 1353.05
1566177.600000 5111652.800000              CB82-08 1008.00 1349.1119 1349.11
1566104.000000 5111720.000000              CB82-08 1012.00 1367.8361 1367.84
1566085.599996 5111736.800004              CB82-08 1013.00 1367.3744 1367.37
1565957.538461 5111855.230769              CB82-08 1020.00 1374.2056 1374.21
1565939.384613 5111872.307695              CB82-08 1021.00 1373.1559 1373.16
1565720.875000 5112077.750000              CB82-08 1033.00 1417.0460 1417.05
1565665.750000 5112129.500000              CB82-08 1036.00 1429.1266 1429.13
1565556.692305 5112231.692310              CB82-08 1042.00 1436.7699 1436.77
1565538.615383 5112248.615386              CB82-08 1043.00 1439.1022 1439.1
1565303.999996 5112469.882357              CB82-08 1056.00 1456.6042 1456.6
1565285.999997 5112487.058826              CB82-08 1057.00 1458.3604 1458.36
1565195.999994 5112572.941183              CB82-08 1062.00 1449.3805 1449.38
1565177.999995 5112590.117652              CB82-08 1063.00 1448.2054 1448.21
1565159.999996 5112607.294122              CB82-08 1064.00 1447.3514 1447.35
1565141.999997 5112624.470591              CB82-08 1065.00 1444.2013 1444.2
1565123.999998 5112641.647061              CB82-08 1066.00 1443.5245 1443.52
1565105.999999 5112658.823530              CB82-08 1067.00 1446.2385 1446.24
1565088.000000 5112676.000000              CB82-08 1068.00 1448.6517 1448.65
1565070.250000 5112693.625000              CB82-08 1069.00 1449.0050 1449.01
1565052.500000 5112711.250000              CB82-08 1070.00 1447.4535 1447.45
1565034.750000 5112728.875000              CB82-08 1071.00 1447.0945 1447.09
1565017.000000 5112746.500000              CB82-08 1072.00 1446.5565 1446.56
1564999.250000 5112764.125000              CB82-08 1073.00 1445.2507 1445.25
1564981.500000 5112781.750000              CB82-08 1074.00 1445.7146 1445.71
1564963.750000 5112799.375000              CB82-08 1075.00 1446.3647 1446.36
1564946.000000 5112817.000000              CB82-08 1076.00 1448.1074 1448.11
1564927.937500 5112834.250000              CB82-08 1077.00 1449.1262 1449.13
1564909.875000 5112851.500000              CB82-08 1078.00 1447.1255 1447.13
1564891.812500 5112868.750000              CB82-08 1079.00 1447.6111 1447.61
1564873.750000 5112886.000000              CB82-08 1080.00 1448.6002 1448.6
1564855.687500 5112903.250000              CB82-08 1081.00 1449.5911 1449.59
1564837.625000 5112920.500000              CB82-08 1082.00 1450.3071 1450.31
1564819.562500 5112937.750000              CB82-08 1083.00 1450.6061 1450.61
1564801.500000 5112955.000000              CB82-08 1084.00 1450.0148 1450.01
1564783.437500 5112972.250000              CB82-08 1085.00 1448.2345 1448.23
1564765.375000 5112989.500000              CB82-08 1086.00 1445.7598 1445.76
1564747.312500 5113006.750000              CB82-08 1087.00 1443.4879 1443.49
1564729.250000 5113024.000000              CB82-08 1088.00 1441.1487 1441.15
1564711.187500 5113041.250000              CB82-08 1089.00 1441.1625 1441.16
1564693.125000 5113058.500000              CB82-08 1090.00 1441.0361 1441.04
1564675.062500 5113075.750000              CB82-08 1091.00 1442.7539 1442.75
1564657.000000 5113093.000000              CB82-08 1092.00 1446.2856 1446.29
1564639.750000 5113110.000000              CB82-08 1093.00 1449.4136 1449.41
1564622.500000 5113127.000000              CB82-08 1094.00 1450.9232 1450.92
1564605.250000 5113144.000000              CB82-08 1095.00 1451.2399 1451.24
1564588.000000 5113161.000000              CB82-08 1096.00 1450.9550 1450.95
1564570.125000 5113178.625000              CB82-08 1097.00 1450.5177 1450.52
1564552.250000 5113196.250000              CB82-08 1098.00 1450.0179 1450.02
1564534.375000 5113213.875000              CB82-08 1099.00 1447.6479 1447.65
1564516.500000 5113231.500000              CB82-08 1100.00 1446.2506 1446.25
1564498.625000 5113249.125000              CB82-08 1101.00 1445.2457 1445.25
1564480.750000 5113266.750000              CB82-08 1102.00 1457.9442 1457.94
1564462.875000 5113284.375000              CB82-08 1103.00 1456.9022 1456.9
1564445.000000 5113302.000000              CB82-08 1104.00 1453.6776 1453.68
1564427.461538 5113319.692308              CB82-08 1105.00 1454.8616 1454.86
1564409.923076 5113337.384617              CB82-08 1106.00 1456.1582 1456.16
1564392.384615 5113355.076923              CB82-08 1107.00 1454.5717 1454.57
1564374.846151 5113372.769233              CB82-08 1108.00 1452.7460 1452.75
1564357.307691 5113390.461540              CB82-08 1109.00 1451.5857 1451.59
1564339.769230 5113408.153847              CB82-08 1110.00 1450.1553 1450.16
1564322.230763 5113425.846160              CB82-08 1111.00 1450.3402 1450.34
1564304.692302 5113443.538467              CB82-08 1112.00 1451.5656 1451.57
1564287.153842 5113461.230773              CB82-08 1113.00 1450.5354 1450.54
1564269.615381 5113478.923080              CB82-08 1114.00 1453.3658 1453.37
1564252.076921 5113496.615387              CB82-08 1115.00 1455.2822 1455.28
1564234.538460 5113514.307693              CB82-08 1116.00 1455.7644 1455.76
1564217.000000 5113532.000000              CB82-08 1117.00 1455.2705 1455.27
1564199.166666 5113548.833334              CB82-08 1118.00 1443.3724 1443.37
1564181.333332 5113565.666668              CB82-08 1119.00 1440.7188 1440.72
1564163.500000 5113582.500000              CB82-08 1120.00 1440.7020 1440.7
1564145.666665 5113599.333335              CB82-08 1121.00 1455.7577 1455.76
1564127.833335 5113616.166665              CB82-08 1122.00 1456.8408 1456.84
1564110.000000 5113633.000000              CB82-08 1123.00 1456.0935 1456.09
1564091.666666 5113651.000001              CB82-08 1124.00 1454.0811 1454.08
1564073.333332 5113669.000001              CB82-08 1125.00 1453.4647 1453.46
1564055.000000 5113687.000000              CB82-08 1126.00 1452.7507 1452.75
1564036.666664 5113705.000002              CB82-08 1127.00 1452.6064 1452.61
1564018.333336 5113722.999998              CB82-08 1128.00 1452.6624 1452.66
1564000.000000 5113741.000000              CB82-08 1129.00 1454.2490 1454.25
1563981.797468 5113758.164557              CB82-08 1130.00 1453.4456 1453.45
1563963.594936 5113775.329115              CB82-08 1131.00 1452.3818 1452.38
1563945.392408 5113792.493668              CB82-08 1132.00 1452.4850 1452.48
1563927.189872 5113809.658230              CB82-08 1133.00 1453.3776 1453.38
1563908.987341 5113826.822786              CB82-08 1134.00 1452.3768 1452.38
1563890.784815 5113843.987337              CB82-08 1135.00 1450.8723 1450.87
1563872.582279 5113861.151898              CB82-08 1136.00 1449.9760 1449.98
1563854.379743 5113878.316459              CB82-08 1137.00 1449.7338 1449.73
1563836.177218 5113895.481010              CB82-08 1138.00 1450.2705 1450.27
1563817.974682 5113912.645571              CB82-08 1139.00 1449.7396 1449.74
1563799.772156 5113929.810122              CB82-08 1140.00 1448.6177 1448.62
1563781.569631 5113946.974674              CB82-08 1141.00 1448.1172 1448.12
1563763.367084 5113964.139245              CB82-08 1142.00 1448.0442 1448.04
1563745.164559 5113981.303796              CB82-08 1143.00 1447.5979 1447.6
1563726.962033 5113998.468347              CB82-08 1144.00 1448.3862 1448.39
1563708.759486 5114015.632918              CB82-08 1145.00 1449.6677 1449.67
1563690.556961 5114032.797469              CB82-08 1146.00 1450.0173 1450.02
1563672.354436 5114049.962020              CB82-08 1147.00 1447.4193 1447.42
1563654.151889 5114067.126592              CB82-08 1148.00 1443.3014 1443.3
1563635.949363 5114084.291143              CB82-08 1149.00 1443.5780 1443.58
1563617.746816 5114101.455714              CB82-08 1150.00 1445.6261 1445.63
1563599.544312 5114118.620245              CB82-08 1151.00 1448.2662 1448.27
1563581.341766 5114135.784816              CB82-08 1152.00 1449.1925 1449.19
1563563.139262 5114152.949347              CB82-08 1153.00 1448.7913 1448.79
1563544.936715 5114170.113918              CB82-08 1154.00 1448.1433 1448.14
1563526.734168 5114187.278490              CB82-08 1155.00 1446.8612 1446.86
1563508.531664 5114204.443021              CB82-08 1156.00 1445.3949 1445.39
1563490.329117 5114221.607592              CB82-08 1157.00 1445.5183 1445.52
1563472.126570 5114238.772163              CB82-08 1158.00 1445.1215 1445.12
1563453.924066 5114255.936694              CB82-08 1159.00 1443.2229 1443.22
1563435.721520 5114273.101265              CB82-08 1160.00 1439.4948 1439.49
1563417.518973 5114290.265837              CB82-08 1161.00 1453.1227 1453.12
1563381.113922 5114324.594939              CB82-08 1163.00 1431.0297 1431.03
1563362.911375 5114341.759510              CB82-08 1164.00 1432.4534 1432.45
1563344.708871 5114358.924041              CB82-08 1165.00 1434.0193 1434.02
1563326.506324 5114376.088612              CB82-08 1166.00 1435.2557 1435.26
1563308.303777 5114393.253183              CB82-08 1167.00 1434.8053 1434.81
1563290.101273 5114410.417714              CB82-08 1168.00 1434.1375 1434.14
1563271.898727 5114427.582286              CB82-08 1169.00 1435.1016 1435.1
1563253.696180 5114444.746857              CB82-08 1170.00 1436.2443 1436.24
1563235.493633 5114461.911428              CB82-08 1171.00 1436.9863 1436.99
1563217.291172 5114479.075919              CB82-08 1172.00 1438.2532 1438.25
1563199.088625 5114496.240490              CB82-08 1173.00 1439.5524 1439.55
1563180.886078 5114513.405061              CB82-08 1174.00 1440.1737 1440.17
1563162.683531 5114530.569633              CB82-08 1175.00 1439.0662 1439.07
1563144.480984 5114547.734204              CB82-08 1176.00 1437.0922 1437.09
1563126.278523 5114564.898694              CB82-08 1177.00 1435.3875 1435.39
1563108.075976 5114582.063266              CB82-08 1178.00 1435.0948 1435.09
1563089.873430 5114599.227837              CB82-08 1179.00 1433.7491 1433.75
1563071.670883 5114616.392408              CB82-08 1180.00 1432.4771 1432.48
1563053.468336 5114633.556979              CB82-08 1181.00 1432.3429 1432.34
1563035.265789 5114650.721551              CB82-08 1182.00 1432.0780 1432.08
1563017.063328 5114667.886041              CB82-08 1183.00 1432.2023 1432.2
1562998.860781 5114685.050612              CB82-08 1184.00 1432.5120 1432.51
1562980.658234 5114702.215184              CB82-08 1185.00 1432.4841 1432.48
1562962.455688 5114719.379755              CB82-08 1186.00 1432.3452 1432.35
1562944.253141 5114736.544326              CB82-08 1187.00 1433.1224 1433.12
1562926.050594 5114753.708898              CB82-08 1188.00 1434.7365 1434.74
1562907.848133 5114770.873388              CB82-08 1189.00 1436.4681 1436.47
1562889.645586 5114788.037959              CB82-08 1190.00 1437.1617 1437.16
1562871.443039 5114805.202531              CB82-08 1191.00 1436.0853 1436.09
1562853.240492 5114822.367102              CB82-08 1192.00 1435.5369 1435.54
1562835.037945 5114839.531673              CB82-08 1193.00 1434.2537 1434.25
1562816.835484 5114856.696164              CB82-08 1194.00 1433.7345 1433.73
1562798.632937 5114873.860735              CB82-08 1195.00 1433.5817 1433.58
1562780.430391 5114891.025306              CB82-08 1196.00 1434.4778 1434.48
1562762.227844 5114908.189878              CB82-08 1197.00 1434.7378 1434.74
1562744.025297 5114925.354449              CB82-08 1198.00 1433.9535 1433.95
1562725.822750 5114942.519020              CB82-08 1199.00 1432.5499 1432.55
1562707.620289 5114959.683511              CB82-08 1200.00 1432.1143 1432.11
1562689.417742 5114976.848082              CB82-08 1201.00 1432.0961 1432.1
1562671.215195 5114994.012653              CB82-08 1202.00 1432.7557 1432.76
1562653.012648 5115011.177224              CB82-08 1203.00 1433.5795 1433.58
1562634.810102 5115028.341796              CB82-08 1204.00 1433.6755 1433.68
1562616.607555 5115045.506367              CB82-08 1205.00 1432.7521 1432.75
1562598.405094 5115062.670857              CB82-08 1206.00 1435.6193 1435.62
1562580.202547 5115079.835429              CB82-08 1207.00 1437.0865 1437.09
1562562.000000 5115097.000000              CB82-08 1208.00 1437.0640 1437.06
1562543.951220 5115114.268292              CB82-08 1209.00 1437.1644 1437.16
1562525.902440 5115131.536584              CB82-08 1210.00 1438.5098 1438.51
1562507.853661 5115148.804876              CB82-08 1211.00 1439.0023 1439
1562489.804881 5115166.073168              CB82-08 1212.00 1439.0664 1439.07
1562471.756095 5115183.341465              CB82-08 1213.00 1441.9570 1441.96
1562453.707321 5115200.609752              CB82-08 1214.00 1444.1941 1444.19
1562435.658536 5115217.878050              CB82-08 1215.00 1442.9850 1442.98
1562417.609761 5115235.146336              CB82-08 1216.00 1441.7565 1441.76
1562399.560976 5115252.414634              CB82-08 1217.00 1438.2545 1438.25
1562381.512191 5115269.682931              CB82-08 1218.00 1421.1000 1421.1
1562363.463405 5115286.951228              CB82-08 1219.00 1422.8629 1422.86
1562345.414642 5115304.219504              CB82-08 1220.00 1424.6584 1424.66
1562327.365857 5115321.487802              CB82-08 1221.00 1425.6750 1425.68
1562309.317072 5115338.756099              CB82-08 1222.00 1425.4038 1425.4
1562291.268286 5115356.024396              CB82-08 1223.00 1429.2371 1429.24
1562273.219523 5115373.292673              CB82-08 1224.00 1430.3318 1430.33
1562255.170738 5115390.560970              CB82-08 1225.00 1430.5741 1430.57
1562237.121952 5115407.829267              CB82-08 1226.00 1429.9967 1430
1562219.073167 5115425.097565              CB82-08 1227.00 1429.0282 1429.03
1562201.024382 5115442.365862              CB82-08 1228.00 1427.4000 1427.4
1562182.975618 5115459.634138              CB82-08 1229.00 1424.1764 1424.18
1562164.926811 5115476.902457              CB82-08 1230.00 1424.0378 1424.04
1562146.878048 5115494.170733              CB82-08 1231.00 1425.8691 1425.87
1562128.829284 5115511.439009              CB82-08 1232.00 1426.6134 1426.61
1562110.780477 5115528.707327              CB82-08 1233.00 1427.0175 1427.02
1562092.731714 5115545.975604              CB82-08 1234.00 1428.6398 1428.64
1562074.682906 5115563.243922              CB82-08 1235.00 1429.3632 1429.36
1562056.634143 5115580.512198              CB82-08 1236.00 1429.4174 1429.42
1562038.585380 5115597.780474              CB82-08 1237.00 1429.5275 1429.53
1562020.536572 5115615.048793              CB82-08 1238.00 1429.5782 1429.58
1562002.487809 5115632.317069              CB82-08 1239.00 1429.0610 1429.06
1561984.439046 5115649.585345              CB82-08 1240.00 1427.6125 1427.61
1561966.390239 5115666.853664              CB82-08 1241.00 1426.0894 1426.09
1561948.341475 5115684.121940              CB82-08 1242.00 1424.7478 1424.75
1561930.292668 5115701.390258              CB82-08 1243.00 1424.7711 1424.77
1561912.243905 5115718.658535              CB82-08 1244.00 1425.1718 1425.17
1561894.195141 5115735.926811              CB82-08 1245.00 1425.3815 1425.38
1561876.146334 5115753.195129              CB82-08 1246.00 1424.7495 1424.75
1561858.097571 5115770.463405              CB82-08 1247.00 1423.6476 1423.65
1561840.048763 5115787.731724              CB82-08 1248.00 1420.5416 1420.54
1561822.000000 5115805.000000              CB82-08 1249.00 1418.2957 1418.3
1561804.076922 5115822.461539              CB82-08 1250.00 1417.8556 1417.86
1561786.153845 5115839.923078              CB82-08 1251.00 1416.7437 1416.74
1561768.230769 5115857.384616              CB82-08 1252.00 1418.0502 1418.05
1561750.307690 5115874.846156              CB82-08 1253.00 1419.6301 1419.63
1561732.384614 5115892.307694              CB82-08 1254.00 1419.1824 1419.18
1561714.461538 5115909.769231              CB82-08 1255.00 1418.2891 1418.29
1561696.538455 5115927.230775              CB82-08 1256.00 1417.9216 1417.92
1561678.615379 5115944.692313              CB82-08 1257.00 1417.0458 1417.05
1561660.692303 5115962.153850              CB82-08 1258.00 1416.2476 1416.25
1561642.769228 5115979.615388              CB82-08 1259.00 1416.4448 1416.44
1561624.846152 5115997.076925              CB82-08 1260.00 1416.5688 1416.57
1561606.923076 5116014.538463              CB82-08 1261.00 1417.7040 1417.7
1561589.000000 5116032.000000              CB82-08 1262.00 1417.3645 1417.36
1561571.320000 5116049.320000              CB82-08 1263.00 1416.9946 1416.99
1561553.640001 5116066.639999              CB82-08 1264.00 1417.2620 1417.26
1561535.960001 5116083.959999              CB82-08 1265.00 1417.5398 1417.54
1561518.280002 5116101.279998              CB82-08 1266.00 1417.4529 1417.45
1561500.599999 5116118.600001              CB82-08 1267.00 1417.0011 1417
1561482.920002 5116135.919998              CB82-08 1268.00 1415.8795 1415.88
1561465.239999 5116153.240001              CB82-08 1269.00 1415.5884 1415.59
1561447.560003 5116170.559997              CB82-08 1270.00 1417.4834 1417.48
1561429.879994 5116187.880006              CB82-08 1271.00 1419.3672 1419.37
1561412.199997 5116205.200003              CB82-08 1272.00 1420.1993 1420.2
1561394.520001 5116222.519999              CB82-08 1273.00 1420.4410 1420.44
1561376.840005 5116239.839995              CB82-08 1274.00 1420.6000 1420.6
1561359.160008 5116257.159992              CB82-08 1275.00 1420.9866 1420.99
1561341.479999 5116274.480001              CB82-08 1276.00 1421.1951 1421.2
1561323.799989 5116291.800010              CB82-08 1277.00 1421.2507 1421.25
1561306.120006 5116309.119994              CB82-08 1278.00 1421.2928 1421.29
1561288.439997 5116326.440003              CB82-08 1279.00 1419.9944 1419.99
1561270.759987 5116343.760012              CB82-08 1280.00 1419.2899 1419.29
1561253.080004 5116361.079996              CB82-08 1281.00 1419.3896 1419.39
1561235.399995 5116378.400005              CB82-08 1282.00 1422.0010 1422
1561217.720012 5116395.719989              CB82-08 1283.00 1424.0856 1424.09
1561200.040002 5116413.039998              CB82-08 1284.00 1424.0508 1424.05
1561182.359993 5116430.360007              CB82-08 1285.00 1423.7231 1423.72
1561164.680009 5116447.679991              CB82-08 1286.00 1423.1012 1423.1
1561147.000000 5116465.000000              CB82-08 1287.00 1423.5399 1423.54
1561129.259259 5116482.592593              CB82-08 1288.00 1423.6276 1423.63
1561111.518518 5116500.185185              CB82-08 1289.00 1424.0981 1424.1
1561093.777777 5116517.777778              CB82-08 1290.00 1424.3789 1424.38
1561076.037037 5116535.370371              CB82-08 1291.00 1424.7924 1424.79
1561058.296299 5116552.962960              CB82-08 1292.00 1425.0562 1425.06
1561040.555555 5116570.555556              CB82-08 1293.00 1426.2899 1426.29
1561022.814817 5116588.148146              CB82-08 1294.00 1428.4354 1428.44
1561005.074073 5116605.740742              CB82-08 1295.00 1428.8657 1428.87
1560987.333329 5116623.333338              CB82-08 1296.00 1429.1953 1429.2
1560969.592598 5116640.925920              CB82-08 1297.00 1427.5898 1427.59
1560951.851854 5116658.518516              CB82-08 1298.00 1420.2461 1420.25
1560934.111110 5116676.111113              CB82-08 1299.00 1421.4521 1421.45
1560916.370365 5116693.703709              CB82-08 1300.00 1421.5643 1421.56
1560898.629635 5116711.296291              CB82-08 1301.00 1422.7527 1422.75
1560880.888876 5116728.888901              CB82-08 1302.00 1422.7660 1422.77
1560863.148146 5116746.481484              CB82-08 1303.00 1414.5773 1414.58
1560845.407416 5116764.074066              CB82-08 1304.00 1416.5131 1416.51
1560827.666657 5116781.666676              CB82-08 1305.00 1418.2318 1418.23
1560809.925927 5116799.259258              CB82-08 1306.00 1418.1403 1418.14
1560792.185197 5116816.851840              CB82-08 1307.00 1418.1783 1418.18
1560774.444438 5116834.444451              CB82-08 1308.00 1413.4918 1413.49
1560756.703708 5116852.037033              CB82-08 1309.00 1412.9436 1412.94
1560738.962949 5116869.629643              CB82-08 1310.00 1414.5870 1414.59
1560721.222219 5116887.222225              CB82-08 1311.00 1415.1897 1415.19
1560703.481489 5116904.814807              CB82-08 1312.00 1415.3042 1415.3
1560685.740730 5116922.407418              CB82-08 1313.00 1416.3937 1416.39
1560668.000000 5116940.000000              CB82-08 1314.00 1415.3782 1415.38
1560650.259270 5116957.592582              CB82-08 1315.00 1411.2723 1411.27
1560632.518540 5116975.185164              CB82-08 1316.00 1414.1162 1414.12
1560614.777752 5116992.777803              CB82-08 1317.00 1416.2274 1416.23
1560597.037022 5117010.370385              CB82-08 1318.00 1415.9757 1415.98
1560579.296292 5117027.962967              CB82-08 1319.00 1413.4865 1413.49
1560490.592584 5117115.925934              CB82-08 1324.00 1407.7323 1407.73
1560472.851854 5117133.518516              CB82-08 1325.00 1407.4478 1407.45
1560455.111124 5117151.111099              CB82-08 1326.00 1406.4523 1406.45
1560437.370394 5117168.703681              CB82-08 1327.00 1406.2279 1406.23
1560419.629606 5117186.296319              CB82-08 1328.00 1406.3273 1406.33
1560401.888876 5117203.888901              CB82-08 1329.00 1405.8065 1405.81
1560384.148146 5117221.481484              CB82-08 1330.00 1405.0840 1405.08
1560366.407416 5117239.074066              CB82-08 1331.00 1403.2148 1403.21
1560348.666686 5117256.666648              CB82-08 1332.00 1404.1871 1404.19
1560330.925898 5117274.259287              CB82-08 1333.00 1405.7023 1405.7
1560313.185168 5117291.851869              CB82-08 1334.00 1404.7546 1404.75
1560224.481460 5117379.814836              CB82-08 1339.00 1404.8353 1404.84
1560206.740730 5117397.407418              CB82-08 1340.00 1404.9056 1404.91
1560189.000000 5117415.000000              CB82-08 1341.00 1404.6832 1404.68
1560171.235294 5117432.352941              CB82-08 1342.00 1404.8387 1404.84
1560153.470588 5117449.705882              CB82-08 1343.00 1403.6505 1403.65
1560135.705881 5117467.058825              CB82-08 1344.00 1402.9735 1402.97
1560117.941176 5117484.411765              CB82-08 1345.00 1403.0564 1403.06
1560100.176467 5117501.764710              CB82-08 1346.00 1403.0411 1403.04
1560082.411762 5117519.117650              CB82-08 1347.00 1401.7297 1401.73
1560064.647057 5117536.470590              CB82-08 1348.00 1400.2797 1400.28
1560046.882352 5117553.823530              CB82-08 1349.00 1399.9703 1399.97
1560029.117639 5117571.176479              CB82-08 1350.00 1399.7257 1399.73
1560011.352934 5117588.529419              CB82-08 1351.00 1399.2302 1399.23
1559993.588229 5117605.882359              CB82-08 1352.00 1398.4396 1398.44
1559975.823524 5117623.235299              CB82-08 1353.00 1396.9843 1396.98
1559958.058819 5117640.588239              CB82-08 1354.00 1395.8019 1395.8
1559940.294114 5117657.941180              CB82-08 1355.00 1394.8408 1394.84
1559922.529410 5117675.294120              CB82-08 1356.00 1394.7646 1394.76
1559904.764705 5117692.647060              CB82-08 1357.00 1394.9839 1394.98
1559887.000000 5117710.000000              CB82-08 1358.00 1396.1766 1396.18
1559869.142856 5117727.000001              CB82-08 1359.00 1396.8776 1396.88
1559851.285713 5117744.000002              CB82-08 1360.00 1398.6921 1398.69
1559833.428571 5117761.000001              CB82-08 1361.00 1397.1448 1397.14
1559743.939393 5117846.303031              CB82-08 1366.00 1394.3557 1394.36
1559689.757574 5117898.212123              CB82-08 1369.00 1377.6542 1377.65
1559671.696967 5117915.515154              CB82-08 1370.00 1381.2463 1381.25
1559617.515147 5117967.424247              CB82-08 1373.00 1390.1287 1390.13
1559599.454541 5117984.727277              CB82-08 1374.00 1389.6860 1389.69
1559581.393934 5118002.030308              CB82-08 1375.00 1389.8313 1389.83
1559563.333327 5118019.333339              CB82-08 1376.00 1389.3296 1389.33
1559545.272721 5118036.636370              CB82-08 1377.00 1388.9375 1388.94
1558953.428569 5118610.000002              CB82-08 1410.00 1386.6967 1386.7
1558935.714292 5118627.499994              CB82-08 1411.00 1386.8978 1386.9
1558918.000000 5118645.000000              CB82-08 1412.00 1388.2725 1388.27
1558758.571416 5118802.500013              CB82-08 1421.00 1388.4865 1388.49
1558740.857139 5118820.000004              CB82-08 1422.00 1385.0958 1385.1
1558723.142861 5118837.499996              CB82-08 1423.00 1382.5297 1382.53
1558705.428584 5118854.999987              CB82-08 1424.00 1380.0758 1380.08
