1572016.000000,5105999.000000,             CB82-08,682.00,-100000004091847880000000000000000000.0000,-999
1571999.000000,5106015.750000,             CB82-08,683.00,-100000004091847880000000000000000000.0000,-999
1571982.000000,5106032.500000,             CB82-08,684.00,-100000004091847880000000000000000000.0000,-999
1571948.000000,5106066.000000,             CB82-08,686.00,-100000004091847880000000000000000000.0000,-999
1571930.300000,5106083.500000,             CB82-08,687.00,-100000004091847880000000000000000000.0000,-999
1571912.599999,5106101.000001,             CB82-08,688.00,-100000004091847880000000000000000000.0000,-999
1571894.899998,5106118.500002,             CB82-08,689.00,-100000004091847880000000000000000000.0000,-999
1571877.199999,5106136.000001,             CB82-08,690.00,-100000004091847880000000000000000000.0000,-999
1571859.500000,5106153.500000,             CB82-08,691.00,-100000004091847880000000000000000000.0000,-999
1571841.799996,5106171.000004,             CB82-08,692.00,-100000004091847880000000000000000000.0000,-999
1571824.100002,5106188.499998,             CB82-08,693.00,-100000004091847880000000000000000000.0000,-999
1571806.399998,5106206.000002,             CB82-08,694.00,-100000004091847880000000000000000000.0000,-999
1571788.700004,5106223.499996,             CB82-08,695.00,-100000004091847880000000000000000000.0000,-999
1571771.000000,5106241.000000,             CB82-08,696.00,-100000004091847880000000000000000000.0000,-999
1571752.945946,5106258.351352,             CB82-08,697.00,-100000004091847880000000000000000000.0000,-999
1571734.891891,5106275.702704,             CB82-08,698.00,-100000004091847880000000000000000000.0000,-999
1571716.837840,5106293.054052,             CB82-08,699.00,-100000004091847880000000000000000000.0000,-999
1571698.783782,5106310.405407,             CB82-08,700.00,-100000004091847880000000000000000000.0000,-999
1571680.729734,5106327.756753,             CB82-08,701.00,-100000004091847880000000000000000000.0000,-999
1571662.675681,5106345.108103,             CB82-08,702.00,-100000004091847880000000000000000000.0000,-999
1571644.621617,5106362.459464,             CB82-08,703.00,-100000004091847880000000000000000000.0000,-999
1571626.567564,5106379.810814,             CB82-08,704.00,-100000004091847880000000000000000000.0000,-999
1571608.513511,5106397.162165,             CB82-08,705.00,-100000004091847880000000000000000000.0000,-999
1571590.459468,5106414.513506,             CB82-08,706.00,-100000004091847880000000000000000000.0000,-999
1571572.405404,5106431.864866,             CB82-08,707.00,-100000004091847880000000000000000000.0000,-999
1571554.351361,5106449.216207,             CB82-08,708.00,-100000004091847880000000000000000000.0000,-999
1571536.297298,5106466.567567,             CB82-08,709.00,-100000004091847880000000000000000000.0000,-999
1571518.243235,5106483.918927,             CB82-08,710.00,-100000004091847880000000000000000000.0000,-999
1571500.189191,5106501.270268,             CB82-08,711.00,-100000004091847880000000000000000000.0000,-999
1571482.135128,5106518.621628,             CB82-08,712.00,-100000004091847880000000000000000000.0000,-999
1571464.081085,5106535.972969,             CB82-08,713.00,-100000004091847880000000000000000000.0000,-999
1571446.027022,5106553.324329,             CB82-08,714.00,-100000004091847880000000000000000000.0000,-999
1571427.972978,5106570.675671,             CB82-08,715.00,-100000004091847880000000000000000000.0000,-999
1571409.918935,5106588.027012,             CB82-08,716.00,-100000004091847880000000000000000000.0000,-999
1571391.864852,5106605.378391,             CB82-08,717.00,-100000004091847880000000000000000000.0000,-999
1571373.810809,5106622.729732,             CB82-08,718.00,-100000004091847880000000000000000000.0000,-999
1571355.756765,5106640.081073,             CB82-08,719.00,-100000004091847880000000000000000000.0000,-999
1571337.702722,5106657.432414,             CB82-08,720.00,-100000004091847880000000000000000000.0000,-999
1571319.648639,5106674.783793,             CB82-08,721.00,-100000004091847880000000000000000000.0000,-999
1571301.594596,5106692.135134,             CB82-08,722.00,-100000004091847880000000000000000000.0000,-999
1571283.540552,5106709.486475,             CB82-08,723.00,-100000004091847880000000000000000000.0000,-999
1571265.486469,5106726.837854,             CB82-08,724.00,-100000004091847880000000000000000000.0000,-999
1571247.432426,5106744.189195,             CB82-08,725.00,-100000004091847880000000000000000000.0000,-999
1571229.378383,5106761.540536,             CB82-08,726.00,-100000004091847880000000000000000000.0000,-999
1571211.324339,5106778.891877,             CB82-08,727.00,-100000004091847880000000000000000000.0000,-999
1571193.270256,5106796.243257,             CB82-08,728.00,-100000004091847880000000000000000000.0000,-999
1571175.216213,5106813.594598,             CB82-08,729.00,-100000004091847880000000000000000000.0000,-999
1571157.162170,5106830.945939,             CB82-08,730.00,-100000004091847880000000000000000000.0000,-999
1571139.108126,5106848.297280,             CB82-08,731.00,-100000004091847880000000000000000000.0000,-999
1571121.054043,5106865.648659,             CB82-08,732.00,-100000004091847880000000000000000000.0000,-999
1571103.000000,5106883.000000,             CB82-08,733.00,-100000004091847880000000000000000000.0000,-999
1571084.583333,5106899.833334,             CB82-08,734.00,-100000004091847880000000000000000000.0000,-999
1571066.166666,5106916.666668,             CB82-08,735.00,-100000004091847880000000000000000000.0000,-999
1571047.750000,5106933.500000,             CB82-08,736.00,-100000004091847880000000000000000000.0000,-999
1571029.333331,5106950.333335,             CB82-08,737.00,-100000004091847880000000000000000000.0000,-999
1571010.916669,5106967.166665,             CB82-08,738.00,-100000004091847880000000000000000000.0000,-999
1570992.500000,5106984.000000,             CB82-08,739.00,-100000004091847880000000000000000000.0000,-999
1570974.083338,5107000.833329,             CB82-08,740.00,-100000004091847880000000000000000000.0000,-999
1570955.666662,5107017.666671,             CB82-08,741.00,-100000004091847880000000000000000000.0000,-999
1570937.250000,5107034.500000,             CB82-08,742.00,-100000004091847880000000000000000000.0000,-999
1570918.833338,5107051.333329,             CB82-08,743.00,-100000004091847880000000000000000000.0000,-999
1570900.416662,5107068.166671,             CB82-08,744.00,-100000004091847880000000000000000000.0000,-999
1570882.000000,5107085.000000,             CB82-08,745.00,-100000004091847880000000000000000000.0000,-999
1570863.749999,5107102.035715,             CB82-08,746.00,-100000004091847880000000000000000000.0000,-999
1570845.499998,5107119.071430,             CB82-08,747.00,-100000004091847880000000000000000000.0000,-999
1570827.249999,5107136.107143,             CB82-08,748.00,-100000004091847880000000000000000000.0000,-999
1570808.999997,5107153.142860,             CB82-08,749.00,-100000004091847880000000000000000000.0000,-999
1570790.749998,5107170.178573,             CB82-08,750.00,-100000004091847880000000000000000000.0000,-999
1570772.499999,5107187.214287,             CB82-08,751.00,-100000004091847880000000000000000000.0000,-999
1570754.250000,5107204.250000,             CB82-08,752.00,-100000004091847880000000000000000000.0000,-999
1570735.999993,5107221.285720,             CB82-08,753.00,-100000004091847880000000000000000000.0000,-999
1570717.750002,5107238.321427,             CB82-08,754.00,-100000004091847880000000000000000000.0000,-999
1570699.499996,5107255.357147,             CB82-08,755.00,-100000004091847880000000000000000000.0000,-999
1570681.250004,5107272.392853,             CB82-08,756.00,-100000004091847880000000000000000000.0000,-999
1570662.999998,5107289.428573,             CB82-08,757.00,-100000004091847880000000000000000000.0000,-999
1570644.750007,5107306.464280,             CB82-08,758.00,-100000004091847880000000000000000000.0000,-999
1570626.500000,5107323.500000,             CB82-08,759.00,-100000004091847880000000000000000000.0000,-999
1570608.250009,5107340.535706,             CB82-08,760.00,-100000004091847880000000000000000000.0000,-999
1570589.999987,5107357.571441,             CB82-08,761.00,-100000004091847880000000000000000000.0000,-999
1570571.749996,5107374.607147,             CB82-08,762.00,-100000004091847880000000000000000000.0000,-999
1570553.500004,5107391.642853,             CB82-08,763.00,-100000004091847880000000000000000000.0000,-999
1570535.250013,5107408.678559,             CB82-08,764.00,-100000004091847880000000000000000000.0000,-999
1570516.999991,5107425.714294,             CB82-08,765.00,-100000004091847880000000000000000000.0000,-999
1570498.750000,5107442.750000,             CB82-08,766.00,-100000004091847880000000000000000000.0000,-999
1570480.500009,5107459.785706,             CB82-08,767.00,-100000004091847880000000000000000000.0000,-999
1570462.249987,5107476.821441,             CB82-08,768.00,-100000004091847880000000000000000000.0000,-999
1570443.999996,5107493.857147,             CB82-08,769.00,-100000004091847880000000000000000000.0000,-999
1570425.750004,5107510.892853,             CB82-08,770.00,-100000004091847880000000000000000000.0000,-999
1570407.500013,5107527.928559,             CB82-08,771.00,-100000004091847880000000000000000000.0000,-999
1570389.249991,5107544.964294,             CB82-08,772.00,-100000004091847880000000000000000000.0000,-999
1570371.000000,5107562.000000,             CB82-08,773.00,-100000004091847880000000000000000000.0000,-999
1570352.500000,5107579.500000,             CB82-08,774.00,-100000004091847880000000000000000000.0000,-999
1570334.000000,5107597.000000,             CB82-08,775.00,-100000004091847880000000000000000000.0000,-999
1570315.500000,5107614.500000,             CB82-08,776.00,-100000004091847880000000000000000000.0000,-999
1570297.000000,5107632.000000,             CB82-08,777.00,-100000004091847880000000000000000000.0000,-999
1570279.142856,5107649.142858,             CB82-08,778.00,-100000004091847880000000000000000000.0000,-999
1570261.285713,5107666.285716,             CB82-08,779.00,-100000004091847880000000000000000000.0000,-999
1570243.428571,5107683.428572,             CB82-08,780.00,-100000004091847880000000000000000000.0000,-999
1570225.571425,5107700.571432,             CB82-08,781.00,-100000004091847880000000000000000000.0000,-999
1570207.714284,5107717.714288,             CB82-08,782.00,-100000004091847880000000000000000000.0000,-999
1570189.857142,5107734.857144,             CB82-08,783.00,-100000004091847880000000000000000000.0000,-999
1570172.000000,5107752.000000,             CB82-08,784.00,-100000004091847880000000000000000000.0000,-999
1570154.315789,5107769.473684,             CB82-08,785.00,-100000004091847880000000000000000000.0000,-999
1570136.631579,5107786.947369,             CB82-08,786.00,-100000004091847880000000000000000000.0000,-999
1570118.947371,5107804.421051,             CB82-08,787.00,-100000004091847880000000000000000000.0000,-999
1570101.263157,5107821.894737,             CB82-08,788.00,-100000004091847880000000000000000000.0000,-999
1570083.578944,5107839.368424,             CB82-08,789.00,-100000004091847880000000000000000000.0000,-999
1570065.894741,5107856.842101,             CB82-08,790.00,-100000004091847880000000000000000000.0000,-999
1570048.210528,5107874.315788,             CB82-08,791.00,-100000004091847880000000000000000000.0000,-999
1570030.526315,5107891.789475,             CB82-08,792.00,-100000004091847880000000000000000000.0000,-999
1570012.842102,5107909.263162,             CB82-08,793.00,-100000004091847880000000000000000000.0000,-999
1569995.157888,5107926.736848,             CB82-08,794.00,-100000004091847880000000000000000000.0000,-999
1569977.473685,5107944.210525,             CB82-08,795.00,-100000004091847880000000000000000000.0000,-999
1569959.789482,5107961.684202,             CB82-08,796.00,-100000004091847880000000000000000000.0000,-999
1569942.105259,5107979.157899,             CB82-08,797.00,-100000004091847880000000000000000000.0000,-999
1569924.421056,5107996.631576,             CB82-08,798.00,-100000004091847880000000000000000000.0000,-999
1569906.736833,5108014.105273,             CB82-08,799.00,-100000004091847880000000000000000000.0000,-999
1569889.052629,5108031.578949,             CB82-08,800.00,-100000004091847880000000000000000000.0000,-999
1569871.368426,5108049.052626,             CB82-08,801.00,-100000004091847880000000000000000000.0000,-999
1569853.684203,5108066.526323,             CB82-08,802.00,-100000004091847880000000000000000000.0000,-999
1569836.000000,5108084.000000,             CB82-08,803.00,-100000004091847880000000000000000000.0000,-999
1569818.499999,5108101.666667,             CB82-08,804.00,-100000004091847880000000000000000000.0000,-999
1569800.999999,5108119.333334,             CB82-08,805.00,-100000004091847880000000000000000000.0000,-999
1569783.500000,5108137.000000,             CB82-08,806.00,-100000004091847880000000000000000000.0000,-999
1569765.999998,5108154.666669,             CB82-08,807.00,-100000004091847880000000000000000000.0000,-999
