1572016.000000 5105999.000000              CB82-08 682.00 1.6654 1.33086
1571999.000000 5106015.750000              CB82-08 683.00 1.6696 4.10564
1571982.000000 5106032.500000              CB82-08 684.00 1.6712 6.74149
1571948.000000 5106066.000000              CB82-08 686.00 1.6917 2.09607
1571930.300000 5106083.500000              CB82-08 687.00 1.6958 1.71575
1571912.599999 5106101.000001              CB82-08 688.00 1.6999 -2.36813
1571894.899998 5106118.500002              CB82-08 689.00 1.7040 -1.68519
1571877.199999 5106136.000001              CB82-08 690.00 1.7111 4.4221
1571859.500000 5106153.500000              CB82-08 691.00 1.7150 7.55015
1571841.799996 5106171.000004              CB82-08 692.00 1.7230 4.87149
1571824.100002 5106188.499998              CB82-08 693.00 1.7266 5.10284
1571806.399998 5106206.000002              CB82-08 694.00 1.7302 10.2502
1571788.700004 5106223.499996              CB82-08 695.00 1.7338 14.3018
1571771.000000 5106241.000000              CB82-08 696.00 1.7344 14.1134
1571752.945946 5106258.351352              CB82-08 697.00 1.7365 10.6322
1571734.891891 5106275.702704              CB82-08 698.00 1.7420 7.41658
1571716.837840 5106293.054052              CB82-08 699.00 1.7492 4.48407
1571698.783782 5106310.405407              CB82-08 700.00 1.7512 2.81707
1571680.729734 5106327.756753              CB82-08 701.00 1.7531 4.19625
1571662.675681 5106345.108103              CB82-08 702.00 1.7551 6.96441
1571644.621617 5106362.459464              CB82-08 703.00 1.7570 8.11168
1571626.567564 5106379.810814              CB82-08 704.00 1.7563 8.95604
1571608.513511 5106397.162165              CB82-08 705.00 1.7549 10.7548
1571590.459468 5106414.513506              CB82-08 706.00 1.7542 12.8246
1571572.405404 5106431.864866              CB82-08 707.00 1.7541 12.6747
1571554.351361 5106449.216207              CB82-08 708.00 1.7543 12.0506
1571536.297298 5106466.567567              CB82-08 709.00 1.7547 12.9742
1571518.243235 5106483.918927              CB82-08 710.00 1.7548 15.3022
1571500.189191 5106501.270268              CB82-08 711.00 1.7544 18.6449
1571482.135128 5106518.621628              CB82-08 712.00 1.7538 22.3389
1571464.081085 5106535.972969              CB82-08 713.00 1.7537 25.8869
1571446.027022 5106553.324329              CB82-08 714.00 1.7539 28.7046
1571427.972978 5106570.675671              CB82-08 715.00 1.7546 28.9378
1571409.918935 5106588.027012              CB82-08 716.00 1.7553 26.977
1571391.864852 5106605.378391              CB82-08 717.00 1.7560 23.0783
1571373.810809 5106622.729732              CB82-08 718.00 1.7566 21.0509
1571355.756765 5106640.081073              CB82-08 719.00 1.7573 19.8697
1571337.702722 5106657.432414              CB82-08 720.00 1.7580 17.8938
1571319.648639 5106674.783793              CB82-08 721.00 1.7589 13.5221
1571301.594596 5106692.135134              CB82-08 722.00 1.7586 9.34375
1571283.540552 5106709.486475              CB82-08 723.00 1.7569 7.49366
1571265.486469 5106726.837854              CB82-08 724.00 1.7566 6.63778
1571247.432426 5106744.189195              CB82-08 725.00 1.7555 5.85008
1571229.378383 5106761.540536              CB82-08 726.00 1.7544 1.02055
1571211.324339 5106778.891877              CB82-08 727.00 1.7533 -2.69721
1571193.270256 5106796.243257              CB82-08 728.00 1.7522 -1.05279
1571175.216213 5106813.594598              CB82-08 729.00 1.7511 5.01236
1571157.162170 5106830.945939              CB82-08 730.00 1.7500 8.6515
1571139.108126 5106848.297280              CB82-08 731.00 1.7507 10.0796
1571121.054043 5106865.648659              CB82-08 732.00 1.7518 9.21454
1571103.000000 5106883.000000              CB82-08 733.00 1.7532 8.92606
1571084.583333 5106899.833334              CB82-08 734.00 1.7536 10.0733
1571066.166666 5106916.666668              CB82-08 735.00 1.7529 12.7074
1571047.750000 5106933.500000              CB82-08 736.00 1.7523 15.8994
1571029.333331 5106950.333335              CB82-08 737.00 1.7521 17.3914
1571010.916669 5106967.166665              CB82-08 738.00 1.7522 17.4626
1570992.500000 5106984.000000              CB82-08 739.00 1.7520 16.7454
1570974.083338 5107000.833329              CB82-08 740.00 1.7518 16.1155
1570955.666662 5107017.666671              CB82-08 741.00 1.7518 15.779
1570937.250000 5107034.500000              CB82-08 742.00 1.7519 15.6222
1570918.833338 5107051.333329              CB82-08 743.00 1.7519 15.405
1570900.416662 5107068.166671              CB82-08 744.00 1.7516 14.6684
1570882.000000 5107085.000000              CB82-08 745.00 1.7513 13.8389
1570863.749999 5107102.035715              CB82-08 746.00 1.7506 13.0593
1570845.499998 5107119.071430              CB82-08 747.00 1.7504 12.707
1570827.249999 5107136.107143              CB82-08 748.00 1.7505 11.9672
1570808.999997 5107153.142860              CB82-08 749.00 1.7511 11.5936
1570790.749998 5107170.178573              CB82-08 750.00 1.7518 11.8316
1570772.499999 5107187.214287              CB82-08 751.00 1.7516 12.8972
1570754.250000 5107204.250000              CB82-08 752.00 1.7507 15.4897
1570735.999993 5107221.285720              CB82-08 753.00 1.7501 17.9754
1570717.750002 5107238.321427              CB82-08 754.00 1.7499 19.352
1570699.499996 5107255.357147              CB82-08 755.00 1.7498 18.4393
1570681.250004 5107272.392853              CB82-08 756.00 1.7500 17.5559
1570662.999998 5107289.428573              CB82-08 757.00 1.7501 17.3715
1570644.750007 5107306.464280              CB82-08 758.00 1.7499 17.9374
1570626.500000 5107323.500000              CB82-08 759.00 1.7499 16.6628
1570608.250009 5107340.535706              CB82-08 760.00 1.7504 14.3144
1570589.999987 5107357.571441              CB82-08 761.00 1.7519 12.368
1570571.749996 5107374.607147              CB82-08 762.00 1.7531 12.5657
1570553.500004 5107391.642853              CB82-08 763.00 1.7525 13.2615
1570535.250013 5107408.678559              CB82-08 764.00 1.7517 12.8372
1570516.999991 5107425.714294              CB82-08 765.00 1.7504 10.963
1570498.750000 5107442.750000              CB82-08 766.00 1.7491 8.26458
1570480.500009 5107459.785706              CB82-08 767.00 1.7488 5.32812
1570462.249987 5107476.821441              CB82-08 768.00 1.7488 4.14198
1570443.999996 5107493.857147              CB82-08 769.00 1.7488 4.32206
1570425.750004 5107510.892853              CB82-08 770.00 1.7490 5.29938
1570407.500013 5107527.928559              CB82-08 771.00 1.7478 6.23977
1570389.249991 5107544.964294              CB82-08 772.00 1.7463 6.92581
1570371.000000 5107562.000000              CB82-08 773.00 1.7447 7.70304
1570352.500000 5107579.500000              CB82-08 774.00 1.7439 9.34136
1570334.000000 5107597.000000              CB82-08 775.00 1.7436 10.9552
1570315.500000 5107614.500000              CB82-08 776.00 1.7433 13.7186
1570297.000000 5107632.000000              CB82-08 777.00 1.7431 16.2999
1570279.142856 5107649.142858              CB82-08 778.00 1.7430 17.3541
1570261.285713 5107666.285716              CB82-08 779.00 1.7427 16.7874
1570243.428571 5107683.428572              CB82-08 780.00 1.7421 15.3933
1570225.571425 5107700.571432              CB82-08 781.00 1.7408 13.5559
1570207.714284 5107717.714288              CB82-08 782.00 1.7394 11.3454
1570189.857142 5107734.857144              CB82-08 783.00 1.7378 9.09045
1570172.000000 5107752.000000              CB82-08 784.00 1.7333 6.78062
1570154.315789 5107769.473684              CB82-08 785.00 1.7232 8.40307
1570136.631579 5107786.947369              CB82-08 786.00 1.7211 11.9687
1570118.947371 5107804.421051              CB82-08 787.00 1.7199 12.7043
1570101.263157 5107821.894737              CB82-08 788.00 1.7186 11.5342
1570083.578944 5107839.368424              CB82-08 789.00 1.7176 11.5179
1570065.894741 5107856.842101              CB82-08 790.00 1.7171 12.7948
1570048.210528 5107874.315788              CB82-08 791.00 1.7166 13.0105
1570030.526315 5107891.789475              CB82-08 792.00 1.7164 11.392
1570012.842102 5107909.263162              CB82-08 793.00 1.7140 7.50545
1569995.157888 5107926.736848              CB82-08 794.00 1.7040 11.1823
1569977.473685 5107944.210525              CB82-08 795.00 1.7024 13.7972
1569959.789482 5107961.684202              CB82-08 796.00 1.7011 13.9019
1569942.105259 5107979.157899              CB82-08 797.00 1.6992 11.4818
1569924.421056 5107996.631576              CB82-08 798.00 1.6964 9.41773
1569906.736833 5108014.105273              CB82-08 799.00 1.6923 8.85032
1569889.052629 5108031.578949              CB82-08 800.00 1.6891 8.73489
1569871.368426 5108049.052626              CB82-08 801.00 1.6847 8.57742
1569853.684203 5108066.526323              CB82-08 802.00 1.6813 8.30268
1569836.000000 5108084.000000              CB82-08 803.00 1.6773 7.31531
1569818.499999 5108101.666667              CB82-08 804.00 1.6720 9.3921
1569800.999999 5108119.333334              CB82-08 805.00 1.6708 11.6118
1569783.500000 5108137.000000              CB82-08 806.00 1.6708 12.257
1569765.999998 5108154.666669              CB82-08 807.00 1.6708 11.6789
