1583731.222204 5094735.688905              CB82-08 29.00 1.4903 0
1583713.444427 5094751.177793              CB82-08 30.00 1.4912 0
1583695.666651 5094766.666681              CB82-08 31.00 1.4918 0
1583677.888874 5094782.155568              CB82-08 32.00 1.4920 0
1583660.111097 5094797.644456              CB82-08 33.00 1.4917 0
1583642.333321 5094813.133344              CB82-08 34.00 1.4913 0
1583624.555544 5094828.622232              CB82-08 35.00 1.4909 0
1583606.777767 5094844.111120              CB82-08 36.00 1.4903 0
1583588.999990 5094859.600008              CB82-08 37.00 1.4898 0
1583571.222214 5094875.088896              CB82-08 38.00 1.4894 0
1583553.444437 5094890.577784              CB82-08 39.00 1.4891 0
1583535.666660 5094906.066672              CB82-08 40.00 1.4889 0
1583517.888884 5094921.555560              CB82-08 41.00 1.4885 0
1583500.111107 5094937.044448              CB82-08 42.00 1.4882 0
1583482.333330 5094952.533336              CB82-08 43.00 1.4879 0
1583464.555553 5094968.022224              CB82-08 44.00 1.4876 0
1583446.777777 5094983.511112              CB82-08 45.00 1.4875 0
1583429.000000 5094999.000000              CB82-08 46.00 1.4876 0
1583411.160000 5095015.040000              CB82-08 47.00 1.4879 0
1583393.320001 5095031.079999              CB82-08 48.00 1.4879 0
1583375.480001 5095047.119999              CB82-08 49.00 1.4875 0
1583357.640002 5095063.159999              CB82-08 50.00 1.4870 0
1583339.799999 5095079.200001              CB82-08 51.00 1.4867 0
1583321.960002 5095095.239998              CB82-08 52.00 1.4863 0
1583304.119999 5095111.280000              CB82-08 53.00 1.4858 0
1583286.280003 5095127.319997              CB82-08 54.00 1.4853 0
1583268.439994 5095143.360006              CB82-08 55.00 1.4852 0
1583250.599997 5095159.400002              CB82-08 56.00 1.4853 0
1583232.760001 5095175.439999              CB82-08 57.00 1.4854 0
1583214.920005 5095191.479996              CB82-08 58.00 1.4858 0
1583197.080009 5095207.519992              CB82-08 59.00 1.4862 0
1583179.239999 5095223.560001              CB82-08 60.00 1.4864 0
1583161.399989 5095239.600010              CB82-08 61.00 1.4862 0
1583143.560006 5095255.639994              CB82-08 62.00 1.4860 0
1583125.719997 5095271.680003              CB82-08 63.00 1.4857 0
1583107.879987 5095287.720011              CB82-08 64.00 1.4855 0
1583090.040004 5095303.759996              CB82-08 65.00 1.4853 0
1583072.199995 5095319.800005              CB82-08 66.00 1.4850 0
1583054.360012 5095335.839989              CB82-08 67.00 1.4846 0
1583036.520002 5095351.879998              CB82-08 68.00 1.4841 0
1583018.679993 5095367.920007              CB82-08 69.00 1.4836 0
1583000.840010 5095383.959991              CB82-08 70.00 1.4836 0
1582983.000000 5095400.000000              CB82-08 71.00 1.4836 0
1582964.833333 5095417.750001              CB82-08 72.00 1.4839 0
1582946.666666 5095435.500001              CB82-08 73.00 1.4841 0
1582928.500000 5095453.250000              CB82-08 74.00 1.4839 0
1582910.333331 5095471.000002              CB82-08 75.00 1.4836 0
1582892.166669 5095488.749998              CB82-08 76.00 1.4833 0
1582874.000000 5095506.500000              CB82-08 77.00 1.4830 0
1582855.833338 5095524.249996              CB82-08 78.00 1.4828 0
1582837.666662 5095542.000004              CB82-08 79.00 1.4824 0
1582819.500000 5095559.750000              CB82-08 80.00 1.4819 0
1582801.333338 5095577.499996              CB82-08 81.00 1.4814 0
1582783.166662 5095595.250004              CB82-08 82.00 1.4811 0
1582765.000000 5095613.000000              CB82-08 83.00 1.4809 0
1582747.277778 5095630.055556              CB82-08 84.00 1.4808 0
1582729.555555 5095647.111111              CB82-08 85.00 1.4808 0
1582711.833332 5095664.166668              CB82-08 86.00 1.4810 0
1582694.111111 5095681.222223              CB82-08 87.00 1.4810 0
1582676.388885 5095698.277782              CB82-08 88.00 1.4808 0
1582658.666663 5095715.333336              CB82-08 89.00 1.4808 0
1582640.944442 5095732.388891              CB82-08 90.00 1.4806 0
1582623.222221 5095749.444445              CB82-08 91.00 1.4803 0
1582605.500000 5095766.500000              CB82-08 92.00 1.4802 0
1582587.777769 5095783.555564              CB82-08 93.00 1.4802 0
1582570.055558 5095800.611109              CB82-08 94.00 1.4799 0
1582552.333327 5095817.666673              CB82-08 95.00 1.4797 0
1582534.611115 5095834.722218              CB82-08 96.00 1.4798 0
1582516.888885 5095851.777782              CB82-08 97.00 1.4801 0
1582499.166673 5095868.833327              CB82-08 98.00 1.4801 0
1582481.444442 5095885.888891              CB82-08 99.00 1.4802 0
1582463.722231 5095902.944436              CB82-08 100.00 1.4800 0
1582446.000000 5095920.000000              CB82-08 101.00 1.4797 0
1582428.063063 5095937.414415              CB82-08 102.00 1.4794 0
1582410.126125 5095954.828830              CB82-08 103.00 1.4789 0
1582392.189188 5095972.243245              CB82-08 104.00 1.4787 0
1582374.252251 5095989.657659              CB82-08 105.00 1.4784 0
1582356.315317 5096007.072071              CB82-08 106.00 1.4784 0
1582338.378376 5096024.486489              CB82-08 107.00 1.4784 0
1582320.441442 5096041.900900              CB82-08 108.00 1.4783 0
1582302.504501 5096059.315319              CB82-08 109.00 1.4781 0
1582284.567575 5096076.729723              CB82-08 110.00 1.4780 0
1582266.630634 5096094.144141              CB82-08 111.00 1.4781 0
1582248.693693 5096111.558560              CB82-08 112.00 1.4781 0
1582230.756752 5096128.972978              CB82-08 113.00 1.4782 0
1582212.819825 5096146.387382              CB82-08 114.00 1.4782 0
1582194.882884 5096163.801801              CB82-08 115.00 1.4779 0
1582176.945958 5096181.216205              CB82-08 116.00 1.4776 0
1582159.009002 5096198.630637              CB82-08 117.00 1.4773 0
1582141.072076 5096216.045041              CB82-08 118.00 1.4769 0
1582123.135150 5096233.459445              CB82-08 119.00 1.4764 0
1582105.198194 5096250.873878              CB82-08 120.00 1.4766 0
1582087.261267 5096268.288282              CB82-08 121.00 1.4773 0
1582069.324311 5096285.702715              CB82-08 122.00 1.4779 0
1582051.387385 5096303.117119              CB82-08 123.00 1.4777 0
1582033.450459 5096320.531523              CB82-08 124.00 1.4773 0
1582015.513503 5096337.945956              CB82-08 125.00 1.4771 0
1581997.576577 5096355.360360              CB82-08 126.00 1.4770 0
1581979.639651 5096372.774764              CB82-08 127.00 1.4768 0
1581961.702695 5096390.189197              CB82-08 128.00 1.4764 0
1581943.765768 5096407.603601              CB82-08 129.00 1.4757 0
1581925.828842 5096425.018005              CB82-08 130.00 1.4749 0
1581907.891916 5096442.432409              CB82-08 131.00 1.4745 0
1581889.954930 5096459.846871              CB82-08 132.00 1.4744 0
1581872.018004 5096477.261275              CB82-08 133.00 1.4741 0
1581854.081078 5096494.675679              CB82-08 134.00 1.4738 0
1581836.144152 5096512.090083              CB82-08 135.00 1.4734 0
1581818.207225 5096529.504487              CB82-08 136.00 1.4726 0
1581800.270299 5096546.918891              CB82-08 137.00 1.4719 0
1581782.333314 5096564.333353              CB82-08 138.00 1.4715 0
1581764.396387 5096581.747757              CB82-08 139.00 1.4712 0
1581746.459461 5096599.162161              CB82-08 140.00 1.4707 0
1581728.522535 5096616.576565              CB82-08 141.00 1.4705 0
1581710.585609 5096633.990969              CB82-08 142.00 1.4704 0
1581692.648623 5096651.405430              CB82-08 143.00 1.4705 0
1581674.711697 5096668.819834              CB82-08 144.00 1.4706 0
1581656.774770 5096686.234238              CB82-08 145.00 1.4711 0
1581638.837844 5096703.648642              CB82-08 146.00 1.4713 0
1581620.900918 5096721.063046              CB82-08 147.00 1.4714 0
1581602.963992 5096738.477450              CB82-08 148.00 1.4712 0
1581585.027006 5096755.891912              CB82-08 149.00 1.4707 0
1581567.090080 5096773.306316              CB82-08 150.00 1.4699 0
1581549.153154 5096790.720720              CB82-08 151.00 1.4695 0
1581531.216227 5096808.135124              CB82-08 152.00 1.4697 0
1581513.279301 5096825.549528              CB82-08 153.00 1.4696 0
1581495.342316 5096842.963990              CB82-08 154.00 1.4693 0
1581477.405389 5096860.378394              CB82-08 155.00 1.4690 0
1581459.468463 5096877.792798              CB82-08 156.00 1.4686 0
1581441.531537 5096895.207202              CB82-08 157.00 1.4682 0
1581423.594611 5096912.621606              CB82-08 158.00 1.4684 0
1581405.657684 5096930.036010              CB82-08 159.00 1.4685 0
1581387.720758 5096947.450414              CB82-08 160.00 1.4683 0
1581369.783832 5096964.864818              CB82-08 161.00 1.4678 0
1581351.846906 5096982.279222              CB82-08 162.00 1.4671 0
1581333.909861 5096999.693741              CB82-08 163.00 1.4669 0
1581315.972934 5097017.108145              CB82-08 164.00 1.4670 0
1581298.036008 5097034.522550              CB82-08 165.00 1.4669 0
1581280.099082 5097051.936954              CB82-08 166.00 1.4666 0
1581262.162156 5097069.351358              CB82-08 167.00 1.4661 0
1581244.225230 5097086.765762              CB82-08 168.00 1.4659 0
1581226.288303 5097104.180166              CB82-08 169.00 1.4656 0
1581208.351377 5097121.594570              CB82-08 170.00 1.4654 0
1581190.414451 5097139.008974              CB82-08 171.00 1.4652 0
1581172.477525 5097156.423378              CB82-08 172.00 1.4651 0
1581154.540598 5097173.837782              CB82-08 173.00 1.4649 0
1581136.603553 5097191.252301              CB82-08 174.00 1.4651 0
1581118.666627 5097208.666705              CB82-08 175.00 1.4652 0
1581100.729701 5097226.081109              CB82-08 176.00 1.4651 0
1581082.792775 5097243.495513              CB82-08 177.00 1.4650 0
1581064.855848 5097260.909917              CB82-08 178.00 1.4649 0
1581046.918922 5097278.324321              CB82-08 179.00 1.4644 0
1581028.981996 5097295.738725              CB82-08 180.00 1.4640 0
1581011.045070 5097313.153129              CB82-08 181.00 1.4636 0
1580993.108143 5097330.567533              CB82-08 182.00 1.4632 0
1580975.171217 5097347.981937              CB82-08 183.00 1.4627 0
1580957.234291 5097365.396341              CB82-08 184.00 1.4624 0
1580939.297246 5097382.810861              CB82-08 185.00 1.4619 0
1580921.360320 5097400.225265              CB82-08 186.00 1.4615 0
1580903.423393 5097417.639669              CB82-08 187.00 1.4613 0
1580885.486467 5097435.054073              CB82-08 188.00 1.4610 0
1580867.549541 5097452.468477              CB82-08 189.00 1.4603 0
1580849.612615 5097469.882881              CB82-08 190.00 1.4597 0
1580831.675689 5097487.297285              CB82-08 191.00 1.4594 0
1580813.738762 5097504.711689              CB82-08 192.00 1.4594 0
1580795.801836 5097522.126093              CB82-08 193.00 1.4593 0
1580777.864910 5097539.540497              CB82-08 194.00 1.4591 0
1580759.927984 5097556.954901              CB82-08 195.00 1.4589 0
1580741.990939 5097574.369420              CB82-08 196.00 1.4585 0
1580724.054012 5097591.783824              CB82-08 197.00 1.4584 0
1580706.117086 5097609.198228              CB82-08 198.00 1.4583 0
1580688.180160 5097626.612632              CB82-08 199.00 1.4583 0
1580670.243234 5097644.027036              CB82-08 200.00 1.4582 0
1580652.306307 5097661.441440              CB82-08 201.00 1.4580 0
1580634.369381 5097678.855844              CB82-08 202.00 1.4578 0
1580616.432455 5097696.270248              CB82-08 203.00 1.4573 0
1580598.495529 5097713.684653              CB82-08 204.00 1.4568 0
1580580.558602 5097731.099057              CB82-08 205.00 1.4564 0
1580562.621676 5097748.513461              CB82-08 206.00 1.4562 0
1580544.684631 5097765.927980              CB82-08 207.00 1.4562 0
1580526.747705 5097783.342384              CB82-08 208.00 1.4559 0
1580508.810779 5097800.756788              CB82-08 209.00 1.4556 0
1580490.873852 5097818.171192              CB82-08 210.00 1.4554 0
1580472.936926 5097835.585596              CB82-08 211.00 1.4555 0
1580455.000000 5097853.000000              CB82-08 212.00 1.4555 0
1580436.888889 5097870.444445              CB82-08 213.00 1.4555 0
1580418.777778 5097887.888889              CB82-08 214.00 1.4553 0
1580400.666665 5097905.333335              CB82-08 215.00 1.4551 0
1580382.555555 5097922.777778              CB82-08 216.00 1.4548 0
1580364.444440 5097940.222226              CB82-08 217.00 1.4546 0
1580346.333330 5097957.666670              CB82-08 218.00 1.4547 0
1580328.222220 5097975.111113              CB82-08 219.00 1.4547 0
1580310.111110 5097992.555557              CB82-08 220.00 1.4548 0
1580292.000000 5098010.000000              CB82-08 221.00 1.4552 0
1580273.909090 5098027.000001              CB82-08 222.00 1.4554 0
1580255.818181 5098044.000001              CB82-08 223.00 1.4553 0
1580237.727271 5098061.000002              CB82-08 224.00 1.4555 0
1580219.636361 5098078.000002              CB82-08 225.00 1.4556 0
1580201.545452 5098095.000003              CB82-08 226.00 1.4557 0
1580183.454542 5098112.000003              CB82-08 227.00 1.4558 0
1580165.363639 5098128.999998              CB82-08 228.00 1.4553 0
1580147.272723 5098146.000004              CB82-08 229.00 1.4549 0
1580129.181819 5098162.999999              CB82-08 230.00 1.4547 0
1580111.090904 5098180.000005              CB82-08 231.00 1.4546 0
1580093.000000 5098197.000000              CB82-08 232.00 1.4545 0
1580074.666666 5098214.416667              CB82-08 233.00 1.4545 0
1580056.333332 5098231.833334              CB82-08 234.00 1.4544 0
1580038.000000 5098249.250000              CB82-08 235.00 1.4540 0
1580019.666664 5098266.666669              CB82-08 236.00 1.4536 0
1580001.333336 5098284.083331              CB82-08 237.00 1.4537 0
1579983.000000 5098301.500000              CB82-08 238.00 1.4540 0
1579964.666671 5098318.916663              CB82-08 239.00 1.4544 0
1579946.333329 5098336.333337              CB82-08 240.00 1.4547 0
1579928.000000 5098353.750000              CB82-08 241.00 1.4548 0
1579909.666671 5098371.166663              CB82-08 242.00 1.4547 0
1579891.333329 5098388.583337              CB82-08 243.00 1.4546 0
1579873.000000 5098406.000000              CB82-08 244.00 1.4543 0
1579855.000000 5098423.214286              CB82-08 245.00 1.4540 0
1579836.999999 5098440.428572              CB82-08 246.00 1.4537 0
1579818.999998 5098457.642859              CB82-08 247.00 1.4534 0
1579800.999999 5098474.857144              CB82-08 248.00 1.4535 0
1579783.000000 5098492.071429              CB82-08 249.00 1.4537 0
1579764.999995 5098509.285719              CB82-08 250.00 1.4537 0
1579746.999996 5098526.500004              CB82-08 251.00 1.4535 0
1579728.999997 5098543.714288              CB82-08 252.00 1.4533 0
1579710.999998 5098560.928573              CB82-08 253.00 1.4532 0
1579692.999999 5098578.142858              CB82-08 254.00 1.4533 0
1579674.999989 5098595.357153              CB82-08 255.00 1.4533 0
1579656.999990 5098612.571438              CB82-08 256.00 1.4534 0
1579638.999991 5098629.785722              CB82-08 257.00 1.4533 0
1579620.999992 5098647.000007              CB82-08 258.00 1.4528 0
1579602.999994 5098664.214292              CB82-08 259.00 1.4524 0
1579584.999995 5098681.428577              CB82-08 260.00 1.4520 0
1579566.999996 5098698.642861              CB82-08 261.00 1.4520 0
1579548.999997 5098715.857146              CB82-08 262.00 1.4521 0
1579530.999998 5098733.071431              CB82-08 263.00 1.4522 0
1579512.999999 5098750.285715              CB82-08 264.00 1.4519 0
1579495.000000 5098767.500000              CB82-08 265.00 1.4519 0
1579476.999979 5098784.714306              CB82-08 266.00 1.4519 0
1579459.000002 5098801.928569              CB82-08 267.00 1.4519 0
1579440.999981 5098819.142876              CB82-08 268.00 1.4517 0
1579423.000004 5098836.357139              CB82-08 269.00 1.4515 0
1579404.999983 5098853.571445              CB82-08 270.00 1.4514 0
1579387.000006 5098870.785708              CB82-08 271.00 1.4517 0
1579368.999985 5098888.000014              CB82-08 272.00 1.4521 0
1579351.000009 5098905.214278              CB82-08 273.00 1.4523 0
1579332.999987 5098922.428584              CB82-08 274.00 1.4525 0
1579315.000011 5098939.642847              CB82-08 275.00 1.4522 0
1579296.999989 5098956.857153              CB82-08 276.00 1.4512 0
1579279.000013 5098974.071416              CB82-08 277.00 1.4507 0
1579260.999991 5098991.285722              CB82-08 278.00 1.4503 0
1579243.000015 5099008.499986              CB82-08 279.00 1.4501 0
1579224.999994 5099025.714292              CB82-08 280.00 1.4503 0
1579207.000017 5099042.928555              CB82-08 281.00 1.4506 0
1579188.999996 5099060.142861              CB82-08 282.00 1.4511 0
1579171.000019 5099077.357124              CB82-08 283.00 1.4513 0
1579152.999998 5099094.571431              CB82-08 284.00 1.4511 0
1579135.000021 5099111.785694              CB82-08 285.00 1.4508 0
1579117.000000 5099129.000000              CB82-08 286.00 1.4504 0
1579099.000000 5099146.347826              CB82-08 287.00 1.4501 0
1579080.999999 5099163.695653              CB82-08 288.00 1.4500 0
1579063.000001 5099181.043478              CB82-08 289.00 1.4500 0
1579044.999999 5099198.391306              CB82-08 290.00 1.4500 0
1579027.000003 5099215.739128              CB82-08 291.00 1.4502 0
1579009.000001 5099233.086955              CB82-08 292.00 1.4504 0
1578991.000005 5099250.434777              CB82-08 293.00 1.4510 0
1578972.999997 5099267.782611              CB82-08 294.00 1.4516 0
1578955.000002 5099285.130433              CB82-08 295.00 1.4516 0
1578937.000006 5099302.478255              CB82-08 296.00 1.4511 0
1578918.999998 5099319.826089              CB82-08 297.00 1.4507 0
1578901.000002 5099337.173911              CB82-08 298.00 1.4506 0
1578883.000006 5099354.521733              CB82-08 299.00 1.4507 0
1578865.000011 5099371.869555              CB82-08 300.00 1.4507 0
1578846.999990 5099389.217401              CB82-08 301.00 1.4503 0
1578828.999995 5099406.565223              CB82-08 302.00 1.4497 0
1578810.999999 5099423.913045              CB82-08 303.00 1.4492 0
1578793.000003 5099441.260866              CB82-08 304.00 1.4488 0
1578775.000008 5099458.608688              CB82-08 305.00 1.4489 0
1578757.000012 5099475.956510              CB82-08 306.00 1.4489 0
1578738.999991 5099493.304356              CB82-08 307.00 1.4491 0
1578720.999996 5099510.652178              CB82-08 308.00 1.4491 0
1578703.000000 5099528.000000              CB82-08 309.00 1.4492 0
1578685.270270 5099545.378379              CB82-08 310.00 1.4495 0
1578667.540540 5099562.756758              CB82-08 311.00 1.4495 0
1578649.810813 5099580.135133              CB82-08 312.00 1.4493 0
1578632.081079 5099597.513515              CB82-08 313.00 1.4488 0
1578614.351355 5099614.891888              CB82-08 314.00 1.4482 0
1578596.621626 5099632.270266              CB82-08 315.00 1.4475 0
1578578.891888 5099649.648653              CB82-08 316.00 1.4470 0
1578561.162159 5099667.027030              CB82-08 317.00 1.4470 0
1578543.432430 5099684.405408              CB82-08 318.00 1.4472 0
1578525.702711 5099701.783776              CB82-08 319.00 1.4474 0
1578507.972972 5099719.162163              CB82-08 320.00 1.4476 0
1578490.243253 5099736.540531              CB82-08 321.00 1.4474 0
1578472.513514 5099753.918918              CB82-08 322.00 1.4473 0
1578454.783775 5099771.297306              CB82-08 323.00 1.4474 0
1578437.054056 5099788.675674              CB82-08 324.00 1.4472 0
1578419.324317 5099806.054061              CB82-08 325.00 1.4468 0
1578401.594598 5099823.432429              CB82-08 326.00 1.4463 0
1578383.864860 5099840.810816              CB82-08 327.00 1.4460 0
1578366.135140 5099858.189184              CB82-08 328.00 1.4459 0
1578348.405421 5099875.567552              CB82-08 329.00 1.4461 0
1578330.675663 5099892.945958              CB82-08 330.00 1.4461 0
1578312.945944 5099910.324326              CB82-08 331.00 1.4459 0
1578295.216225 5099927.702694              CB82-08 332.00 1.4456 0
1578277.486506 5099945.081062              CB82-08 333.00 1.4453 0
1578259.756747 5099962.459469              CB82-08 334.00 1.4450 0
1578242.027028 5099979.837837              CB82-08 335.00 1.4447 0
1578224.297309 5099997.216205              CB82-08 336.00 1.4448 0
1578206.567551 5100014.594611              CB82-08 337.00 1.4449 0
1578188.837831 5100031.972979              CB82-08 338.00 1.4447 0
1578171.108112 5100049.351347              CB82-08 339.00 1.4442 0
1578153.378393 5100066.729715              CB82-08 340.00 1.4437 0
1578135.648635 5100084.108122              CB82-08 341.00 1.4437 0
1578117.918916 5100101.486490              CB82-08 342.00 1.4438 0
1578100.189197 5100118.864858              CB82-08 343.00 1.4437 0
1578082.459477 5100136.243226              CB82-08 344.00 1.4434 0
1578064.729719 5100153.621632              CB82-08 345.00 1.4431 0
1578047.000000 5100171.000000              CB82-08 346.00 1.4430 0
1578029.176471 5100188.764706              CB82-08 347.00 1.4428 0
1578011.352941 5100206.529412              CB82-08 348.00 1.4425 0
1577993.529410 5100224.294119              CB82-08 349.00 1.4420 0
1577975.705882 5100242.058824              CB82-08 350.00 1.4414 0
1577957.882349 5100259.823533              CB82-08 351.00 1.4410 0
1577940.058821 5100277.588238              CB82-08 352.00 1.4408 0
1577922.235293 5100295.352943              CB82-08 353.00 1.4405 0
1577904.411764 5100313.117648              CB82-08 354.00 1.4404 0
1577886.588227 5100330.882361              CB82-08 355.00 1.4398 0
1577868.764698 5100348.647066              CB82-08 356.00 1.4391 0
1577850.941170 5100366.411771              CB82-08 357.00 1.4388 0
1577833.117642 5100384.176476              CB82-08 358.00 1.4383 0
1577815.294113 5100401.941181              CB82-08 359.00 1.4380 0
1577797.470585 5100419.705886              CB82-08 360.00 1.4377 0
1577779.647057 5100437.470590              CB82-08 361.00 1.4373 0
1577761.823528 5100455.235295              CB82-08 362.00 1.4371 0
1577744.000000 5100473.000000              CB82-08 363.00 1.4371 0
1577726.384615 5100490.692308              CB82-08 364.00 1.4371 0
1577708.769229 5100508.384617              CB82-08 365.00 1.4374 0
1577691.153846 5100526.076923              CB82-08 366.00 1.4377 0
1577673.538459 5100543.769233              CB82-08 367.00 1.4380 0
1577655.923075 5100561.461540              CB82-08 368.00 1.4377 0
1577638.307692 5100579.153847              CB82-08 369.00 1.4377 0
1577620.692301 5100596.846160              CB82-08 370.00 1.4377 0
1577603.076918 5100614.538467              CB82-08 371.00 1.4378 0
1577585.461534 5100632.230773              CB82-08 372.00 1.4376 0
1577567.846151 5100649.923080              CB82-08 373.00 1.4376 0
1577550.230767 5100667.615387              CB82-08 374.00 1.4376 0
1577532.615384 5100685.307693              CB82-08 375.00 1.4373 0
1577515.000000 5100703.000000              CB82-08 376.00 1.4372 0
1577497.027778 5100720.250000              CB82-08 377.00 1.4368 0
1577479.055555 5100737.500000              CB82-08 378.00 1.4367 0
1577461.083332 5100754.750002              CB82-08 379.00 1.4366 0
1577443.111111 5100772.000001              CB82-08 380.00 1.4365 0
1577425.138885 5100789.250004              CB82-08 381.00 1.4366 0
1577407.166663 5100806.500003              CB82-08 382.00 1.4364 0
1577389.194442 5100823.750002              CB82-08 383.00 1.4361 0
1577371.222221 5100841.000001              CB82-08 384.00 1.4362 0
1577353.250000 5100858.250000              CB82-08 385.00 1.4366 0
1577335.277769 5100875.500008              CB82-08 386.00 1.4369 0
1577317.305558 5100892.749998              CB82-08 387.00 1.4371 0
1577299.333327 5100910.000006              CB82-08 388.00 1.4370 0
1577281.361115 5100927.249996              CB82-08 389.00 1.4370 0
1577263.388885 5100944.500004              CB82-08 390.00 1.4368 0
1577245.416673 5100961.749994              CB82-08 391.00 1.4366 0
1577227.444442 5100979.000002              CB82-08 392.00 1.4364 0
1577209.472231 5100996.249992              CB82-08 393.00 1.4360 0
1577191.500000 5101013.500000              CB82-08 394.00 1.4357 0
1577173.527769 5101030.750008              CB82-08 395.00 1.4353 0
1577155.555538 5101048.000016              CB82-08 396.00 1.4350 0
1577137.583346 5101065.249988              CB82-08 397.00 1.4346 0
1577119.611115 5101082.499996              CB82-08 398.00 1.4346 0
1577101.638885 5101099.750004              CB82-08 399.00 1.4348 0
1577083.666654 5101117.000012              CB82-08 400.00 1.4351 0
1577065.694462 5101134.249984              CB82-08 401.00 1.4356 0
1577047.722231 5101151.499992              CB82-08 402.00 1.4358 0
1577029.750000 5101168.750000              CB82-08 403.00 1.4361 0
1577011.777769 5101186.000008              CB82-08 404.00 1.4358 0
1576993.805538 5101203.250016              CB82-08 405.00 1.4353 0
1576975.833346 5101220.499988              CB82-08 406.00 1.4343 0
1576957.861115 5101237.749996              CB82-08 407.00 1.4336 0
1576939.888885 5101255.000004              CB82-08 408.00 1.4335 0
1576921.916654 5101272.250012              CB82-08 409.00 1.4333 0
1576903.944462 5101289.499984              CB82-08 410.00 1.4333 0
1576885.972231 5101306.749992              CB82-08 411.00 1.4328 0
1576868.000000 5101324.000000              CB82-08 412.00 1.4324 0
1576849.500000 5101340.687500              CB82-08 413.00 1.4321 0
1576831.000000 5101357.375000              CB82-08 414.00 1.4317 0
1576812.500000 5101374.062500              CB82-08 415.00 1.4315 0
1576794.000000 5101390.750000              CB82-08 416.00 1.4312 0
1576775.500000 5101407.437500              CB82-08 417.00 1.4312 0
1576757.000000 5101424.125000              CB82-08 418.00 1.4315 0
1576738.500000 5101440.812500              CB82-08 419.00 1.4314 0
1576720.000000 5101457.500000              CB82-08 420.00 1.4311 0
1576701.500000 5101474.187500              CB82-08 421.00 1.4308 0
1576683.000000 5101490.875000              CB82-08 422.00 1.4304 0
1576664.500000 5101507.562500              CB82-08 423.00 1.4300 0
1576646.000000 5101524.250000              CB82-08 424.00 1.4300 0
1576627.500000 5101540.937500              CB82-08 425.00 1.4299 0
1576609.000000 5101557.625000              CB82-08 426.00 1.4299 0
1576590.500000 5101574.312500              CB82-08 427.00 1.4299 0
1576572.000000 5101591.000000              CB82-08 428.00 1.4298 0
1576554.157895 5101608.157895              CB82-08 429.00 1.4297 0
1576536.315789 5101625.315790              CB82-08 430.00 1.4296 0
1576518.473686 5101642.473682              CB82-08 431.00 1.4298 0
1576500.631578 5101659.631579              CB82-08 432.00 1.4303 0
1576482.789470 5101676.789477              CB82-08 433.00 1.4299 0
1576464.947373 5101693.947364              CB82-08 434.00 1.4294 0
1576447.105265 5101711.105262              CB82-08 435.00 1.4287 0
1576429.263157 5101728.263159              CB82-08 436.00 1.4280 0
1576411.421049 5101745.421056              CB82-08 437.00 1.4276 0
1576393.578941 5101762.578954              CB82-08 438.00 1.4273 0
1576375.736843 5101779.736841              CB82-08 439.00 1.4269 0
1576357.894745 5101796.894729              CB82-08 440.00 1.4265 0
1576340.052627 5101814.052636              CB82-08 441.00 1.4263 0
1576322.210530 5101831.210523              CB82-08 442.00 1.4263 0
1576304.368411 5101848.368430              CB82-08 443.00 1.4261 0
1576286.526314 5101865.526318              CB82-08 444.00 1.4261 0
1576268.684216 5101882.684205              CB82-08 445.00 1.4259 0
1576250.842098 5101899.842112              CB82-08 446.00 1.4255 0
1576233.000000 5101917.000000              CB82-08 447.00 1.4251 0
1576215.126761 5101934.450704              CB82-08 448.00 1.4245 0
1576197.253522 5101951.901408              CB82-08 449.00 1.4240 0
1576179.380283 5101969.352112              CB82-08 450.00 1.4240 0
1576161.507044 5101986.802816              CB82-08 451.00 1.4237 0
1576143.633800 5102004.253524              CB82-08 452.00 1.4232 0
1576125.760565 5102021.704223              CB82-08 453.00 1.4224 0
1576107.887322 5102039.154932              CB82-08 454.00 1.4219 0
1576090.014087 5102056.605631              CB82-08 455.00 1.4215 0
1576072.140853 5102074.056330              CB82-08 456.00 1.4213 0
1576054.267600 5102091.507048              CB82-08 457.00 1.4209 0
1576036.394365 5102108.957748              CB82-08 458.00 1.4205 0
1576018.521131 5102126.408447              CB82-08 459.00 1.4203 0
1576000.647896 5102143.859146              CB82-08 460.00 1.4201 0
1575982.774643 5102161.309864              CB82-08 461.00 1.4199 0
1575964.901409 5102178.760563              CB82-08 462.00 1.4195 0
1575947.028174 5102196.211262              CB82-08 463.00 1.4191 0
1575929.154921 5102213.661980              CB82-08 464.00 1.4189 0
1575911.281706 5102231.112661              CB82-08 465.00 1.4185 0
1575893.408452 5102248.563379              CB82-08 466.00 1.4182 0
1575875.535199 5102266.014096              CB82-08 467.00 1.4179 0
1575857.661984 5102283.464777              CB82-08 468.00 1.4174 0
1575839.788730 5102300.915495              CB82-08 469.00 1.4170 0
1575821.915477 5102318.366213              CB82-08 470.00 1.4166 0
1575804.042262 5102335.816894              CB82-08 471.00 1.4162 0
1575786.169008 5102353.267611              CB82-08 472.00 1.4156 0
1575768.295793 5102370.718292              CB82-08 473.00 1.4151 0
1575750.422539 5102388.169010              CB82-08 474.00 1.4146 0
1575732.549286 5102405.619728              CB82-08 475.00 1.4143 0
1575714.676071 5102423.070408              CB82-08 476.00 1.4141 0
1575696.802817 5102440.521126              CB82-08 477.00 1.4139 0
1575678.929564 5102457.971844              CB82-08 478.00 1.4137 0
1575661.056349 5102475.422525              CB82-08 479.00 1.4136 0
1575643.183095 5102492.873243              CB82-08 480.00 1.4135 0
1575625.309842 5102510.323960              CB82-08 481.00 1.4133 0
1575607.436627 5102527.774641              CB82-08 482.00 1.4131 0
1575589.563411 5102545.225322              CB82-08 483.00 1.4126 0
1575571.690158 5102562.676040              CB82-08 484.00 1.4123 0
1575553.816905 5102580.126757              CB82-08 485.00 1.4119 0
1575535.943651 5102597.577475              CB82-08 486.00 1.4116 0
1575518.070398 5102615.028193              CB82-08 487.00 1.4114 0
1575500.197220 5102632.478837              CB82-08 488.00 1.4113 0
1575482.323967 5102649.929555              CB82-08 489.00 1.4110 0
1575464.450714 5102667.380272              CB82-08 490.00 1.4103 0
1575446.577461 5102684.830990              CB82-08 491.00 1.4100 0
1575428.704207 5102702.281708              CB82-08 492.00 1.4099 0
1575410.830954 5102719.732426              CB82-08 493.00 1.4101 0
1575392.957776 5102737.183069              CB82-08 494.00 1.4102 0
1575375.084523 5102754.633787              CB82-08 495.00 1.4102 0
1575357.211270 5102772.084505              CB82-08 496.00 1.4101 0
1575339.338016 5102789.535223              CB82-08 497.00 1.4100 0
1575321.464763 5102806.985940              CB82-08 498.00 1.4102 0
1575303.591586 5102824.436584              CB82-08 499.00 1.4103 0
1575285.718332 5102841.887302              CB82-08 500.00 1.4100 0
1575267.845079 5102859.338020              CB82-08 501.00 1.4097 0
1575249.971826 5102876.788738              CB82-08 502.00 1.4094 0
1575232.098572 5102894.239455              CB82-08 503.00 1.4093 0
1575214.225319 5102911.690173              CB82-08 504.00 1.4093 0
1575196.352141 5102929.140817              CB82-08 505.00 1.4093 0
1575178.478888 5102946.591535              CB82-08 506.00 1.4094 0
1575160.605635 5102964.042252              CB82-08 507.00 1.4096 0
1575142.732382 5102981.492970              CB82-08 508.00 1.4097 0
1575124.859128 5102998.943688              CB82-08 509.00 1.4098 0
1575106.985951 5103016.394332              CB82-08 510.00 1.4099 0
1575089.112697 5103033.845050              CB82-08 511.00 1.4101 0
1575071.239444 5103051.295767              CB82-08 512.00 1.4102 0
1575053.366191 5103068.746485              CB82-08 513.00 1.4104 0
1575035.492938 5103086.197203              CB82-08 514.00 1.4104 0
1575017.619684 5103103.647921              CB82-08 515.00 1.4101 0
1574999.746507 5103121.098565              CB82-08 516.00 1.4095 0
1574981.873253 5103138.549282              CB82-08 517.00 1.4093 0
1574964.000000 5103156.000000              CB82-08 518.00 1.4092 0
1574946.571428 5103173.571429              CB82-08 519.00 1.4087 0
1574929.142856 5103191.142859              CB82-08 520.00 1.4081 0
1574911.714285 5103208.714286              CB82-08 521.00 1.4074 0
1574894.285711 5103226.285717              CB82-08 522.00 1.4069 0
1574876.857141 5103243.857145              CB82-08 523.00 1.4066 0
1574859.428570 5103261.428572              CB82-08 524.00 1.4064 0
1574842.000000 5103279.000000              CB82-08 525.00 1.4066 0
1574824.111111 5103296.777778              CB82-08 526.00 1.4067 0
1574806.222222 5103314.555556              CB82-08 527.00 1.4068 0
1574788.333332 5103332.333335              CB82-08 528.00 1.4071 0
1574770.444444 5103350.111112              CB82-08 529.00 1.4074 0
1574752.555551 5103367.888893              CB82-08 530.00 1.4078 0
1574734.666663 5103385.666670              CB82-08 531.00 1.4078 0
1574716.777776 5103403.444447              CB82-08 532.00 1.4076 0
1574698.888888 5103421.222223              CB82-08 533.00 1.4072 0
1574681.000000 5103439.000000              CB82-08 534.00 1.4067 0
1574663.000000 5103456.200000              CB82-08 535.00 1.4063 0
1574644.999999 5103473.400001              CB82-08 536.00 1.4059 0
1574626.999998 5103490.600002              CB82-08 537.00 1.4054 0
1574608.999999 5103507.800001              CB82-08 538.00 1.4051 0
1574591.000000 5103525.000000              CB82-08 539.00 1.4049 0
1574572.999996 5103542.200004              CB82-08 540.00 1.4046 0
1574555.000002 5103559.399998              CB82-08 541.00 1.4043 0
1574536.999998 5103576.600002              CB82-08 542.00 1.4032 0
1574519.000004 5103593.799996              CB82-08 543.00 1.4023 0
1574501.000000 5103611.000000              CB82-08 544.00 1.4015 0
1574483.142856 5103628.571429              CB82-08 545.00 1.4012 0
1574465.285713 5103646.142859              CB82-08 546.00 1.4009 0
1574447.428571 5103663.714286              CB82-08 547.00 1.4006 0
1574429.571425 5103681.285717              CB82-08 548.00 1.4003 0
1574411.714284 5103698.857145              CB82-08 549.00 1.3997 0
1574393.857142 5103716.428572              CB82-08 550.00 1.3990 0
1574376.000000 5103734.000000              CB82-08 551.00 1.3983 0
1574357.941176 5103751.176471              CB82-08 552.00 1.3979 0
1574339.882353 5103768.352941              CB82-08 553.00 1.3977 0
1574321.823528 5103785.529413              CB82-08 554.00 1.3974 0
1574303.764706 5103802.705883              CB82-08 555.00 1.3971 0
1574285.705879 5103819.882357              CB82-08 556.00 1.3967 0
1574267.647056 5103837.058826              CB82-08 557.00 1.3965 0
1574249.588234 5103854.235296              CB82-08 558.00 1.3961 0
1574231.529411 5103871.411765              CB82-08 559.00 1.3957 0
1574213.470580 5103888.588243              CB82-08 560.00 1.3955 0
1574195.411757 5103905.764713              CB82-08 561.00 1.3953 0
1574177.352935 5103922.941183              CB82-08 562.00 1.3950 0
1574159.294112 5103940.117652              CB82-08 563.00 1.3944 0
1574141.235290 5103957.294122              CB82-08 564.00 1.3940 0
1574123.176467 5103974.470591              CB82-08 565.00 1.3936 0
1574105.117645 5103991.647061              CB82-08 566.00 1.3931 0
1574087.058822 5104008.823530              CB82-08 567.00 1.3927 0
1574069.000000 5104026.000000              CB82-08 568.00 1.3926 0
1574050.500000 5104042.875000              CB82-08 569.00 1.3926 0
1574032.000000 5104059.750000              CB82-08 570.00 1.3928 0
1574013.500000 5104076.625000              CB82-08 571.00 1.3930 0
1573995.000000 5104093.500000              CB82-08 572.00 1.3932 0
1573976.500000 5104110.375000              CB82-08 573.00 1.3931 0
1573958.000000 5104127.250000              CB82-08 574.00 1.3929 0
1573939.500000 5104144.125000              CB82-08 575.00 1.3923 0
1573921.000000 5104161.000000              CB82-08 576.00 1.3917 0
1573903.071428 5104178.285715              CB82-08 577.00 1.3910 0
1573885.142856 5104195.571429              CB82-08 578.00 1.3908 0
1573867.214283 5104212.857145              CB82-08 579.00 1.3904 0
1573849.285713 5104230.142858              CB82-08 580.00 1.3900 0
1573831.357143 5104247.428572              CB82-08 581.00 1.3898 0
1573813.428567 5104264.714290              CB82-08 582.00 1.3896 0
1573795.499996 5104282.000004              CB82-08 583.00 1.3894 0
1573777.571426 5104299.285717              CB82-08 584.00 1.3895 0
1573759.642856 5104316.571430              CB82-08 585.00 1.3897 0
1573741.714285 5104333.857143              CB82-08 586.00 1.3906 0
1573723.785704 5104351.142867              CB82-08 587.00 1.3911 0
1573705.857133 5104368.428581              CB82-08 588.00 1.3917 0
1573687.928563 5104385.714294              CB82-08 589.00 1.3919 0
1573669.999993 5104403.000007              CB82-08 590.00 1.3915 0
1573652.071422 5104420.285720              CB82-08 591.00 1.3910 0
1573634.142852 5104437.571434              CB82-08 592.00 1.3905 0
1573616.214281 5104454.857147              CB82-08 593.00 1.3905 0
1573598.285711 5104472.142860              CB82-08 594.00 1.3906 0
1573580.357141 5104489.428573              CB82-08 595.00 1.3904 0
1573562.428570 5104506.714287              CB82-08 596.00 1.3903 0
1573544.500000 5104524.000000              CB82-08 597.00 1.3903 0
1573526.571407 5104541.285735              CB82-08 598.00 1.3904 0
1573508.642859 5104558.571427              CB82-08 599.00 1.3907 0
1573490.714266 5104575.857161              CB82-08 600.00 1.3908 0
1573472.785719 5104593.142853              CB82-08 601.00 1.3906 0
1573454.857126 5104610.428588              CB82-08 602.00 1.3901 0
1573436.928578 5104627.714280              CB82-08 603.00 1.3895 0
1573418.999985 5104645.000014              CB82-08 604.00 1.3889 0
1573401.071437 5104662.285706              CB82-08 605.00 1.3888 0
1573383.142844 5104679.571441              CB82-08 606.00 1.3884 0
1573365.214296 5104696.857133              CB82-08 607.00 1.3876 0
1573347.285704 5104714.142867              CB82-08 608.00 1.3868 0
1573329.357156 5104731.428559              CB82-08 609.00 1.3866 0
1573311.428563 5104748.714294              CB82-08 610.00 1.3868 0
1573293.500015 5104765.999986              CB82-08 611.00 1.3868 0
1573275.571422 5104783.285720              CB82-08 612.00 1.3865 0
1573257.642874 5104800.571412              CB82-08 613.00 1.3860 0
1573239.714281 5104817.857147              CB82-08 614.00 1.3856 0
1573221.785734 5104835.142839              CB82-08 615.00 1.3855 0
1573203.857141 5104852.428573              CB82-08 616.00 1.3854 0
1573185.928593 5104869.714265              CB82-08 617.00 1.3851 0
1573168.000000 5104887.000000              CB82-08 618.00 1.3846 0
1573149.793104 5104904.241379              CB82-08 619.00 1.3840 0
1573131.586207 5104921.482758              CB82-08 620.00 1.3836 0
1573113.379309 5104938.724140              CB82-08 621.00 1.3832 0
1573095.172414 5104955.965517              CB82-08 622.00 1.3828 0
1573076.965516 5104973.206898              CB82-08 623.00 1.3825 0
1573058.758617 5104990.448279              CB82-08 624.00 1.3823 0
1573040.551727 5105007.689653              CB82-08 625.00 1.3821 0
1573022.344828 5105024.931034              CB82-08 626.00 1.3818 0
1573004.137938 5105042.172408              CB82-08 627.00 1.3816 0
1572985.931031 5105059.413796              CB82-08 628.00 1.3813 0
1572967.724141 5105076.655170              CB82-08 629.00 1.3810 0
1572949.517234 5105093.896558              CB82-08 630.00 1.3809 0
1572931.310344 5105111.137932              CB82-08 631.00 1.3810 0
1572913.103453 5105128.379306              CB82-08 632.00 1.3804 0
1572894.896563 5105145.620679              CB82-08 633.00 1.3797 0
1572876.689656 5105162.862068              CB82-08 634.00 1.3787 0
1572858.482750 5105180.103456              CB82-08 635.00 1.3779 0
1572840.275875 5105197.344815              CB82-08 636.00 1.3775 0
1572822.068969 5105214.586204              CB82-08 637.00 1.3769 0
1572803.862062 5105231.827592              CB82-08 638.00 1.3757 0
1572785.655188 5105249.068951              CB82-08 639.00 1.3748 0
1572767.448281 5105266.310340              CB82-08 640.00 1.3745 0
1572749.241375 5105283.551728              CB82-08 641.00 1.3741 0
1572731.034469 5105300.793117              CB82-08 642.00 1.3738 0
1572712.827594 5105318.034476              CB82-08 643.00 1.3734 0
1572694.620687 5105335.275864              CB82-08 644.00 1.3726 0
1572676.413781 5105352.517253              CB82-08 645.00 1.3718 0
1572658.206906 5105369.758611              CB82-08 646.00 1.3707 0
1572640.000000 5105387.000000              CB82-08 647.00 1.3695 0
1572622.199999 5105404.200001              CB82-08 648.00 1.3683 0
1572604.399998 5105421.400002              CB82-08 649.00 1.3666 0
1572586.599999 5105438.600001              CB82-08 650.00 1.3652 0
1572568.799996 5105455.800004              CB82-08 651.00 1.3639 0
1572550.999997 5105473.000003              CB82-08 652.00 1.3619 0
1572533.199998 5105490.200002              CB82-08 653.00 1.3606 0
1572515.399999 5105507.400001              CB82-08 654.00 1.3588 0
1572497.599993 5105524.600007              CB82-08 655.00 1.3569 0
1572479.799994 5105541.800006              CB82-08 656.00 1.3554 0
1572461.999995 5105559.000005              CB82-08 657.00 1.3540 0
1572444.199996 5105576.200004              CB82-08 658.00 1.3532 0
1572426.399997 5105593.400003              CB82-08 659.00 1.3519 0
1572408.599998 5105610.600002              CB82-08 660.00 1.3498 0
1572390.799999 5105627.800001              CB82-08 661.00 1.3467 0
1572373.000000 5105645.000000              CB82-08 662.00 1.3443 0
1572355.000000 5105662.500000              CB82-08 663.00 1.3416 0
1572336.999999 5105680.000001              CB82-08 664.00 1.3394 0
1572318.999998 5105697.500002              CB82-08 665.00 1.3372 0
1572300.999999 5105715.000001              CB82-08 666.00 1.3350 0
1572283.000000 5105732.500000              CB82-08 667.00 1.3329 0
1572264.999996 5105750.000004              CB82-08 668.00 1.3312 0
1572247.000002 5105767.499998              CB82-08 669.00 1.3295 0
1572228.999998 5105785.000002              CB82-08 670.00 1.3281 0
1572211.000004 5105802.499996              CB82-08 671.00 1.3263 0
1572193.000000 5105820.000000              CB82-08 672.00 1.3244 0
1572175.300000 5105837.900000              CB82-08 673.00 1.3221 0
1572157.599999 5105855.800001              CB82-08 674.00 1.3195 0
1572139.899998 5105873.700002              CB82-08 675.00 1.3167 0
1572122.199999 5105891.600001              CB82-08 676.00 1.3136 0
1572104.500000 5105909.500000              CB82-08 677.00 1.3109 0
1572086.799996 5105927.400004              CB82-08 678.00 1.3083 0
1572069.100002 5105945.299998              CB82-08 679.00 1.3055 0
1572051.399998 5105963.200002              CB82-08 680.00 1.3025 0
1572033.700004 5105981.099996              CB82-08 681.00 1.2998 0
1572016.000000 5105999.000000              CB82-08 682.00 1.2973 0
1571999.000000 5106015.750000              CB82-08 683.00 1.2945 0
1571982.000000 5106032.500000              CB82-08 684.00 1.2923 0
1571965.000000 5106049.250000              CB82-08 685.00 1.2897 0
1571948.000000 5106066.000000              CB82-08 686.00 1.2872 0
1571930.300000 5106083.500000              CB82-08 687.00 1.2844 0
1571912.599999 5106101.000001              CB82-08 688.00 1.2821 0
1571894.899998 5106118.500002              CB82-08 689.00 1.2803 0
1571877.199999 5106136.000001              CB82-08 690.00 1.2781 0
1571859.500000 5106153.500000              CB82-08 691.00 1.2763 0
1571841.799996 5106171.000004              CB82-08 692.00 1.2737 0
1571824.100002 5106188.499998              CB82-08 693.00 1.2724 0
1571806.399998 5106206.000002              CB82-08 694.00 1.2716 0
1571788.700004 5106223.499996              CB82-08 695.00 1.2713 0
1571771.000000 5106241.000000              CB82-08 696.00 1.2707 0
1571752.945946 5106258.351352              CB82-08 697.00 1.2705 0
1571734.891891 5106275.702704              CB82-08 698.00 1.2708 0
1571716.837840 5106293.054052              CB82-08 699.00 1.2711 0
1571698.783782 5106310.405407              CB82-08 700.00 1.2704 0
1571680.729734 5106327.756753              CB82-08 701.00 1.2696 0
1571662.675681 5106345.108103              CB82-08 702.00 1.2691 0
1571644.621617 5106362.459464              CB82-08 703.00 1.2687 0
1571626.567564 5106379.810814              CB82-08 704.00 1.2683 0
1571608.513511 5106397.162165              CB82-08 705.00 1.2683 0
1571590.459468 5106414.513506              CB82-08 706.00 1.2679 0
1571572.405404 5106431.864866              CB82-08 707.00 1.2674 0
1571554.351361 5106449.216207              CB82-08 708.00 1.2665 0
1571536.297298 5106466.567567              CB82-08 709.00 1.2661 0
1571518.243235 5106483.918927              CB82-08 710.00 1.2659 0
1571500.189191 5106501.270268              CB82-08 711.00 1.2660 0
1571482.135128 5106518.621628              CB82-08 712.00 1.2656 0
1571464.081085 5106535.972969              CB82-08 713.00 1.2649 0
1571446.027022 5106553.324329              CB82-08 714.00 1.2641 0
1571427.972978 5106570.675671              CB82-08 715.00 1.2630 0
1571409.918935 5106588.027012              CB82-08 716.00 1.2629 0
1571391.864852 5106605.378391              CB82-08 717.00 1.2642 0
1571373.810809 5106622.729732              CB82-08 718.00 1.2645 0
1571355.756765 5106640.081073              CB82-08 719.00 1.2646 0
1571337.702722 5106657.432414              CB82-08 720.00 1.2646 0
1571319.648639 5106674.783793              CB82-08 721.00 1.2648 0
1571301.594596 5106692.135134              CB82-08 722.00 1.2646 0
1571283.540552 5106709.486475              CB82-08 723.00 1.2642 0
1571265.486469 5106726.837854              CB82-08 724.00 1.2634 0
1571247.432426 5106744.189195              CB82-08 725.00 1.2618 0
1571229.378383 5106761.540536              CB82-08 726.00 1.2604 0
1571211.324339 5106778.891877              CB82-08 727.00 1.2586 0
1571193.270256 5106796.243257              CB82-08 728.00 1.2579 0
1571175.216213 5106813.594598              CB82-08 729.00 1.2590 0
1571157.162170 5106830.945939              CB82-08 730.00 1.2600 0
1571139.108126 5106848.297280              CB82-08 731.00 1.2609 0
1571121.054043 5106865.648659              CB82-08 732.00 1.2623 0
1571103.000000 5106883.000000              CB82-08 733.00 1.2623 0
1571084.583333 5106899.833334              CB82-08 734.00 1.2625 0
1571066.166666 5106916.666668              CB82-08 735.00 1.2624 0
1571047.750000 5106933.500000              CB82-08 736.00 1.2627 0
1571029.333331 5106950.333335              CB82-08 737.00 1.2628 0
1571010.916669 5106967.166665              CB82-08 738.00 1.2628 0
1570992.500000 5106984.000000              CB82-08 739.00 1.2624 0
1570974.083338 5107000.833329              CB82-08 740.00 1.2618 0
1570955.666662 5107017.666671              CB82-08 741.00 1.2613 0
1570937.250000 5107034.500000              CB82-08 742.00 1.2607 0
1570918.833338 5107051.333329              CB82-08 743.00 1.2601 0
1570900.416662 5107068.166671              CB82-08 744.00 1.2590 0
1570882.000000 5107085.000000              CB82-08 745.00 1.2589 0
1570863.749999 5107102.035715              CB82-08 746.00 1.2586 0
1570845.499998 5107119.071430              CB82-08 747.00 1.2580 0
1570827.249999 5107136.107143              CB82-08 748.00 1.2575 0
1570808.999997 5107153.142860              CB82-08 749.00 1.2569 0
1570790.749998 5107170.178573              CB82-08 750.00 1.2564 0
1570772.499999 5107187.214287              CB82-08 751.00 1.2558 0
1570754.250000 5107204.250000              CB82-08 752.00 1.2560 0
1570735.999993 5107221.285720              CB82-08 753.00 1.2564 0
1570717.750002 5107238.321427              CB82-08 754.00 1.2570 0
1570699.499996 5107255.357147              CB82-08 755.00 1.2578 0
1570681.250004 5107272.392853              CB82-08 756.00 1.2581 0
1570662.999998 5107289.428573              CB82-08 757.00 1.2584 0
1570644.750007 5107306.464280              CB82-08 758.00 1.2585 0
1570626.500000 5107323.500000              CB82-08 759.00 1.2581 0
1570608.250009 5107340.535706              CB82-08 760.00 1.2577 0
1570589.999987 5107357.571441              CB82-08 761.00 1.2572 0
1570571.749996 5107374.607147              CB82-08 762.00 1.2566 0
1570553.500004 5107391.642853              CB82-08 763.00 1.2555 0
1570535.250013 5107408.678559              CB82-08 764.00 1.2548 0
1570516.999991 5107425.714294              CB82-08 765.00 1.2542 0
1570498.750000 5107442.750000              CB82-08 766.00 1.2539 0
1570480.500009 5107459.785706              CB82-08 767.00 1.2534 0
1570462.249987 5107476.821441              CB82-08 768.00 1.2530 0
1570443.999996 5107493.857147              CB82-08 769.00 1.2532 0
1570425.750004 5107510.892853              CB82-08 770.00 1.2532 0
1570407.500013 5107527.928559              CB82-08 771.00 1.2533 0
1570389.249991 5107544.964294              CB82-08 772.00 1.2539 0
1570371.000000 5107562.000000              CB82-08 773.00 1.2552 0
1570352.500000 5107579.500000              CB82-08 774.00 1.2566 0
1570334.000000 5107597.000000              CB82-08 775.00 1.2576 0
1570315.500000 5107614.500000              CB82-08 776.00 1.2586 0
1570297.000000 5107632.000000              CB82-08 777.00 1.2591 0
1570279.142856 5107649.142858              CB82-08 778.00 1.2596 0
1570261.285713 5107666.285716              CB82-08 779.00 1.2597 0
1570243.428571 5107683.428572              CB82-08 780.00 1.2598 0
1570225.571425 5107700.571432              CB82-08 781.00 1.2598 0
1570207.714284 5107717.714288              CB82-08 782.00 1.2597 0
1570189.857142 5107734.857144              CB82-08 783.00 1.2598 0
1570172.000000 5107752.000000              CB82-08 784.00 1.2602 0
1570154.315789 5107769.473684              CB82-08 785.00 1.2606 0
1570136.631579 5107786.947369              CB82-08 786.00 1.2604 0
1570118.947371 5107804.421051              CB82-08 787.00 1.2600 0
1570101.263157 5107821.894737              CB82-08 788.00 1.2599 0
1570083.578944 5107839.368424              CB82-08 789.00 1.2606 0
1570065.894741 5107856.842101              CB82-08 790.00 1.2615 0
1570048.210528 5107874.315788              CB82-08 791.00 1.2625 0
1570030.526315 5107891.789475              CB82-08 792.00 1.2632 0
1570012.842102 5107909.263162              CB82-08 793.00 1.2636 0
1569995.157888 5107926.736848              CB82-08 794.00 1.2636 0
1569977.473685 5107944.210525              CB82-08 795.00 1.2637 0
1569959.789482 5107961.684202              CB82-08 796.00 1.2637 0
1569942.105259 5107979.157899              CB82-08 797.00 1.2640 0
1569924.421056 5107996.631576              CB82-08 798.00 1.2642 0
1569906.736833 5108014.105273              CB82-08 799.00 1.2643 0
1569889.052629 5108031.578949              CB82-08 800.00 1.2646 0
1569871.368426 5108049.052626              CB82-08 801.00 1.2652 0
1569853.684203 5108066.526323              CB82-08 802.00 1.2661 0
1569836.000000 5108084.000000              CB82-08 803.00 1.2671 0
1569818.499999 5108101.666667              CB82-08 804.00 1.2675 0
1569800.999999 5108119.333334              CB82-08 805.00 1.2680 0
1569783.500000 5108137.000000              CB82-08 806.00 1.2685 0
1569765.999998 5108154.666669              CB82-08 807.00 1.2694 0
1569748.500002 5108172.333331              CB82-08 808.00 1.2699 0
1569731.000000 5108190.000000              CB82-08 809.00 1.2708 0
1569713.500004 5108207.666662              CB82-08 810.00 1.2722 0
1569695.999996 5108225.333338              CB82-08 811.00 1.2732 0
1569678.500000 5108243.000000              CB82-08 812.00 1.2742 0
1569661.000004 5108260.666662              CB82-08 813.00 1.2753 0
1569643.499996 5108278.333338              CB82-08 814.00 1.2766 0
1569626.000000 5108296.000000              CB82-08 815.00 1.2775 0
1569608.785714 5108313.285715              CB82-08 816.00 1.2781 0
1569591.571427 5108330.571430              CB82-08 817.00 1.2787 0
1569574.357142 5108347.857143              CB82-08 818.00 1.2790 0
1569557.142854 5108365.142860              CB82-08 819.00 1.2799 0
1569539.928569 5108382.428573              CB82-08 820.00 1.2810 0
1569522.714285 5108399.714287              CB82-08 821.00 1.2821 0
1569505.500000 5108417.000000              CB82-08 822.00 1.2838 0
1569488.285708 5108434.285720              CB82-08 823.00 1.2851 0
1569471.071431 5108451.571427              CB82-08 824.00 1.2867 0
1569453.857139 5108468.857147              CB82-08 825.00 1.2884 0
1569436.642861 5108486.142853              CB82-08 826.00 1.2899 0
1569419.428569 5108503.428573              CB82-08 827.00 1.2911 0
1569402.214292 5108520.714280              CB82-08 828.00 1.2924 0
1569385.000000 5108538.000000              CB82-08 829.00 1.2933 0
1569367.125000 5108555.687500              CB82-08 830.00 1.2946 0
1569349.250000 5108573.375000              CB82-08 831.00 1.2963 0
1569331.375000 5108591.062500              CB82-08 832.00 1.2980 0
1569313.500000 5108608.750000              CB82-08 833.00 1.2999 0
1569295.625000 5108626.437500              CB82-08 834.00 1.3015 0
1569277.750000 5108644.125000              CB82-08 835.00 1.3030 0
1569259.875000 5108661.812500              CB82-08 836.00 1.3046 0
1569242.000000 5108679.500000              CB82-08 837.00 1.3055 0
1569224.125000 5108697.187500              CB82-08 838.00 1.3066 0
1569206.250000 5108714.875000              CB82-08 839.00 1.3078 0
1569188.375000 5108732.562500              CB82-08 840.00 1.3090 0
1569170.500000 5108750.250000              CB82-08 841.00 1.3101 0
1569152.625000 5108767.937500              CB82-08 842.00 1.3118 0
1569134.750000 5108785.625000              CB82-08 843.00 1.3133 0
1569116.875000 5108803.312500              CB82-08 844.00 1.3144 0
1569099.000000 5108821.000000              CB82-08 845.00 1.3158 0
1569080.954545 5108838.272728              CB82-08 846.00 1.3171 0
1569062.909090 5108855.545456              CB82-08 847.00 1.3181 0
1569044.863635 5108872.818183              CB82-08 848.00 1.3197 0
1569026.818180 5108890.090911              CB82-08 849.00 1.3211 0
1569008.772725 5108907.363639              CB82-08 850.00 1.3228 0
1568990.727270 5108924.636367              CB82-08 851.00 1.3251 0
1568972.681820 5108941.909089              CB82-08 852.00 1.3276 0
1568954.636359 5108959.181822              CB82-08 853.00 1.3296 0
1568936.590910 5108976.454544              CB82-08 854.00 1.3327 0
1568918.545449 5108993.727278              CB82-08 855.00 1.3348 0
1568900.500000 5109011.000000              CB82-08 856.00 1.3374 0
1568882.454539 5109028.272733              CB82-08 857.00 1.3388 0
1568864.409102 5109045.545444              CB82-08 858.00 1.3406 0
1568846.363641 5109062.818178              CB82-08 859.00 1.3416 0
1568828.318180 5109080.090911              CB82-08 860.00 1.3427 0
1568810.272719 5109097.363645              CB82-08 861.00 1.3442 0
1568792.227281 5109114.636355              CB82-08 862.00 1.3454 0
1568774.181820 5109131.909089              CB82-08 863.00 1.3458 0
1568756.136359 5109149.181822              CB82-08 864.00 1.3456 0
1568738.090898 5109166.454556              CB82-08 865.00 1.3455 0
1568720.045461 5109183.727267              CB82-08 866.00 1.3457 0
1568702.000000 5109201.000000              CB82-08 867.00 1.3456 0
1568684.333333 5109218.666667              CB82-08 868.00 1.3441 0
1568666.666666 5109236.333334              CB82-08 869.00 1.3424 0
1568649.000000 5109254.000000              CB82-08 870.00 1.3420 0
1568631.111111 5109271.000000              CB82-08 871.00 1.3202 0
1568613.222222 5109288.000000              CB82-08 872.00 1.3207 0
1568595.333332 5109305.000002              CB82-08 873.00 1.3190 0
1568577.444444 5109322.000001              CB82-08 874.00 1.3162 0
1568559.555551 5109339.000004              CB82-08 875.00 1.3139 0
1568541.666663 5109356.000003              CB82-08 876.00 1.3121 0
1568523.777776 5109373.000002              CB82-08 877.00 1.3104 0
1568505.888888 5109390.000001              CB82-08 878.00 1.3084 0
1568488.000000 5109407.000000              CB82-08 879.00 1.3064 0
1568469.875000 5109424.437500              CB82-08 880.00 1.3038 0
1568451.750000 5109441.875000              CB82-08 881.00 1.3009 0
1568433.625000 5109459.312500              CB82-08 882.00 1.2979 0
1568415.500000 5109476.750000              CB82-08 883.00 1.2950 0
1568397.375000 5109494.187500              CB82-08 884.00 1.2901 0
1568379.250000 5109511.625000              CB82-08 885.00 1.2871 0
1568361.125000 5109529.062500              CB82-08 886.00 1.2844 0
1568343.000000 5109546.500000              CB82-08 887.00 1.2827 0
1568324.875000 5109563.937500              CB82-08 888.00 1.2805 0
1568306.750000 5109581.375000              CB82-08 889.00 1.2778 0
1568288.625000 5109598.812500              CB82-08 890.00 1.2759 0
1568270.500000 5109616.250000              CB82-08 891.00 1.2734 0
1568252.375000 5109633.687500              CB82-08 892.00 1.2708 0
1568234.250000 5109651.125000              CB82-08 893.00 1.2688 0
1568216.125000 5109668.562500              CB82-08 894.00 1.2657 0
1568198.000000 5109686.000000              CB82-08 895.00 1.2634 0
1568180.000000 5109703.185185              CB82-08 896.00 1.2614 0
1568162.000000 5109720.370371              CB82-08 897.00 1.2599 0
1568144.000000 5109737.555556              CB82-08 898.00 1.2579 0
1568125.999999 5109754.740741              CB82-08 899.00 1.2563 0
1568108.000003 5109771.925923              CB82-08 900.00 1.2543 0
1568089.999999 5109789.111112              CB82-08 901.00 1.2529 0
1568072.000003 5109806.296294              CB82-08 902.00 1.2515 0
1568053.999999 5109823.481483              CB82-08 903.00 1.2496 0
1568035.999995 5109840.666671              CB82-08 904.00 1.2471 0
1568018.000006 5109857.851846              CB82-08 905.00 1.2449 0
1568000.000002 5109875.037035              CB82-08 906.00 1.2425 0
1567981.999998 5109892.222224              CB82-08 907.00 1.2406 0
1567963.999995 5109909.407413              CB82-08 908.00 1.2384 0
1567946.000005 5109926.592587              CB82-08 909.00 1.2372 0
1567927.999987 5109943.777790              CB82-08 910.00 1.2365 0
1567909.999998 5109960.962965              CB82-08 911.00 1.2363 0
1567892.000009 5109978.148140              CB82-08 912.00 1.2361 0
1567873.999990 5109995.333343              CB82-08 913.00 1.2358 0
1567856.000001 5110012.518517              CB82-08 914.00 1.2354 0
1567838.000012 5110029.703692              CB82-08 915.00 1.2351 0
1567819.999994 5110046.888895              CB82-08 916.00 1.2350 0
1567802.000004 5110064.074070              CB82-08 917.00 1.2347 0
1567783.999986 5110081.259273              CB82-08 918.00 1.2344 0
1567765.999997 5110098.444448              CB82-08 919.00 1.2339 0
1567748.000008 5110115.629622              CB82-08 920.00 1.2332 0
1567729.999989 5110132.814825              CB82-08 921.00 1.2322 0
1567712.000000 5110150.000000              CB82-08 922.00 1.2308 0
1567693.999999 5110167.416667              CB82-08 923.00 1.2299 0
1567675.999999 5110184.833334              CB82-08 924.00 1.2295 0
1567658.000000 5110202.250000              CB82-08 925.00 1.2289 0
1567639.999998 5110219.666669              CB82-08 926.00 1.2286 0
1567622.000002 5110237.083331              CB82-08 927.00 1.2283 0
1567604.000000 5110254.500000              CB82-08 928.00 1.2283 0
1567586.000004 5110271.916663              CB82-08 929.00 1.2284 0
1567567.999996 5110289.333337              CB82-08 930.00 1.2281 0
1567550.000000 5110306.750000              CB82-08 931.00 1.2279 0
1567532.000004 5110324.166663              CB82-08 932.00 1.2275 0
1567513.999996 5110341.583337              CB82-08 933.00 1.2272 0
1567496.000000 5110359.000000              CB82-08 934.00 1.2267 0
1567478.439025 5110376.682926              CB82-08 935.00 1.2263 0
1567460.878050 5110394.365852              CB82-08 936.00 1.2259 0
1567443.317075 5110412.048779              CB82-08 937.00 1.2254 0
1567425.756100 5110429.731705              CB82-08 938.00 1.2254 0
1567408.195120 5110447.414636              CB82-08 939.00 1.2256 0
1567390.634150 5110465.097557              CB82-08 940.00 1.2256 0
1567373.073170 5110482.780489              CB82-08 941.00 1.2254 0
1567355.512200 5110500.463409              CB82-08 942.00 1.2251 0
1567337.951220 5110518.146341              CB82-08 943.00 1.2249 0
1567320.390240 5110535.829273              CB82-08 944.00 1.2248 0
1567302.829259 5110553.512204              CB82-08 945.00 1.2249 0
1567285.268301 5110571.195114              CB82-08 946.00 1.2248 0
1567267.707320 5110588.878046              CB82-08 947.00 1.2245 0
1567250.146340 5110606.560977              CB82-08 948.00 1.2240 0
1567232.585360 5110624.243909              CB82-08 949.00 1.2237 0
1567215.024401 5110641.926819              CB82-08 950.00 1.2237 0
1567197.463420 5110659.609750              CB82-08 951.00 1.2231 0
1567179.902440 5110677.292682              CB82-08 952.00 1.2227 0
1567162.341460 5110694.975613              CB82-08 953.00 1.2228 0
1567144.780479 5110712.658545              CB82-08 954.00 1.2228 0
1567127.219521 5110730.341455              CB82-08 955.00 1.2230 0
1567109.658519 5110748.024408              CB82-08 956.00 1.2235 0
1567092.097560 5110765.707318              CB82-08 957.00 1.2242 0
1567074.536601 5110783.390228              CB82-08 958.00 1.2250 0
1567056.975599 5110801.073181              CB82-08 959.00 1.2258 0
1567039.414640 5110818.756091              CB82-08 960.00 1.2266 0
1567021.853639 5110836.439044              CB82-08 961.00 1.2271 0
1567004.292680 5110854.121954              CB82-08 962.00 1.2275 0
1566986.731721 5110871.804864              CB82-08 963.00 1.2274 0
1566969.170719 5110889.487818              CB82-08 964.00 1.2266 0
1566951.609760 5110907.170727              CB82-08 965.00 1.2261 0
1566934.048801 5110924.853637              CB82-08 966.00 1.2260 0
1566916.487800 5110942.536591              CB82-08 967.00 1.2257 0
1566898.926841 5110960.219501              CB82-08 968.00 1.2258 0
1566881.365839 5110977.902454              CB82-08 969.00 1.2262 0
1566863.804880 5110995.585364              CB82-08 970.00 1.2268 0
1566846.243921 5111013.268274              CB82-08 971.00 1.2275 0
1566828.682920 5111030.951227              CB82-08 972.00 1.2284 0
1566811.121961 5111048.634137              CB82-08 973.00 1.2287 0
1566793.560959 5111066.317090              CB82-08 974.00 1.2289 0
1566776.000000 5111084.000000              CB82-08 975.00 1.2290 0
1566758.153845 5111101.692308              CB82-08 976.00 1.2286 0
1566740.307691 5111119.384617              CB82-08 977.00 1.2283 0
1566722.461538 5111137.076923              CB82-08 978.00 1.2281 0
1566704.615382 5111154.769233              CB82-08 979.00 1.2279 0
1566686.769229 5111172.461540              CB82-08 980.00 1.2277 0
1566668.923076 5111190.153847              CB82-08 981.00 1.2278 0
1566651.076917 5111207.846160              CB82-08 982.00 1.2279 0
1566633.230764 5111225.538467              CB82-08 983.00 1.2281 0
1566615.384611 5111243.230773              CB82-08 984.00 1.2287 0
1566597.538458 5111260.923080              CB82-08 985.00 1.2301 0
1566579.692306 5111278.615387              CB82-08 986.00 1.2311 0
1566561.846153 5111296.307693              CB82-08 987.00 1.2322 0
1566544.000000 5111314.000000              CB82-08 988.00 1.2328 0
1566526.500000 5111329.000000              CB82-08 989.00 1.2332 0
1566509.000000 5111344.000000              CB82-08 990.00 1.2335 0
1566493.000000 5111369.000000              CB82-08 991.00 1.2336 0
1566474.625000 5111385.500000              CB82-08 992.00 1.2335 0
1566456.250000 5111402.000000              CB82-08 993.00 1.2334 0
1566437.875000 5111418.500000              CB82-08 994.00 1.2335 0
1566419.500000 5111435.000000              CB82-08 995.00 1.2335 0
1566401.125000 5111451.500000              CB82-08 996.00 1.2336 0
1566382.750000 5111468.000000              CB82-08 997.00 1.2340 0
1566364.375000 5111484.500000              CB82-08 998.00 1.2345 0
1566346.000000 5111501.000000              CB82-08 999.00 1.2350 0
1566327.250000 5111517.875000              CB82-08 1000.00 1.2356 0
1566308.500000 5111534.750000              CB82-08 1001.00 1.2362 0
1566289.750000 5111551.625000              CB82-08 1002.00 1.2370 0
1566271.000000 5111568.500000              CB82-08 1003.00 1.2377 0
1566252.250000 5111585.375000              CB82-08 1004.00 1.2384 0
1566233.500000 5111602.250000              CB82-08 1005.00 1.2394 0
1566214.750000 5111619.125000              CB82-08 1006.00 1.2405 0
1566196.000000 5111636.000000              CB82-08 1007.00 1.2415 0
1566177.600000 5111652.800000              CB82-08 1008.00 1.2426 0
1566159.199999 5111669.600001              CB82-08 1009.00 1.2436 0
1566140.799998 5111686.400002              CB82-08 1010.00 1.2442 0
1566122.399999 5111703.200001              CB82-08 1011.00 1.2446 0
1566104.000000 5111720.000000              CB82-08 1012.00 1.2451 0
1566085.599996 5111736.800004              CB82-08 1013.00 1.2455 0
1566067.200002 5111753.599998              CB82-08 1014.00 1.2457 0
1566048.799998 5111770.400002              CB82-08 1015.00 1.2461 0
1566030.400004 5111787.199996              CB82-08 1016.00 1.2469 0
1566012.000000 5111804.000000              CB82-08 1017.00 1.2482 0
1565993.846153 5111821.076924              CB82-08 1018.00 1.2492 0
1565975.692306 5111838.153847              CB82-08 1019.00 1.2502 0
1565957.538461 5111855.230769              CB82-08 1020.00 1.2522 0
1565939.384613 5111872.307695              CB82-08 1021.00 1.2540 0
1565921.230768 5111889.384617              CB82-08 1022.00 1.2554 0
1565903.076923 5111906.461539              CB82-08 1023.00 1.2574 0
1565884.923070 5111923.538468              CB82-08 1024.00 1.2591 0
1565866.769225 5111940.615390              CB82-08 1025.00 1.2614 0
1565848.615380 5111957.692312              CB82-08 1026.00 1.2629 0
1565830.461535 5111974.769234              CB82-08 1027.00 1.2654 0
1565812.307690 5111991.846156              CB82-08 1028.00 1.2682 0
1565794.153845 5112008.923078              CB82-08 1029.00 1.2708 0
1565776.000000 5112026.000000              CB82-08 1030.00 1.2730 0
1565757.625000 5112043.250000              CB82-08 1031.00 1.2761 0
1565739.250000 5112060.500000              CB82-08 1032.00 1.2797 0
1565720.875000 5112077.750000              CB82-08 1033.00 1.2856 0
1565702.500000 5112095.000000              CB82-08 1034.00 1.2912 0
1565684.125000 5112112.250000              CB82-08 1035.00 1.2949 0
1565665.750000 5112129.500000              CB82-08 1036.00 1.2980 0
1565647.375000 5112146.750000              CB82-08 1037.00 1.2997 0
1565629.000000 5112164.000000              CB82-08 1038.00 1.3007 0
1565610.923076 5112180.923078              CB82-08 1039.00 1.3010 0
1565592.846152 5112197.846155              CB82-08 1040.00 1.3013 0
1565574.769230 5112214.769231              CB82-08 1041.00 1.3016 0
1565556.692305 5112231.692310              CB82-08 1042.00 1.3014 0
1565538.615383 5112248.615386              CB82-08 1043.00 1.3011 0
1565520.538461 5112265.538462              CB82-08 1044.00 1.3006 0
1565502.461532 5112282.461545              CB82-08 1045.00 1.3002 0
1565484.384610 5112299.384620              CB82-08 1046.00 1.2998 0
1565466.307688 5112316.307696              CB82-08 1047.00 1.2997 0
1565448.230766 5112333.230772              CB82-08 1048.00 1.2990 0
1565430.153844 5112350.153848              CB82-08 1049.00 1.2980 0
1565412.076922 5112367.076924              CB82-08 1050.00 1.2973 0
1565394.000000 5112384.000000              CB82-08 1051.00 1.2968 0
1565376.000000 5112401.176471              CB82-08 1052.00 1.2960 0
1565358.000000 5112418.352941              CB82-08 1053.00 1.2954 0
1565339.999999 5112435.529413              CB82-08 1054.00 1.2952 0
1565322.000000 5112452.705883              CB82-08 1055.00 1.2952 0
1565303.999996 5112469.882357              CB82-08 1056.00 1.2948 0
1565285.999997 5112487.058826              CB82-08 1057.00 1.2944 0
1565267.999998 5112504.235296              CB82-08 1058.00 1.2945 0
1565249.999999 5112521.411765              CB82-08 1059.00 1.2948 0
1565231.999991 5112538.588243              CB82-08 1060.00 1.2951 0
1565213.999992 5112555.764713              CB82-08 1061.00 1.2951 0
1565195.999994 5112572.941183              CB82-08 1062.00 1.2950 0
1565177.999995 5112590.117652              CB82-08 1063.00 1.2948 0
1565159.999996 5112607.294122              CB82-08 1064.00 1.2945 0
1565141.999997 5112624.470591              CB82-08 1065.00 1.2943 0
1565123.999998 5112641.647061              CB82-08 1066.00 1.2944 0
1565105.999999 5112658.823530              CB82-08 1067.00 1.2943 0
1565088.000000 5112676.000000              CB82-08 1068.00 1.2942 0
1565070.250000 5112693.625000              CB82-08 1069.00 1.2940 0
1565052.500000 5112711.250000              CB82-08 1070.00 1.2940 0
1565034.750000 5112728.875000              CB82-08 1071.00 1.2939 0
1565017.000000 5112746.500000              CB82-08 1072.00 1.2943 0
1564999.250000 5112764.125000              CB82-08 1073.00 1.2950 0
1564981.500000 5112781.750000              CB82-08 1074.00 1.2958 0
1564963.750000 5112799.375000              CB82-08 1075.00 1.2963 0
1564946.000000 5112817.000000              CB82-08 1076.00 1.2965 0
1564927.937500 5112834.250000              CB82-08 1077.00 1.2968 0
1564909.875000 5112851.500000              CB82-08 1078.00 1.2969 0
1564891.812500 5112868.750000              CB82-08 1079.00 1.2967 0
1564873.750000 5112886.000000              CB82-08 1080.00 1.2965 0
1564855.687500 5112903.250000              CB82-08 1081.00 1.2962 0
1564837.625000 5112920.500000              CB82-08 1082.00 1.2959 0
1564819.562500 5112937.750000              CB82-08 1083.00 1.2959 0
1564801.500000 5112955.000000              CB82-08 1084.00 1.2959 0
1564783.437500 5112972.250000              CB82-08 1085.00 1.2962 0
1564765.375000 5112989.500000              CB82-08 1086.00 1.2964 0
1564747.312500 5113006.750000              CB82-08 1087.00 1.2966 0
1564729.250000 5113024.000000              CB82-08 1088.00 1.2967 0
1564711.187500 5113041.250000              CB82-08 1089.00 1.2970 0
1564693.125000 5113058.500000              CB82-08 1090.00 1.2975 0
1564675.062500 5113075.750000              CB82-08 1091.00 1.2979 0
1564657.000000 5113093.000000              CB82-08 1092.00 1.2982 0
1564639.750000 5113110.000000              CB82-08 1093.00 1.2984 0
1564622.500000 5113127.000000              CB82-08 1094.00 1.2987 0
1564605.250000 5113144.000000              CB82-08 1095.00 1.2989 0
1564588.000000 5113161.000000              CB82-08 1096.00 1.2992 0
1564570.125000 5113178.625000              CB82-08 1097.00 1.2995 0
1564552.250000 5113196.250000              CB82-08 1098.00 1.2999 0
1564534.375000 5113213.875000              CB82-08 1099.00 1.3002 0
1564516.500000 5113231.500000              CB82-08 1100.00 1.3001 0
1564498.625000 5113249.125000              CB82-08 1101.00 1.3001 0
1564480.750000 5113266.750000              CB82-08 1102.00 1.3003 0
1564462.875000 5113284.375000              CB82-08 1103.00 1.3005 0
1564445.000000 5113302.000000              CB82-08 1104.00 1.3009 0
1564427.461538 5113319.692308              CB82-08 1105.00 1.3011 0
1564409.923076 5113337.384617              CB82-08 1106.00 1.3016 0
1564392.384615 5113355.076923              CB82-08 1107.00 1.3020 0
1564374.846151 5113372.769233              CB82-08 1108.00 1.3021 0
1564357.307691 5113390.461540              CB82-08 1109.00 1.3023 0
1564339.769230 5113408.153847              CB82-08 1110.00 1.3023 0
1564322.230763 5113425.846160              CB82-08 1111.00 1.3022 0
1564304.692302 5113443.538467              CB82-08 1112.00 1.3022 0
1564287.153842 5113461.230773              CB82-08 1113.00 1.3022 0
1564269.615381 5113478.923080              CB82-08 1114.00 1.3022 0
1564252.076921 5113496.615387              CB82-08 1115.00 1.3023 0
1564234.538460 5113514.307693              CB82-08 1116.00 1.3027 0
1564217.000000 5113532.000000              CB82-08 1117.00 1.3031 0
1564199.166666 5113548.833334              CB82-08 1118.00 1.3033 0
1564181.333332 5113565.666668              CB82-08 1119.00 1.3035 0
1564163.500000 5113582.500000              CB82-08 1120.00 1.3035 0
1564145.666665 5113599.333335              CB82-08 1121.00 1.3036 0
1564127.833335 5113616.166665              CB82-08 1122.00 1.3038 0
1564110.000000 5113633.000000              CB82-08 1123.00 1.3038 0
1564091.666666 5113651.000001              CB82-08 1124.00 1.3036 0
1564073.333332 5113669.000001              CB82-08 1125.00 1.3036 0
1564055.000000 5113687.000000              CB82-08 1126.00 1.3034 0
1564036.666664 5113705.000002              CB82-08 1127.00 1.3033 0
1564018.333336 5113722.999998              CB82-08 1128.00 1.3035 0
1564000.000000 5113741.000000              CB82-08 1129.00 1.3038 0
1563981.797468 5113758.164557              CB82-08 1130.00 1.3036 0
1563963.594936 5113775.329115              CB82-08 1131.00 1.3033 0
1563945.392408 5113792.493668              CB82-08 1132.00 1.3029 0
1563927.189872 5113809.658230              CB82-08 1133.00 1.3026 0
1563908.987341 5113826.822786              CB82-08 1134.00 1.3023 0
1563890.784815 5113843.987337              CB82-08 1135.00 1.3019 0
1563872.582279 5113861.151898              CB82-08 1136.00 1.3013 0
1563854.379743 5113878.316459              CB82-08 1137.00 1.3009 0
1563836.177218 5113895.481010              CB82-08 1138.00 1.3004 0
1563817.974682 5113912.645571              CB82-08 1139.00 1.2999 0
1563799.772156 5113929.810122              CB82-08 1140.00 1.2998 0
1563781.569631 5113946.974674              CB82-08 1141.00 1.3001 0
1563763.367084 5113964.139245              CB82-08 1142.00 1.3003 0
1563745.164559 5113981.303796              CB82-08 1143.00 1.3005 0
1563726.962033 5113998.468347              CB82-08 1144.00 1.3004 0
1563708.759486 5114015.632918              CB82-08 1145.00 1.3003 0
1563690.556961 5114032.797469              CB82-08 1146.00 1.3000 0
1563672.354436 5114049.962020              CB82-08 1147.00 1.2997 0
1563654.151889 5114067.126592              CB82-08 1148.00 1.2996 0
1563635.949363 5114084.291143              CB82-08 1149.00 1.2995 0
1563617.746816 5114101.455714              CB82-08 1150.00 1.2993 0
1563599.544312 5114118.620245              CB82-08 1151.00 1.2992 0
1563581.341766 5114135.784816              CB82-08 1152.00 1.2989 0
1563563.139262 5114152.949347              CB82-08 1153.00 1.2986 0
1563544.936715 5114170.113918              CB82-08 1154.00 1.2982 0
1563526.734168 5114187.278490              CB82-08 1155.00 1.2978 0
1563508.531664 5114204.443021              CB82-08 1156.00 1.2973 0
1563490.329117 5114221.607592              CB82-08 1157.00 1.2969 0
1563472.126570 5114238.772163              CB82-08 1158.00 1.2963 0
1563453.924066 5114255.936694              CB82-08 1159.00 1.2958 0
1563435.721520 5114273.101265              CB82-08 1160.00 1.2953 0
1563417.518973 5114290.265837              CB82-08 1161.00 1.2947 0
1563399.316469 5114307.430367              CB82-08 1162.00 1.2939 0
1563381.113922 5114324.594939              CB82-08 1163.00 1.2934 0
1563362.911375 5114341.759510              CB82-08 1164.00 1.2931 0
1563344.708871 5114358.924041              CB82-08 1165.00 1.2930 0
1563326.506324 5114376.088612              CB82-08 1166.00 1.2934 0
1563308.303777 5114393.253183              CB82-08 1167.00 1.2938 0
1563290.101273 5114410.417714              CB82-08 1168.00 1.2941 0
1563271.898727 5114427.582286              CB82-08 1169.00 1.2939 0
1563253.696180 5114444.746857              CB82-08 1170.00 1.2937 0
1563235.493633 5114461.911428              CB82-08 1171.00 1.2935 0
1563217.291172 5114479.075919              CB82-08 1172.00 1.2934 0
1563199.088625 5114496.240490              CB82-08 1173.00 1.2939 0
1563180.886078 5114513.405061              CB82-08 1174.00 1.2944 0
1563162.683531 5114530.569633              CB82-08 1175.00 1.2943 0
1563144.480984 5114547.734204              CB82-08 1176.00 1.2939 0
1563126.278523 5114564.898694              CB82-08 1177.00 1.2933 0
1563108.075976 5114582.063266              CB82-08 1178.00 1.2930 0
1563089.873430 5114599.227837              CB82-08 1179.00 1.2926 0
1563071.670883 5114616.392408              CB82-08 1180.00 1.2922 0
1563053.468336 5114633.556979              CB82-08 1181.00 1.2916 0
1563035.265789 5114650.721551              CB82-08 1182.00 1.2911 0
1563017.063328 5114667.886041              CB82-08 1183.00 1.2907 0
1562998.860781 5114685.050612              CB82-08 1184.00 1.2906 0
1562980.658234 5114702.215184              CB82-08 1185.00 1.2902 0
1562962.455688 5114719.379755              CB82-08 1186.00 1.2897 0
1562944.253141 5114736.544326              CB82-08 1187.00 1.2892 0
1562926.050594 5114753.708898              CB82-08 1188.00 1.2888 0
1562907.848133 5114770.873388              CB82-08 1189.00 1.2887 0
1562889.645586 5114788.037959              CB82-08 1190.00 1.2889 0
1562871.443039 5114805.202531              CB82-08 1191.00 1.2889 0
1562853.240492 5114822.367102              CB82-08 1192.00 1.2889 0
1562835.037945 5114839.531673              CB82-08 1193.00 1.2892 0
1562816.835484 5114856.696164              CB82-08 1194.00 1.2894 0
1562798.632937 5114873.860735              CB82-08 1195.00 1.2894 0
1562780.430391 5114891.025306              CB82-08 1196.00 1.2893 0
1562762.227844 5114908.189878              CB82-08 1197.00 1.2890 0
1562744.025297 5114925.354449              CB82-08 1198.00 1.2885 0
1562725.822750 5114942.519020              CB82-08 1199.00 1.2881 0
1562707.620289 5114959.683511              CB82-08 1200.00 1.2875 0
1562689.417742 5114976.848082              CB82-08 1201.00 1.2870 0
1562671.215195 5114994.012653              CB82-08 1202.00 1.2866 0
1562653.012648 5115011.177224              CB82-08 1203.00 1.2863 0
1562634.810102 5115028.341796              CB82-08 1204.00 1.2861 0
1562616.607555 5115045.506367              CB82-08 1205.00 1.2859 0
1562598.405094 5115062.670857              CB82-08 1206.00 1.2861 0
1562580.202547 5115079.835429              CB82-08 1207.00 1.2867 0
1562562.000000 5115097.000000              CB82-08 1208.00 1.2870 0
1562543.951220 5115114.268292              CB82-08 1209.00 1.2865 0
1562525.902440 5115131.536584              CB82-08 1210.00 1.2860 0
1562507.853661 5115148.804876              CB82-08 1211.00 1.2859 0
1562489.804881 5115166.073168              CB82-08 1212.00 1.2859 0
1562471.756095 5115183.341465              CB82-08 1213.00 1.2860 0
1562453.707321 5115200.609752              CB82-08 1214.00 1.2860 0
1562435.658536 5115217.878050              CB82-08 1215.00 1.2859 0
1562417.609761 5115235.146336              CB82-08 1216.00 1.2858 0
1562399.560976 5115252.414634              CB82-08 1217.00 1.2856 0
1562381.512191 5115269.682931              CB82-08 1218.00 1.2853 0
1562363.463405 5115286.951228              CB82-08 1219.00 1.2851 0
1562345.414642 5115304.219504              CB82-08 1220.00 1.2848 0
1562327.365857 5115321.487802              CB82-08 1221.00 1.2846 0
1562309.317072 5115338.756099              CB82-08 1222.00 1.2844 0
1562291.268286 5115356.024396              CB82-08 1223.00 1.2842 0
1562273.219523 5115373.292673              CB82-08 1224.00 1.2840 0
1562255.170738 5115390.560970              CB82-08 1225.00 1.2838 0
1562237.121952 5115407.829267              CB82-08 1226.00 1.2834 0
1562219.073167 5115425.097565              CB82-08 1227.00 1.2828 0
1562201.024382 5115442.365862              CB82-08 1228.00 1.2820 0
1562182.975618 5115459.634138              CB82-08 1229.00 1.2814 0
1562164.926811 5115476.902457              CB82-08 1230.00 1.2811 0
1562146.878048 5115494.170733              CB82-08 1231.00 1.2811 0
1562128.829284 5115511.439009              CB82-08 1232.00 1.2811 0
1562110.780477 5115528.707327              CB82-08 1233.00 1.2809 0
1562092.731714 5115545.975604              CB82-08 1234.00 1.2806 0
1562074.682906 5115563.243922              CB82-08 1235.00 1.2804 0
1562056.634143 5115580.512198              CB82-08 1236.00 1.2802 0
1562038.585380 5115597.780474              CB82-08 1237.00 1.2800 0
1562020.536572 5115615.048793              CB82-08 1238.00 1.2798 0
1562002.487809 5115632.317069              CB82-08 1239.00 1.2797 0
1561984.439046 5115649.585345              CB82-08 1240.00 1.2794 0
1561966.390239 5115666.853664              CB82-08 1241.00 1.2791 0
1561948.341475 5115684.121940              CB82-08 1242.00 1.2787 0
1561930.292668 5115701.390258              CB82-08 1243.00 1.2784 0
1561912.243905 5115718.658535              CB82-08 1244.00 1.2781 0
1561894.195141 5115735.926811              CB82-08 1245.00 1.2775 0
1561876.146334 5115753.195129              CB82-08 1246.00 1.2768 0
1561858.097571 5115770.463405              CB82-08 1247.00 1.2752 0
1561840.048763 5115787.731724              CB82-08 1248.00 1.2741 0
1561822.000000 5115805.000000              CB82-08 1249.00 1.2741 0
1561804.076922 5115822.461539              CB82-08 1250.00 1.2740 0
1561786.153845 5115839.923078              CB82-08 1251.00 1.2740 0
1561768.230769 5115857.384616              CB82-08 1252.00 1.2741 0
1561750.307690 5115874.846156              CB82-08 1253.00 1.2741 0
1561732.384614 5115892.307694              CB82-08 1254.00 1.2740 0
1561714.461538 5115909.769231              CB82-08 1255.00 1.2738 0
1561696.538455 5115927.230775              CB82-08 1256.00 1.2735 0
1561678.615379 5115944.692313              CB82-08 1257.00 1.2730 0
1561660.692303 5115962.153850              CB82-08 1258.00 1.2719 0
1561642.769228 5115979.615388              CB82-08 1259.00 1.2705 0
1561624.846152 5115997.076925              CB82-08 1260.00 1.2694 0
1561606.923076 5116014.538463              CB82-08 1261.00 1.2684 0
1561589.000000 5116032.000000              CB82-08 1262.00 1.2679 0
1561571.320000 5116049.320000              CB82-08 1263.00 1.2683 0
1561553.640001 5116066.639999              CB82-08 1264.00 1.2685 0
1561535.960001 5116083.959999              CB82-08 1265.00 1.2684 0
1561518.280002 5116101.279998              CB82-08 1266.00 1.2686 0
1561500.599999 5116118.600001              CB82-08 1267.00 1.2691 0
1561482.920002 5116135.919998              CB82-08 1268.00 1.2697 0
1561465.239999 5116153.240001              CB82-08 1269.00 1.2705 0
1561447.560003 5116170.559997              CB82-08 1270.00 1.2713 0
1561429.879994 5116187.880006              CB82-08 1271.00 1.2718 0
1561412.199997 5116205.200003              CB82-08 1272.00 1.2719 0
1561394.520001 5116222.519999              CB82-08 1273.00 1.2717 0
1561376.840005 5116239.839995              CB82-08 1274.00 1.2713 0
1561359.160008 5116257.159992              CB82-08 1275.00 1.2711 0
1561341.479999 5116274.480001              CB82-08 1276.00 1.2711 0
1561323.799989 5116291.800010              CB82-08 1277.00 1.2711 0
1561306.120006 5116309.119994              CB82-08 1278.00 1.2710 0
1561288.439997 5116326.440003              CB82-08 1279.00 1.2706 0
1561270.759987 5116343.760012              CB82-08 1280.00 1.2705 0
1561253.080004 5116361.079996              CB82-08 1281.00 1.2701 0
1561235.399995 5116378.400005              CB82-08 1282.00 1.2701 0
1561217.720012 5116395.719989              CB82-08 1283.00 1.2704 0
1561200.040002 5116413.039998              CB82-08 1284.00 1.2703 0
1561182.359993 5116430.360007              CB82-08 1285.00 1.2702 0
1561164.680009 5116447.679991              CB82-08 1286.00 1.2702 0
1561147.000000 5116465.000000              CB82-08 1287.00 1.2705 0
1561129.259259 5116482.592593              CB82-08 1288.00 1.2706 0
1561111.518518 5116500.185185              CB82-08 1289.00 1.2703 0
1561093.777777 5116517.777778              CB82-08 1290.00 1.2700 0
1561076.037037 5116535.370371              CB82-08 1291.00 1.2700 0
1561058.296299 5116552.962960              CB82-08 1292.00 1.2702 0
1561040.555555 5116570.555556              CB82-08 1293.00 1.2706 0
1561022.814817 5116588.148146              CB82-08 1294.00 1.2708 0
1561005.074073 5116605.740742              CB82-08 1295.00 1.2712 0
1560987.333329 5116623.333338              CB82-08 1296.00 1.2716 0
1560969.592598 5116640.925920              CB82-08 1297.00 1.2716 0
1560951.851854 5116658.518516              CB82-08 1298.00 1.2716 0
1560934.111110 5116676.111113              CB82-08 1299.00 1.2713 0
1560916.370365 5116693.703709              CB82-08 1300.00 1.2707 0
1560898.629635 5116711.296291              CB82-08 1301.00 1.2698 0
1560880.888876 5116728.888901              CB82-08 1302.00 1.2690 0
1560863.148146 5116746.481484              CB82-08 1303.00 1.2682 0
1560845.407416 5116764.074066              CB82-08 1304.00 1.2680 0
1560827.666657 5116781.666676              CB82-08 1305.00 1.2675 0
1560809.925927 5116799.259258              CB82-08 1306.00 1.2666 0
1560792.185197 5116816.851840              CB82-08 1307.00 1.2655 0
1560774.444438 5116834.444451              CB82-08 1308.00 1.2640 0
1560756.703708 5116852.037033              CB82-08 1309.00 1.2626 0
1560738.962949 5116869.629643              CB82-08 1310.00 1.2618 0
1560721.222219 5116887.222225              CB82-08 1311.00 1.2610 0
1560703.481489 5116904.814807              CB82-08 1312.00 1.2606 0
1560685.740730 5116922.407418              CB82-08 1313.00 1.2604 0
1560668.000000 5116940.000000              CB82-08 1314.00 1.2599 0
1560650.259270 5116957.592582              CB82-08 1315.00 1.2594 0
1560632.518540 5116975.185164              CB82-08 1316.00 1.2591 0
1560614.777752 5116992.777803              CB82-08 1317.00 1.2588 0
1560597.037022 5117010.370385              CB82-08 1318.00 1.2588 0
1560579.296292 5117027.962967              CB82-08 1319.00 1.2595 0
1560561.555562 5117045.555549              CB82-08 1320.00 1.2601 0
1560543.814832 5117063.148131              CB82-08 1321.00 1.2601 0
1560526.074102 5117080.740713              CB82-08 1322.00 1.2597 0
1560508.333314 5117098.333352              CB82-08 1323.00 1.2590 0
1560490.592584 5117115.925934              CB82-08 1324.00 1.2586 0
1560472.851854 5117133.518516              CB82-08 1325.00 1.2577 0
1560455.111124 5117151.111099              CB82-08 1326.00 1.2568 0
1560437.370394 5117168.703681              CB82-08 1327.00 1.2560 0
1560419.629606 5117186.296319              CB82-08 1328.00 1.2556 0
1560401.888876 5117203.888901              CB82-08 1329.00 1.2554 0
1560384.148146 5117221.481484              CB82-08 1330.00 1.2554 0
1560366.407416 5117239.074066              CB82-08 1331.00 1.2554 0
1560348.666686 5117256.666648              CB82-08 1332.00 1.2555 0
1560330.925898 5117274.259287              CB82-08 1333.00 1.2561 0
1560313.185168 5117291.851869              CB82-08 1334.00 1.2564 0
1560295.444438 5117309.444451              CB82-08 1335.00 1.2564 0
1560277.703708 5117327.037033              CB82-08 1336.00 1.2561 0
1560259.962978 5117344.629615              CB82-08 1337.00 1.2556 0
1560242.222248 5117362.222197              CB82-08 1338.00 1.2552 0
1560224.481460 5117379.814836              CB82-08 1339.00 1.2547 0
1560206.740730 5117397.407418              CB82-08 1340.00 1.2539 0
1560189.000000 5117415.000000              CB82-08 1341.00 1.2533 0
1560171.235294 5117432.352941              CB82-08 1342.00 1.2530 0
1560153.470588 5117449.705882              CB82-08 1343.00 1.2529 0
1560135.705881 5117467.058825              CB82-08 1344.00 1.2529 0
1560117.941176 5117484.411765              CB82-08 1345.00 1.2530 0
1560100.176467 5117501.764710              CB82-08 1346.00 1.2532 0
1560082.411762 5117519.117650              CB82-08 1347.00 1.2535 0
1560064.647057 5117536.470590              CB82-08 1348.00 1.2537 0
1560046.882352 5117553.823530              CB82-08 1349.00 1.2536 0
1560029.117639 5117571.176479              CB82-08 1350.00 1.2532 0
1560011.352934 5117588.529419              CB82-08 1351.00 1.2529 0
1559993.588229 5117605.882359              CB82-08 1352.00 1.2527 0
1559975.823524 5117623.235299              CB82-08 1353.00 1.2526 0
1559958.058819 5117640.588239              CB82-08 1354.00 1.2524 0
1559940.294114 5117657.941180              CB82-08 1355.00 1.2524 0
1559922.529410 5117675.294120              CB82-08 1356.00 1.2527 0
1559904.764705 5117692.647060              CB82-08 1357.00 1.2528 0
1559887.000000 5117710.000000              CB82-08 1358.00 1.2527 0
1559869.142856 5117727.000001              CB82-08 1359.00 1.2525 0
1559851.285713 5117744.000002              CB82-08 1360.00 1.2523 0
1559833.428571 5117761.000001              CB82-08 1361.00 1.2521 0
1559815.571425 5117778.000003              CB82-08 1362.00 1.2520 0
1559797.714284 5117795.000002              CB82-08 1363.00 1.2520 0
1559779.857142 5117812.000001              CB82-08 1364.00 1.2521 0
1559762.000000 5117829.000000              CB82-08 1365.00 1.2521 0
1559743.939393 5117846.303031              CB82-08 1366.00 1.2516 0
1559725.878787 5117863.606062              CB82-08 1367.00 1.2506 0
1559707.818180 5117880.909092              CB82-08 1368.00 1.2494 0
1559689.757574 5117898.212123              CB82-08 1369.00 1.2483 0
1559671.696967 5117915.515154              CB82-08 1370.00 1.2480 0
1559653.636360 5117932.818185              CB82-08 1371.00 1.2481 0
1559635.575754 5117950.121216              CB82-08 1372.00 1.2482 0
1559617.515147 5117967.424247              CB82-08 1373.00 1.2480 0
1559599.454541 5117984.727277              CB82-08 1374.00 1.2477 0
1559581.393934 5118002.030308              CB82-08 1375.00 1.2474 0
1559563.333327 5118019.333339              CB82-08 1376.00 1.2473 0
1559545.272721 5118036.636370              CB82-08 1377.00 1.2470 0
1559527.212114 5118053.939401              CB82-08 1378.00 1.2462 0
1559509.151508 5118071.242431              CB82-08 1379.00 1.2453 0
1559491.090901 5118088.545462              CB82-08 1380.00 1.2447 0
1559473.030294 5118105.848493              CB82-08 1381.00 1.2442 0
1559454.969706 5118123.151507              CB82-08 1382.00 1.2441 0
1559436.909081 5118140.454555              CB82-08 1383.00 1.2441 0
1559418.848492 5118157.757569              CB82-08 1384.00 1.2441 0
1559400.787868 5118175.060616              CB82-08 1385.00 1.2440 0
1559382.727279 5118192.363630              CB82-08 1386.00 1.2439 0
1559364.666655 5118209.666678              CB82-08 1387.00 1.2436 0
1559346.606066 5118226.969692              CB82-08 1388.00 1.2434 0
1559328.545442 5118244.272740              CB82-08 1389.00 1.2432 0
1559310.484853 5118261.575753              CB82-08 1390.00 1.2428 0
1559292.424228 5118278.878801              CB82-08 1391.00 1.2426 0
1559274.363640 5118296.181815              CB82-08 1392.00 1.2425 0
1559256.303015 5118313.484863              CB82-08 1393.00 1.2422 0
1559238.242426 5118330.787877              CB82-08 1394.00 1.2421 0
1559220.181802 5118348.090925              CB82-08 1395.00 1.2420 0
1559202.121213 5118365.393938              CB82-08 1396.00 1.2419 0
1559184.060589 5118382.696986              CB82-08 1397.00 1.2419 0
1559166.000000 5118400.000000              CB82-08 1398.00 1.2417 0
1559148.285713 5118417.500001              CB82-08 1399.00 1.2413 0
1559130.571427 5118435.000002              CB82-08 1400.00 1.2408 0
1559112.857142 5118452.500001              CB82-08 1401.00 1.2408 0
1559095.142854 5118470.000003              CB82-08 1402.00 1.2411 0
1559077.428569 5118487.500002              CB82-08 1403.00 1.2411 0
1559059.714285 5118505.000001              CB82-08 1404.00 1.2408 0
1559042.000000 5118522.500000              CB82-08 1405.00 1.2405 0
1559024.285708 5118540.000006              CB82-08 1406.00 1.2402 0
1559006.571431 5118557.499998              CB82-08 1407.00 1.2396 0
1558988.857139 5118575.000004              CB82-08 1408.00 1.2382 0
1558971.142861 5118592.499996              CB82-08 1409.00 1.2376 0
1558953.428569 5118610.000002              CB82-08 1410.00 1.2378 0
1558935.714292 5118627.499994              CB82-08 1411.00 1.2379 0
1558918.000000 5118645.000000              CB82-08 1412.00 1.2380 0
1558900.285723 5118662.499992              CB82-08 1413.00 1.2380 0
1558882.571416 5118680.000013              CB82-08 1414.00 1.2378 0
1558864.857139 5118697.500004              CB82-08 1415.00 1.2376 0
1558847.142861 5118714.999996              CB82-08 1416.00 1.2375 0
1558829.428584 5118732.499987              CB82-08 1417.00 1.2373 0
1558811.714277 5118750.000008              CB82-08 1418.00 1.2369 0
1558794.000000 5118767.500000              CB82-08 1419.00 1.2366 0
1558776.285723 5118784.999992              CB82-08 1420.00 1.2364 0
1558758.571416 5118802.500013              CB82-08 1421.00 1.2361 0
1558740.857139 5118820.000004              CB82-08 1422.00 1.2360 0
1558723.142861 5118837.499996              CB82-08 1423.00 1.2361 0
1558705.428584 5118854.999987              CB82-08 1424.00 1.2364 0
1558687.714277 5118872.500008              CB82-08 1425.00 1.2359 0
1558670.000000 5118890.000000              CB82-08 1426.00 1.2348 0
1558651.500000 5118908.500000              CB82-08 1427.00 1.2334 0
1558633.000000 5118927.000000              CB82-08 1428.00 1.2320 0
1558614.500000 5118945.500000              CB82-08 1429.00 1.2307 0
1558596.000000 5118964.000000              CB82-08 1430.00 1.2298 0
