1572300.999999 5105715.000001              CB82-08 666.00 1.5611 20.0898
1572283.000000 5105732.500000              CB82-08 667.00 1.5621 10.4728
1572264.999996 5105750.000004              CB82-08 668.00 1.5675 3.42255
1572247.000002 5105767.499998              CB82-08 669.00 1.5712 9.60537
1572228.999998 5105785.000002              CB82-08 670.00 1.5719 12.1064
1572211.000004 5105802.499996              CB82-08 671.00 1.5736 9.52879
1572193.000000 5105820.000000              CB82-08 672.00 1.5787 9.08018
1572175.300000 5105837.900000              CB82-08 673.00 1.5818 9.50581
1572157.599999 5105855.800001              CB82-08 674.00 1.5861 8.16339
1572139.899998 5105873.700002              CB82-08 675.00 1.5894 8.79002
1572122.199999 5105891.600001              CB82-08 676.00 1.5897 5.92174
1572104.500000 5105909.500000              CB82-08 677.00 1.5927 2.68876
1572086.799996 5105927.400004              CB82-08 678.00 1.5957 3.71439
1572069.100002 5105945.299998              CB82-08 679.00 1.5982 8.92999
1572051.399998 5105963.200002              CB82-08 680.00 1.6004 12.8578
1572033.700004 5105981.099996              CB82-08 681.00 1.6026 11.4878
1572016.000000 5105999.000000              CB82-08 682.00 1.6086 6.32605
1571999.000000 5106015.750000              CB82-08 683.00 1.6172 2.72285
1571982.000000 5106032.500000              CB82-08 684.00 1.6257 6.32607
1571965.000000 5106049.250000              CB82-08 685.00 1.6292 8.46542
1571948.000000 5106066.000000              CB82-08 686.00 1.6393 5.06463
1571930.300000 5106083.500000              CB82-08 687.00 1.6451 1.16667
1571912.599999 5106101.000001              CB82-08 688.00 1.6510 -1.70149
1571894.899998 5106118.500002              CB82-08 689.00 1.6538 -0.474337
1571877.199999 5106136.000001              CB82-08 690.00 1.6566 -0.0261792
1571859.500000 5106153.500000              CB82-08 691.00 1.6594 1.2545
1571841.799996 5106171.000004              CB82-08 692.00 1.6667 6.48516
1571824.100002 5106188.499998              CB82-08 693.00 1.6740 10.3531
1571806.399998 5106206.000002              CB82-08 694.00 1.6760 12.1442
1571788.700004 5106223.499996              CB82-08 695.00 1.6784 11.9013
1571771.000000 5106241.000000              CB82-08 696.00 1.6801 9.25951
1571752.945946 5106258.351352              CB82-08 697.00 1.6840 4.32071
1571734.891891 5106275.702704              CB82-08 698.00 1.6925 8.59039
1571716.837840 5106293.054052              CB82-08 699.00 1.6944 11.0498
1571698.783782 5106310.405407              CB82-08 700.00 1.6941 10.4118
1571680.729734 5106327.756753              CB82-08 701.00 1.6939 9.79472
1571662.675681 5106345.108103              CB82-08 702.00 1.6932 11.4269
1571644.621617 5106362.459464              CB82-08 703.00 1.6928 13.3954
1571626.567564 5106379.810814              CB82-08 704.00 1.6922 17.1674
1571608.513511 5106397.162165              CB82-08 705.00 1.6917 19.8283
1571590.459468 5106414.513506              CB82-08 706.00 1.6910 20.152
1571572.405404 5106431.864866              CB82-08 707.00 1.6900 20.8314
1571554.351361 5106449.216207              CB82-08 708.00 1.6898 23.406
1571536.297298 5106466.567567              CB82-08 709.00 1.6904 26.6226
1571518.243235 5106483.918927              CB82-08 710.00 1.6908 29.9874
1571500.189191 5106501.270268              CB82-08 711.00 1.6910 34.7499
1571482.135128 5106518.621628              CB82-08 712.00 1.6912 39.4355
1571464.081085 5106535.972969              CB82-08 713.00 1.6914 40.6314
1571446.027022 5106553.324329              CB82-08 714.00 1.6916 39.6811
1571427.972978 5106570.675671              CB82-08 715.00 1.6921 37.8314
1571409.918935 5106588.027012              CB82-08 716.00 1.6926 36.1005
1571391.864852 5106605.378391              CB82-08 717.00 1.6927 33.8955
1571373.810809 5106622.729732              CB82-08 718.00 1.6928 31.333
1571355.756765 5106640.081073              CB82-08 719.00 1.6933 27.4452
1571337.702722 5106657.432414              CB82-08 720.00 1.6932 23.1989
1571319.648639 5106674.783793              CB82-08 721.00 1.6918 19.6647
1571301.594596 5106692.135134              CB82-08 722.00 1.6904 20.3515
1571283.540552 5106709.486475              CB82-08 723.00 1.6902 22.412
1571265.486469 5106726.837854              CB82-08 724.00 1.6904 22.4928
1571247.432426 5106744.189195              CB82-08 725.00 1.6902 20.3583
1571229.378383 5106761.540536              CB82-08 726.00 1.6894 18.2595
1571211.324339 5106778.891877              CB82-08 727.00 1.6883 18.8158
1571193.270256 5106796.243257              CB82-08 728.00 1.6876 20.9949
1571175.216213 5106813.594598              CB82-08 729.00 1.6873 21.342
1571157.162170 5106830.945939              CB82-08 730.00 1.6874 20.5084
1571139.108126 5106848.297280              CB82-08 731.00 1.6875 19.7703
1571121.054043 5106865.648659              CB82-08 732.00 1.6878 20.0785
1571103.000000 5106883.000000              CB82-08 733.00 1.6883 21.5578
1571084.583333 5106899.833334              CB82-08 734.00 1.6886 23.9665
1571066.166666 5106916.666668              CB82-08 735.00 1.6887 26.3942
1571047.750000 5106933.500000              CB82-08 736.00 1.6888 27.6346
1571029.333331 5106950.333335              CB82-08 737.00 1.6889 27.3072
1571010.916669 5106967.166665              CB82-08 738.00 1.6885 26.4084
1570992.500000 5106984.000000              CB82-08 739.00 1.6883 25.2511
1570974.083338 5107000.833329              CB82-08 740.00 1.6883 22.9715
1570955.666662 5107017.666671              CB82-08 741.00 1.6883 20.9254
1570937.250000 5107034.500000              CB82-08 742.00 1.6881 19.5731
1570918.833338 5107051.333329              CB82-08 743.00 1.6880 19.0453
1570900.416662 5107068.166671              CB82-08 744.00 1.6877 18.0306
1570882.000000 5107085.000000              CB82-08 745.00 1.6871 18.0136
1570863.749999 5107102.035715              CB82-08 746.00 1.6864 18.6574
1570845.499998 5107119.071430              CB82-08 747.00 1.6855 18.8459
1570827.249999 5107136.107143              CB82-08 748.00 1.6848 17.6299
1570808.999997 5107153.142860              CB82-08 749.00 1.6844 15.5069
1570790.749998 5107170.178573              CB82-08 750.00 1.6843 12.9422
1570772.499999 5107187.214287              CB82-08 751.00 1.6841 11.5712
1570754.250000 5107204.250000              CB82-08 752.00 1.6838 10.521
1570735.999993 5107221.285720              CB82-08 753.00 1.6845 10.6716
1570717.750002 5107238.321427              CB82-08 754.00 1.6854 11.9494
1570699.499996 5107255.357147              CB82-08 755.00 1.6860 15.9125
1570681.250004 5107272.392853              CB82-08 756.00 1.6858 20.4489
1570662.999998 5107289.428573              CB82-08 757.00 1.6852 22.9017
1570644.750007 5107306.464280              CB82-08 758.00 1.6849 21.7234
1570626.500000 5107323.500000              CB82-08 759.00 1.6848 18.0714
1570608.250009 5107340.535706              CB82-08 760.00 1.6848 14.6145
1570589.999987 5107357.571441              CB82-08 761.00 1.6846 10.8173
1570571.749996 5107374.607147              CB82-08 762.00 1.6844 7.4705
1570553.500004 5107391.642853              CB82-08 763.00 1.6851 5.29118
1570535.250013 5107408.678559              CB82-08 764.00 1.6841 4.67179
1570516.999991 5107425.714294              CB82-08 765.00 1.6828 3.8251
1570498.750000 5107442.750000              CB82-08 766.00 1.6821 2.28463
1570480.500009 5107459.785706              CB82-08 767.00 1.6814 -0.135575
1570462.249987 5107476.821441              CB82-08 768.00 1.6807 -2.24204
1570443.999996 5107493.857147              CB82-08 769.00 1.6800 -4.24148
1570425.750004 5107510.892853              CB82-08 770.00 1.6795 -5.31124
1570407.500013 5107527.928559              CB82-08 771.00 1.6791 -5.9726
1570389.249991 5107544.964294              CB82-08 772.00 1.6786 -6.4886
1570371.000000 5107562.000000              CB82-08 773.00 1.6781 -6.23652
1570352.500000 5107579.500000              CB82-08 774.00 1.6777 -5.56102
1570334.000000 5107597.000000              CB82-08 775.00 1.6772 -4.62107
1570315.500000 5107614.500000              CB82-08 776.00 1.6762 -3.64973
1570297.000000 5107632.000000              CB82-08 777.00 1.6751 -3.10327
1570279.142856 5107649.142858              CB82-08 778.00 1.6740 -3.63882
1570261.285713 5107666.285716              CB82-08 779.00 1.6730 -4.59023
1570243.428571 5107683.428572              CB82-08 780.00 1.6719 -4.37681
1570225.571425 5107700.571432              CB82-08 781.00 1.6708 -2.41718
1570207.714284 5107717.714288              CB82-08 782.00 1.6693 0.215233
1570189.857142 5107734.857144              CB82-08 783.00 1.6677 2.39601
1570172.000000 5107752.000000              CB82-08 784.00 1.6661 5.21944
1570154.315789 5107769.473684              CB82-08 785.00 1.6645 7.19792
1570136.631579 5107786.947369              CB82-08 786.00 1.6626 8.73427
1570118.947371 5107804.421051              CB82-08 787.00 1.6608 9.35711
1570101.263157 5107821.894737              CB82-08 788.00 1.6605 8.09152
1570083.578944 5107839.368424              CB82-08 789.00 1.6602 6.5827
1570065.894741 5107856.842101              CB82-08 790.00 1.6599 7.95677
1570048.210528 5107874.315788              CB82-08 791.00 1.6596 12.8818
1570030.526315 5107891.789475              CB82-08 792.00 1.6582 15.8426
1570012.842102 5107909.263162              CB82-08 793.00 1.6568 16.3465
1569995.157888 5107926.736848              CB82-08 794.00 1.6526 15.0779
1569977.473685 5107944.210525              CB82-08 795.00 1.6484 15.0603
1569959.789482 5107961.684202              CB82-08 796.00 1.6442 15.5617
1569942.105259 5107979.157899              CB82-08 797.00 1.6400 18.9818
1569924.421056 5107996.631576              CB82-08 798.00 1.6374 24.0194
1569906.736833 5108014.105273              CB82-08 799.00 1.6355 27.2767
1569889.052629 5108031.578949              CB82-08 800.00 1.6336 27.8672
1569871.368426 5108049.052626              CB82-08 801.00 1.6321 25.0076
1569853.684203 5108066.526323              CB82-08 802.00 1.6308 18.1793
1569836.000000 5108084.000000              CB82-08 803.00 1.6174 13.5296
1569818.499999 5108101.666667              CB82-08 804.00 1.6156 18.6556
1569800.999999 5108119.333334              CB82-08 805.00 1.6146 18.7388
1569783.500000 5108137.000000              CB82-08 806.00 1.6143 15.9124
1569765.999998 5108154.666669              CB82-08 807.00 1.6107 12.0765
1569748.500002 5108172.333331              CB82-08 808.00 1.6051 14.1871
1569731.000000 5108190.000000              CB82-08 809.00 1.6046 17.9201
1569713.500004 5108207.666662              CB82-08 810.00 1.6052 20.773
1569695.999996 5108225.333338              CB82-08 811.00 1.6062 22.412
1569678.500000 5108243.000000              CB82-08 812.00 1.6073 24.3654
1569661.000004 5108260.666662              CB82-08 813.00 1.6082 25.9472
1569643.499996 5108278.333338              CB82-08 814.00 1.6094 27.8697
1569626.000000 5108296.000000              CB82-08 815.00 1.6108 30.0026
1569608.785714 5108313.285715              CB82-08 816.00 1.6121 32.4532
1569591.571427 5108330.571430              CB82-08 817.00 1.6131 33.2734
1569574.357142 5108347.857143              CB82-08 818.00 1.6137 33.1293
1569557.142854 5108365.142860              CB82-08 819.00 1.6144 31.7187
1569539.928569 5108382.428573              CB82-08 820.00 1.6150 30.7566
1569522.714285 5108399.714287              CB82-08 821.00 1.6156 30.3503
1569505.500000 5108417.000000              CB82-08 822.00 1.6163 30.2529
1569488.285708 5108434.285720              CB82-08 823.00 1.6171 30.5546
1569471.071431 5108451.571427              CB82-08 824.00 1.6178 30.9635
1569453.857139 5108468.857147              CB82-08 825.00 1.6187 31.6426
1569436.642861 5108486.142853              CB82-08 826.00 1.6197 33.9342
1569419.428569 5108503.428573              CB82-08 827.00 1.6206 36.4026
1569402.214292 5108520.714280              CB82-08 828.00 1.6220 37.6765
1569385.000000 5108538.000000              CB82-08 829.00 1.6235 38.2744
1569367.125000 5108555.687500              CB82-08 830.00 1.6251 39.0519
1569349.250000 5108573.375000              CB82-08 831.00 1.6266 38.5428
1569331.375000 5108591.062500              CB82-08 832.00 1.6284 38.7248
1569313.500000 5108608.750000              CB82-08 833.00 1.6299 39.9601
1569295.625000 5108626.437500              CB82-08 834.00 1.6314 43.7059
1569277.750000 5108644.125000              CB82-08 835.00 1.6322 46.6249
1569259.875000 5108661.812500              CB82-08 836.00 1.6330 46.5294
