1557384.938239 5118203.266799 -1326.1962
1557384.938239 5118002.162084 -1327.1272
1557585.233691 5118404.371515 -1327.3278
1557585.233691 5118203.266799 -1328.5630
1557585.233691 5118002.162084 -1329.1542
1557585.233691 5117801.057368 -1329.5330
1557785.529144 5118605.476231 -1327.9139
1557785.529144 5118404.371515 -1330.1621
1557785.529144 5118203.266799 -1330.9697
1557785.529144 5118002.162084 -1331.0597
1557785.529144 5117801.057368 -1331.0292
1557785.529144 5117599.952653 -1331.2319
1557985.824597 5118806.580946 -1326.3700
1557985.824597 5118605.476231 -1331.1754
1557985.824597 5118404.371515 -1333.0895
1557985.824597 5118203.266799 -1333.1598
1557985.824597 5118002.162084 -1332.5671
1557985.824597 5117801.057368 -1332.0940
1557985.824597 5117599.952653 -1332.0930
1557985.824597 5117398.847937 -1332.6284
1558186.120050 5119007.685662 -1319.2126
1558186.120050 5118806.580946 -1329.2460
1558186.120050 5118605.476231 -1334.6766
1558186.120050 5118404.371515 -1335.7263
1558186.120050 5118203.266799 -1334.6447
1558186.120050 5118002.162084 -1333.2554
1558186.120050 5117801.057368 -1332.4464
1558186.120050 5117599.952653 -1332.4399
1558186.120050 5117398.847937 -1333.1332
1558186.120050 5117197.743221 -1334.3237
1558386.415502 5119208.790378 -1307.6895
1558386.415502 5119007.685662 -1317.8096
1558386.415502 5118806.580946 -1332.3389
1558386.415502 5118605.476231 -1337.9423
1558386.415502 5118404.371515 -1337.2385
1558386.415502 5118203.266799 -1334.6439
1558386.415502 5118002.162084 -1332.6118
1558386.415502 5117801.057368 -1331.8459
1558386.415502 5117599.952653 -1332.2208
1558386.415502 5117398.847937 -1333.3724
1558386.415502 5117197.743221 -1334.9581
1558586.710955 5119409.895093 -1299.2689
1558586.710955 5119208.790378 -1304.8822
1558586.710955 5119007.685662 -1321.4618
1558586.710955 5118806.580946 -1321.7683
1558586.710955 5118605.476231 -1339.2905
1558586.710955 5118404.371515 -1336.0974
1558586.710955 5118203.266799 -1332.2214
1558586.710955 5118002.162084 -1330.2839
1558586.710955 5117801.057368 -1330.3079
1558586.710955 5117599.952653 -1331.6166
1558586.710955 5117398.847937 -1333.5659
1558586.710955 5117197.743221 -1335.7201
1558586.710955 5116996.638506 -1337.8428
1558787.006408 5119610.999809 -1295.9648
1558787.006408 5119409.895093 -1300.2405
1558787.006408 5119208.790378 -1305.3252
1558787.006408 5119007.685662 -1312.6414
1558787.006408 5118806.580946 -1323.6326
1558787.006408 5118605.476231 -1325.7144
1558787.006408 5118404.371515 -1330.7712
1558787.006408 5118203.266799 -1327.1355
1558787.006408 5118002.162084 -1326.6884
1558787.006408 5117801.057368 -1328.4343
1558787.006408 5117599.952653 -1331.1796
1558787.006408 5117398.847937 -1334.1390
1558787.006408 5117197.743221 -1336.9030
1558787.006408 5116996.638506 -1339.3274
1558787.006408 5116795.533790 -1341.4236
1558987.301860 5119610.999809 -1299.1689
1558987.301860 5119409.895093 -1303.4827
1558987.301860 5119208.790378 -1308.5927
1558987.301860 5119007.685662 -1315.3013
1558987.301860 5118806.580946 -1323.7896
1558987.301860 5118605.476231 -1328.1394
1558987.301860 5118404.371515 -1330.5421
1558987.301860 5118203.266799 -1321.9762
1558987.301860 5118002.162084 -1323.8442
1558987.301860 5117801.057368 -1327.6279
1558987.301860 5117599.952653 -1331.8040
1558987.301860 5117398.847937 -1335.6282
1558987.301860 5117197.743221 -1338.8046
1558987.301860 5116996.638506 -1341.3313
1558987.301860 5116795.533790 -1343.3555
1558987.301860 5116594.429074 -1345.0573
1559187.597313 5119409.895093 -1307.9241
1559187.597313 5119208.790378 -1312.9907
1559187.597313 5119007.685662 -1319.1396
1559187.597313 5118806.580946 -1326.0457
1559187.597313 5118605.476231 -1331.4473
1559187.597313 5118404.371515 -1329.6194
1559187.597313 5118203.266799 -1331.8152
1559187.597313 5118002.162084 -1324.9698
1559187.597313 5117801.057368 -1329.5037
1559187.597313 5117599.952653 -1334.2638
1559187.597313 5117398.847937 -1338.3821
1559187.597313 5117197.743221 -1341.5431
1559187.597313 5116996.638506 -1343.8450
1559187.597313 5116795.533790 -1345.5646
1559187.597313 5116594.429074 -1346.9751
1559187.597313 5116393.324359 -1348.2672
1559387.892766 5119208.790378 -1317.2694
1559387.892766 5119007.685662 -1322.5889
1559387.892766 5118806.580946 -1328.0781
1559387.892766 5118605.476231 -1332.3351
1559387.892766 5118404.371515 -1333.3602
1559387.892766 5118203.266799 -1332.9030
1559387.892766 5118002.162084 -1330.9304
1559387.892766 5117801.057368 -1333.9994
1559387.892766 5117599.952653 -1338.3074
1559387.892766 5117398.847937 -1342.1415
1559387.892766 5117197.743221 -1344.8531
1559387.892766 5116996.638506 -1346.6052
1559387.892766 5116795.533790 -1347.8115
1559387.892766 5116594.429074 -1348.8239
1559387.892766 5116393.324359 -1349.8429
1559387.892766 5116192.219643 -1350.9408
1559588.188219 5119007.685662 -1325.1832
1559588.188219 5118806.580946 -1329.3173
1559588.188219 5118605.476231 -1332.4646
1559588.188219 5118404.371515 -1333.8005
1559588.188219 5118203.266799 -1333.6536
1559588.188219 5118002.162084 -1333.1653
1559588.188219 5117801.057368 -1337.6219
1559588.188219 5117599.952653 -1342.1970
1559588.188219 5117398.847937 -1345.9155
1559588.188219 5117197.743221 -1348.0402
1559588.188219 5116996.638506 -1349.0815
1559588.188219 5116795.533790 -1349.6996
1559588.188219 5116594.429074 -1350.3259
1559588.188219 5116393.324359 -1351.1284
1559588.188219 5116192.219643 -1352.1091
1559588.188219 5115991.114927 -1353.2107
1559788.483671 5118806.580946 -1329.8687
1559788.483671 5118605.476231 -1331.9257
1559788.483671 5118404.371515 -1332.8950
1559788.483671 5118203.266799 -1333.2761
1559788.483671 5118002.162084 -1334.6132
1559788.483671 5117801.057368 -1337.9348
1559788.483671 5117599.952653 -1344.2092
1559788.483671 5117398.847937 -1348.4883
1559788.483671 5117197.743221 -1350.1790
1559788.483671 5116996.638506 -1350.6023
1559788.483671 5116795.533790 -1350.7803
1559788.483671 5116594.429074 -1351.2112
1559788.483671 5116393.324359 -1351.9777
1559788.483671 5116192.219643 -1352.9691
1559788.483671 5115991.114927 -1354.0603
1559788.483671 5115790.010212 -1355.1865
1559988.779124 5118605.476231 -1331.0726
1559988.779124 5118404.371515 -1331.2352
1559988.779124 5118203.266799 -1330.9901
1559988.779124 5118002.162084 -1331.4810
1559988.779124 5117801.057368 -1334.4475
1559988.779124 5117599.952653 -1340.6097
1559988.779124 5117398.847937 -1348.4231
1559988.779124 5117197.743221 -1350.2903
1559988.779124 5116996.638506 -1350.5851
1559988.779124 5116795.533790 -1350.7537
1559988.779124 5116594.429074 -1351.3728
1559988.779124 5116393.324359 -1352.3932
1559988.779124 5116192.219643 -1353.5543
1559988.779124 5115991.114927 -1354.6819
1559988.779124 5115790.010212 -1355.7462
1559988.779124 5115588.905496 -1356.8020
1560189.074577 5118404.371515 -1329.8234
1560189.074577 5118203.266799 -1328.4742
1560189.074577 5118002.162084 -1326.8502
1560189.074577 5117801.057368 -1325.4768
1560189.074577 5117599.952653 -1340.1973
1560189.074577 5117398.847937 -1344.7939
1560189.074577 5117197.743221 -1347.9197
1560189.074577 5116996.638506 -1349.0696
1560189.074577 5116795.533790 -1349.8118
1560189.074577 5116594.429074 -1351.0739
1560189.074577 5116393.324359 -1352.6412
1560189.074577 5116192.219643 -1354.0682
1560189.074577 5115991.114927 -1355.1801
1560189.074577 5115790.010212 -1356.0754
1560189.074577 5115588.905496 -1356.9430
1560189.074577 5115387.800780 -1357.9302
1560389.370030 5118203.266799 -1328.4230
1560389.370030 5118002.162084 -1326.9956
1560389.370030 5117801.057368 -1326.7600
1560389.370030 5117599.952653 -1330.4806
1560389.370030 5117398.847937 -1346.4049
1560389.370030 5117197.743221 -1345.6713
1560389.370030 5116996.638506 -1347.7524
1560389.370030 5116795.533790 -1349.0227
1560389.370030 5116594.429074 -1351.0986
1560389.370030 5116393.324359 -1353.3063
1560389.370030 5116192.219643 -1354.8730
1560389.370030 5115991.114927 -1355.7133
1560389.370030 5115790.010212 -1356.1918
1560389.370030 5115588.905496 -1356.7067
1560389.370030 5115387.800780 -1357.4974
1560389.370030 5115186.696065 -1358.6355
1560589.665482 5118002.162084 -1330.5570
1560589.665482 5117801.057368 -1331.9933
1560589.665482 5117599.952653 -1336.6862
1560589.665482 5117398.847937 -1344.9451
1560589.665482 5117197.743221 -1349.2479
1560589.665482 5116996.638506 -1351.4202
1560589.665482 5116795.533790 -1350.1572
1560589.665482 5116594.429074 -1352.6227
1560589.665482 5116393.324359 -1355.1478
1560589.665482 5116192.219643 -1356.3481
1560589.665482 5115991.114927 -1356.3715
1560589.665482 5115790.010212 -1356.0392
1560589.665482 5115588.905496 -1356.0023
1560589.665482 5115387.800780 -1356.5422
1560589.665482 5115186.696065 -1357.6750
1560589.665482 5114985.591349 -1359.2838
1560789.960935 5118002.162084 -1335.5076
1560789.960935 5117801.057368 -1338.0413
1560789.960935 5117599.952653 -1342.8275
1560789.960935 5117398.847937 -1349.2094
1560789.960935 5117197.743221 -1353.7972
1560789.960935 5116996.638506 -1350.2963
1560789.960935 5116795.533790 -1355.7450
1560789.960935 5116594.429074 -1356.7214
1560789.960935 5116393.324359 -1358.6246
1560789.960935 5116192.219643 -1358.5299
1560789.960935 5115991.114927 -1356.9563
1560789.960935 5115790.010212 -1355.3979
1560789.960935 5115588.905496 -1354.6968
1560789.960935 5115387.800780 -1355.0247
1560789.960935 5115186.696065 -1356.2415
1560789.960935 5114985.591349 -1358.1108
1560789.960935 5114784.486633 -1360.3881
1560990.256388 5117801.057368 -1343.6659
1560990.256388 5117599.952653 -1348.4031
1560990.256388 5117398.847937 -1354.3672
1560990.256388 5117197.743221 -1360.5039
1560990.256388 5116996.638506 -1366.9390
1560990.256388 5116795.533790 -1365.2357
1560990.256388 5116594.429074 -1361.6891
1560990.256388 5116393.324359 -1362.6539
1560990.256388 5116192.219643 -1360.5176
1560990.256388 5115991.114927 -1356.7573
1560990.256388 5115790.010212 -1353.8850
1560990.256388 5115588.905496 -1352.7041
1560990.256388 5115387.800780 -1353.0303
1560990.256388 5115186.696065 -1354.4883
1560990.256388 5114985.591349 -1356.7246
1560990.256388 5114784.486633 -1359.4312
1560990.256388 5114583.381918 -1362.3445
1561190.551840 5117599.952653 -1352.4565
1561190.551840 5117398.847937 -1357.3683
1561190.551840 5117197.743221 -1362.0607
1561190.551840 5116996.638506 -1365.3075
1561190.551840 5116795.533790 -1364.2374
1561190.551840 5116594.429074 -1358.3800
1561190.551840 5116393.324359 -1359.3977
1561190.551840 5116192.219643 -1360.1470
1561190.551840 5115991.114927 -1354.7616
1561190.551840 5115790.010212 -1351.3049
1561190.551840 5115588.905496 -1350.2853
1561190.551840 5115387.800780 -1350.9509
1561190.551840 5115186.696065 -1352.7832
1561190.551840 5114985.591349 -1355.4292
1561190.551840 5114784.486633 -1358.5782
1561190.551840 5114583.381918 -1361.9458
1561190.551840 5114382.277202 -1365.2883
1561390.847293 5117398.847937 -1358.7098
1561390.847293 5117197.743221 -1361.5151
1561390.847293 5116996.638506 -1362.1914
1561390.847293 5116795.533790 -1359.0271
1561390.847293 5116594.429074 -1352.0970
1561390.847293 5116393.324359 -1358.5676
1561390.847293 5116192.219643 -1358.1331
1561390.847293 5115991.114927 -1351.3636
1561390.847293 5115790.010212 -1348.6813
1561390.847293 5115588.905496 -1348.5746
1561390.847293 5115387.800780 -1349.6638
1561390.847293 5115186.696065 -1351.7360
1561390.847293 5114985.591349 -1354.6500
1561390.847293 5114784.486633 -1358.1385
1561390.847293 5114583.381918 -1361.8890
1561390.847293 5114382.277202 -1365.6182
1561591.142746 5117197.743221 -1361.4347
1561591.142746 5116996.638506 -1361.6412
1561591.142746 5116795.533790 -1359.8551
1561591.142746 5116594.429074 -1357.4326
1561591.142746 5116393.324359 -1358.7755
1561591.142746 5116192.219643 -1352.2109
1561591.142746 5115991.114927 -1353.2146
1561591.142746 5115790.010212 -1349.5503
1561591.142746 5115588.905496 -1349.8682
1561591.142746 5115387.800780 -1350.4014
1561591.142746 5115186.696065 -1352.0287
1561591.142746 5114985.591349 -1354.8145
1561591.142746 5114784.486633 -1358.4100
1561591.142746 5114583.381918 -1362.3959
1561591.142746 5114382.277202 -1366.4094
1561591.142746 5114181.172486 -1370.1719
1561791.438199 5116996.638506 -1363.1663
1561791.438199 5116795.533790 -1363.3621
1561791.438199 5116594.429074 -1364.0544
1561791.438199 5116393.324359 -1366.8723
1561791.438199 5116192.219643 -1370.3140
1561791.438199 5115991.114927 -1357.9050
1561791.438199 5115790.010212 -1358.5197
1561791.438199 5115588.905496 -1356.3176
1561791.438199 5115387.800780 -1353.8020
1561791.438199 5115186.696065 -1353.9637
1561791.438199 5114985.591349 -1356.1592
1561791.438199 5114784.486633 -1359.5898
1561791.438199 5114583.381918 -1363.6201
1561791.438199 5114382.277202 -1367.7786
1561791.438199 5114181.172486 -1371.7189
1561791.438199 5113980.067771 -1375.1865
1561991.733651 5116795.533790 -1367.1179
1561991.733651 5116594.429074 -1369.4047
1561991.733651 5116393.324359 -1372.6338
1561991.733651 5116192.219643 -1375.3611
1561991.733651 5115991.114927 -1374.2339
1561991.733651 5115790.010212 -1362.2256
1561991.733651 5115588.905496 -1365.3019
1561991.733651 5115387.800780 -1358.4126
1561991.733651 5115186.696065 -1357.2029
1561991.733651 5114985.591349 -1358.6814
1561991.733651 5114784.486633 -1361.7310
1561991.733651 5114583.381918 -1365.6023
1561991.733651 5114382.277202 -1369.7488
1561991.733651 5114181.172486 -1373.7616
1561991.733651 5113980.067771 -1377.3043
1561991.733651 5113778.963055 -1380.1403
1562192.029104 5116594.429074 -1373.1119
1562192.029104 5116393.324359 -1376.4220
1562192.029104 5116192.219643 -1379.0366
1562192.029104 5115991.114927 -1379.3765
1562192.029104 5115790.010212 -1377.1921
1562192.029104 5115588.905496 -1364.5690
1562192.029104 5115387.800780 -1367.1685
1562192.029104 5115186.696065 -1362.0399
1562192.029104 5114985.591349 -1362.4417
1562192.029104 5114784.486633 -1364.7552
1562192.029104 5114583.381918 -1368.2214
1562192.029104 5114382.277202 -1372.1992
1562192.029104 5114181.172486 -1376.2159
1562192.029104 5113980.067771 -1379.7920
1562192.029104 5113778.963055 -1382.5698
1562192.029104 5113577.858339 -1384.4054
1562392.324557 5116393.324359 -1378.6016
1562392.324557 5116192.219643 -1381.2571
1562392.324557 5115991.114927 -1382.5333
1562392.324557 5115790.010212 -1382.2269
1562392.324557 5115588.905496 -1380.5830
1562392.324557 5115387.800780 -1367.8573
1562392.324557 5115186.696065 -1370.7335
1562392.324557 5114985.591349 -1367.1544
1562392.324557 5114784.486633 -1368.2021
1562392.324557 5114583.381918 -1371.0786
1562392.324557 5114382.277202 -1374.8000
1562392.324557 5114181.172486 -1378.8706
1562392.324557 5113980.067771 -1382.5330
1562392.324557 5113778.963055 -1385.2220
1562392.324557 5113577.858339 -1386.7595
1562392.324557 5113376.753624 -1387.2596
1562592.620009 5116192.219643 -1381.9331
1562592.620009 5115991.114927 -1383.4331
1562592.620009 5115790.010212 -1383.6284
1562592.620009 5115588.905496 -1382.3075
1562592.620009 5115387.800780 -1378.8586
1562592.620009 5115186.696065 -1374.5685
1562592.620009 5114985.591349 -1370.4890
1562592.620009 5114784.486633 -1370.8193
1562592.620009 5114583.381918 -1373.4390
1562592.620009 5114382.277202 -1376.9729
1562592.620009 5114181.172486 -1381.4075
1562592.620009 5113980.067771 -1385.3696
1562592.620009 5113778.963055 -1387.9753
1562592.620009 5113577.858339 -1389.0876
1562592.620009 5113376.753624 -1388.9882
1562592.620009 5113175.648908 -1388.0764
1562792.915462 5115991.114927 -1382.6429
1562792.915462 5115790.010212 -1382.7087
1562792.915462 5115588.905496 -1381.3091
1562792.915462 5115387.800780 -1378.2822
1562792.915462 5115186.696065 -1374.2786
1562792.915462 5114985.591349 -1371.1627
1562792.915462 5114784.486633 -1371.8302
1562792.915462 5114583.381918 -1374.6224
1562792.915462 5114382.277202 -1377.9272
1562792.915462 5114181.172486 -1383.5170
1562792.915462 5113980.067771 -1388.1793
1562792.915462 5113778.963055 -1390.6782
1562792.915462 5113577.858339 -1391.1727
1562792.915462 5113376.753624 -1390.2834
1562792.915462 5113175.648908 -1388.6282
1562792.915462 5112974.544192 -1386.6609
1562993.210915 5115790.010212 -1380.6870
1562993.210915 5115588.905496 -1379.1178
1562993.210915 5115387.800780 -1376.2449
1562993.210915 5115186.696065 -1372.6050
1562993.210915 5114985.591349 -1369.4231
1562993.210915 5114784.486633 -1369.5798
1562993.210915 5114583.381918 -1370.8685
1562993.210915 5114382.277202 -1376.5741
1562993.210915 5114181.172486 -1385.1799
1562993.210915 5113980.067771 -1390.9415
1562993.210915 5113778.963055 -1393.0944
1562993.210915 5113577.858339 -1392.6659
1562993.210915 5113376.753624 -1390.7988
1562993.210915 5113175.648908 -1388.3386
1562993.210915 5112974.544192 -1385.8038
1562993.210915 5112773.439477 -1383.4558
1563193.506368 5115588.905496 -1376.7820
1563193.506368 5115387.800780 -1374.1289
1563193.506368 5115186.696065 -1371.0405
1563193.506368 5114985.591349 -1368.6650
1563193.506368 5114784.486633 -1368.7410
1563193.506368 5114583.381918 -1373.7394
1563193.506368 5114382.277202 -1372.6689
1563193.506368 5114181.172486 -1387.3268
1563193.506368 5113980.067771 -1393.5127
1563193.506368 5113778.963055 -1394.6522
1563193.506368 5113577.858339 -1392.9906
1563193.506368 5113376.753624 -1390.0901
1563193.506368 5113175.648908 -1386.9143
1563193.506368 5112974.544192 -1383.9689
1563193.506368 5112773.439477 -1381.4526
1563193.506368 5112572.334761 -1379.3794
1563393.801820 5115387.800780 -1372.3811
1563393.801820 5115186.696065 -1369.6161
1563393.801820 5114985.591349 -1367.3186
1563393.801820 5114784.486633 -1366.4164
1563393.801820 5114583.381918 -1367.3602
1563393.801820 5114382.277202 -1372.7360
1563393.801820 5114181.172486 -1382.0171
1563393.801820 5113980.067771 -1393.9368
1563393.801820 5113778.963055 -1393.9497
1563393.801820 5113577.858339 -1391.3514
1563393.801820 5113376.753624 -1387.7579
1563393.801820 5113175.648908 -1384.1943
1563393.801820 5112974.544192 -1381.1320
1563393.801820 5112773.439477 -1378.7068
1563393.801820 5112572.334761 -1376.8594
1563393.801820 5112371.230045 -1375.4240
1563594.097273 5115186.696065 -1368.7826
1563594.097273 5114985.591349 -1366.4913
1563594.097273 5114784.486633 -1364.9927
1563594.097273 5114583.381918 -1364.8080
1563594.097273 5114382.277202 -1367.0438
1563594.097273 5114181.172486 -1378.5613
1563594.097273 5113980.067771 -1377.9332
1563594.097273 5113778.963055 -1389.4449
1563594.097273 5113577.858339 -1387.4688
1563594.097273 5113376.753624 -1383.8965
1563594.097273 5113175.648908 -1380.3994
1563594.097273 5112974.544192 -1377.5474
1563594.097273 5112773.439477 -1375.4730
1563594.097273 5112572.334761 -1374.0710
1563594.097273 5112371.230045 -1373.1061
1563594.097273 5112170.125330 -1372.2997
1563794.392726 5115186.696065 -1368.8763
1563794.392726 5114985.591349 -1366.8867
1563794.392726 5114784.486633 -1365.5127
1563794.392726 5114583.381918 -1365.3192
1563794.392726 5114382.277202 -1367.1862
1563794.392726 5114181.172486 -1372.3153
1563794.392726 5113980.067771 -1380.0808
1563794.392726 5113778.963055 -1383.1718
1563794.392726 5113577.858339 -1383.3459
1563794.392726 5113376.753624 -1379.6807
1563794.392726 5113175.648908 -1376.3568
1563794.392726 5112974.544192 -1373.8215
1563794.392726 5112773.439477 -1372.2181
1563794.392726 5112572.334761 -1371.4020
1563794.392726 5112371.230045 -1371.0457
1563794.392726 5112170.125330 -1370.7676
1563794.392726 5111969.020614 -1370.2400
1563994.688178 5114985.591349 -1368.4443
1563994.688178 5114784.486633 -1367.6659
1563994.688178 5114583.381918 -1368.0708
1563994.688178 5114382.277202 -1370.3158
1563994.688178 5114181.172486 -1374.8937
1563994.688178 5113980.067771 -1381.0068
1563994.688178 5113778.963055 -1386.7870
1563994.688178 5113577.858339 -1387.8451
1563994.688178 5113376.753624 -1376.9507
1563994.688178 5113175.648908 -1373.3442
1563994.688178 5112974.544192 -1370.7908
1563994.688178 5112773.439477 -1369.5259
1563994.688178 5112572.334761 -1369.3059
1563994.688178 5112371.230045 -1369.6309
1563994.688178 5112170.125330 -1369.9491
1563994.688178 5111969.020614 -1369.8029
1563994.688178 5111767.915898 -1368.9301
1564194.983631 5114784.486633 -1370.5959
1564194.983631 5114583.381918 -1371.6666
1564194.983631 5114382.277202 -1374.3201
1564194.983631 5114181.172486 -1378.7114
1564194.983631 5113980.067771 -1384.1316
1564194.983631 5113778.963055 -1388.4763
1564194.983631 5113577.858339 -1386.2451
1564194.983631 5113376.753624 -1384.2087
1564194.983631 5113175.648908 -1372.7161
1564194.983631 5112974.544192 -1369.1864
1564194.983631 5112773.439477 -1367.8900
1564194.983631 5112572.334761 -1368.1785
1564194.983631 5112371.230045 -1369.2125
1564194.983631 5112170.125330 -1370.1653
1564194.983631 5111969.020614 -1370.3763
1564194.983631 5111767.915898 -1369.5001
1564194.983631 5111566.811183 -1367.5310
1564395.279084 5114583.381918 -1374.9868
1564395.279084 5114382.277202 -1377.7291
1564395.279084 5114181.172486 -1381.6251
1564395.279084 5113980.067771 -1385.9321
1564395.279084 5113778.963055 -1388.9631
1564395.279084 5113577.858339 -1388.1689
1564395.279084 5113376.753624 -1382.6096
1564395.279084 5113175.648908 -1380.4237
1564395.279084 5112974.544192 -1369.0508
1564395.279084 5112773.439477 -1367.5044
1564395.279084 5112572.334761 -1368.2411
1564395.279084 5112371.230045 -1370.0132
1564395.279084 5112170.125330 -1371.6404
1564395.279084 5111969.020614 -1372.1530
1564395.279084 5111767.915898 -1371.0931
1564395.279084 5111566.811183 -1368.5393
1564595.574537 5114382.277202 -1379.9432
1564595.574537 5114181.172486 -1383.1202
1564595.574537 5113980.067771 -1386.2758
1564595.574537 5113778.963055 -1388.1986
1564595.574537 5113577.858339 -1387.4551
1564595.574537 5113376.753624 -1383.4698
1564595.574537 5113175.648908 -1377.3906
1564595.574537 5112974.544192 -1373.8995
1564595.574537 5112773.439477 -1368.4384
1564595.574537 5112572.334761 -1369.5106
1564595.574537 5112371.230045 -1372.0416
1564595.574537 5112170.125330 -1374.4290
1564595.574537 5111969.020614 -1375.1674
1564595.574537 5111767.915898 -1373.6580
1564595.574537 5111566.811183 -1370.1713
1564595.574537 5111365.706467 -1365.3978
1564795.869989 5114181.172486 -1383.2693
1564795.869989 5113980.067771 -1385.4078
1564795.869989 5113778.963055 -1386.4758
1564795.869989 5113577.858339 -1385.6790
1564795.869989 5113376.753624 -1382.7888
1564795.869989 5113175.648908 -1378.4879
1564795.869989 5112974.544192 -1374.3724
1564795.869989 5112773.439477 -1374.0587
1564795.869989 5112572.334761 -1371.6550
1564795.869989 5112371.230045 -1374.9297
1564795.869989 5112170.125330 -1378.3292
1564795.869989 5111969.020614 -1379.2124
1564795.869989 5111767.915898 -1376.8593
1564795.869989 5111566.811183 -1371.9933
1564795.869989 5111365.706467 -1365.7484
1564795.869989 5111164.601751 -1359.1199
1564996.165442 5113980.067771 -1383.5648
1564996.165442 5113778.963055 -1383.9407
1564996.165442 5113577.858339 -1382.9960
1564996.165442 5113376.753624 -1380.7052
1564996.165442 5113175.648908 -1377.6210
1564996.165442 5112974.544192 -1374.7410
1564996.165442 5112773.439477 -1373.7123
1564996.165442 5112572.334761 -1373.7472
1564996.165442 5112371.230045 -1377.6349
1564996.165442 5112170.125330 -1382.8285
1564996.165442 5111969.020614 -1383.7318
1564996.165442 5111767.915898 -1379.9185
1564996.165442 5111566.811183 -1373.1476
1564996.165442 5111365.706467 -1365.1836
1564996.165442 5111164.601751 -1357.2279
1564996.165442 5110963.497036 -1349.9742
1565196.460895 5113778.963055 -1380.6898
1565196.460895 5113577.858339 -1379.4513
1565196.460895 5113376.753624 -1377.2920
1565196.460895 5113175.648908 -1374.6694
1565196.460895 5112974.544192 -1372.3644
1565196.460895 5112773.439477 -1371.3070
1565196.460895 5112572.334761 -1372.3131
1565196.460895 5112371.230045 -1377.9818
1565196.460895 5112170.125330 -1387.2302
1565196.460895 5111969.020614 -1387.6091
1565196.460895 5111767.915898 -1381.3235
1565196.460895 5111566.811183 -1372.2002
1565196.460895 5111365.706467 -1362.5927
1565196.460895 5111164.601751 -1353.6400
1565196.460895 5110963.497036 -1345.8314
1565196.460895 5110762.392320 -1339.3497
1565396.756348 5113577.858339 -1375.1606
1565396.756348 5113376.753624 -1372.7628
1565396.756348 5113175.648908 -1370.0526
1565396.756348 5112974.544192 -1367.7311
1565396.756348 5112773.439477 -1366.7634
1565396.756348 5112572.334761 -1368.4226
1565396.756348 5112371.230045 -1376.7610
1565396.756348 5112170.125330 -1391.2229
1565396.756348 5111969.020614 -1388.3782
1565396.756348 5111767.915898 -1378.3003
1565396.756348 5111566.811183 -1367.0758
1565396.756348 5111365.706467 -1356.6841
1565396.756348 5111164.601751 -1347.6351
1565396.756348 5110963.497036 -1340.0110
1565396.756348 5110762.392320 -1333.7875
1565396.756348 5110561.287604 -1328.9320
1565597.051800 5113376.753624 -1367.3855
1565597.051800 5113175.648908 -1364.1479
1565597.051800 5112974.544192 -1361.2820
1565597.051800 5112773.439477 -1359.9467
1565597.051800 5112572.334761 -1362.1373
1565597.051800 5112371.230045 -1378.7222
1565597.051800 5112170.125330 -1379.6731
1565597.051800 5111969.020614 -1379.1224
1565597.051800 5111767.915898 -1366.2990
1565597.051800 5111566.811183 -1355.5585
1565597.051800 5111365.706467 -1346.5690
1565597.051800 5111164.601751 -1338.9471
1565597.051800 5110963.497036 -1332.5034
1565597.051800 5110762.392320 -1327.1641
1565597.051800 5110561.287604 -1322.9509
1565597.051800 5110360.182889 -1319.9114
1565797.347253 5113175.648908 -1357.2954
1565797.347253 5112974.544192 -1353.0464
1565797.347253 5112773.439477 -1349.4321
1565797.347253 5112572.334761 -1347.2998
1565797.347253 5112371.230045 -1347.1060
1565797.347253 5112170.125330 -1363.0399
1565797.347253 5111969.020614 -1344.7454
1565797.347253 5111767.915898 -1341.7261
1565797.347253 5111566.811183 -1337.5895
1565797.347253 5111365.706467 -1332.9755
1565797.347253 5111164.601751 -1328.3116
1565797.347253 5110963.497036 -1323.8925
1565797.347253 5110762.392320 -1319.8915
1565797.347253 5110561.287604 -1316.5645
1565797.347253 5110360.182889 -1314.1563
1565797.347253 5110159.078173 -1312.8076
1565997.642706 5112974.544192 -1344.4308
1565997.642706 5112773.439477 -1338.2623
1565997.642706 5112572.334761 -1331.9335
1565997.642706 5112371.230045 -1325.2025
1565997.642706 5112170.125330 -1317.4285
1565997.642706 5111969.020614 -1332.5922
1565997.642706 5111767.915898 -1318.2687
1565997.642706 5111566.811183 -1319.3828
1565997.642706 5111365.706467 -1319.2230
1565997.642706 5111164.601751 -1317.5989
1565997.642706 5110963.497036 -1315.3126
1565997.642706 5110762.392320 -1312.6497
1565997.642706 5110561.287604 -1310.1700
1565997.642706 5110360.182889 -1308.3733
1565997.642706 5110159.078173 -1307.5374
1565997.642706 5109957.973457 -1307.7603
1566197.938158 5112773.439477 -1329.1398
1566197.938158 5112572.334761 -1320.7528
1566197.938158 5112371.230045 -1312.0244
1566197.938158 5112170.125330 -1303.8676
1566197.938158 5111969.020614 -1299.3066
1566197.938158 5111767.915898 -1312.3287
1566197.938158 5111566.811183 -1306.5175
1566197.938158 5111365.706467 -1308.6951
1566197.938158 5111164.601751 -1308.6592
1566197.938158 5110963.497036 -1307.9324
1566197.938158 5110762.392320 -1306.1073
1566197.938158 5110561.287604 -1304.1405
1566197.938158 5110360.182889 -1302.7928
1566197.938158 5110159.078173 -1302.4015
1566197.938158 5109957.973457 -1303.0806
1566197.938158 5109756.868742 -1304.8391
1566398.233611 5112572.334761 -1314.1387
1566398.233611 5112371.230045 -1305.6318
1566398.233611 5112170.125330 -1298.7185
1566398.233611 5111969.020614 -1295.5938
1566398.233611 5111767.915898 -1297.8213
1566398.233611 5111566.811183 -1303.2841
1566398.233611 5111365.706467 -1303.1127
1566398.233611 5111164.601751 -1302.0535
1566398.233611 5110963.497036 -1302.4330
1566398.233611 5110762.392320 -1300.5929
1566398.233611 5110561.287604 -1298.6600
1566398.233611 5110360.182889 -1297.5903
1566398.233611 5110159.078173 -1297.5691
1566398.233611 5109957.973457 -1298.6453
1566398.233611 5109756.868742 -1300.8622
1566398.233611 5109555.764026 -1304.2000
1566598.529064 5112572.334761 -1310.8846
1566598.529064 5112371.230045 -1303.2286
1566598.529064 5112170.125330 -1297.4000
1566598.529064 5111969.020614 -1294.7689
1566598.529064 5111767.915898 -1295.9147
1566598.529064 5111566.811183 -1299.2164
1566598.529064 5111365.706467 -1302.5822
1566598.529064 5111164.601751 -1294.0632
1566598.529064 5110963.497036 -1298.8970
1566598.529064 5110762.392320 -1295.8395
1566598.529064 5110561.287604 -1293.6882
1566598.529064 5110360.182889 -1292.9504
1566598.529064 5110159.078173 -1293.2726
1566598.529064 5109957.973457 -1294.6448
1566598.529064 5109756.868742 -1297.2273
1566598.529064 5109555.764026 -1301.1125
1566598.529064 5109354.659310 -1306.1920
1566798.824517 5112371.230045 -1302.8597
1566798.824517 5112170.125330 -1297.5951
1566798.824517 5111969.020614 -1294.5928
1566798.824517 5111767.915898 -1293.7380
1566798.824517 5111566.811183 -1293.4169
1566798.824517 5111365.706467 -1290.7806
1566798.824517 5111164.601751 -1291.5145
1566798.824517 5110963.497036 -1294.5923
1566798.824517 5110762.392320 -1290.8314
1566798.824517 5110561.287604 -1289.3250
1566798.824517 5110360.182889 -1289.3497
1566798.824517 5110159.078173 -1289.9211
1566798.824517 5109957.973457 -1291.3428
1566798.824517 5109756.868742 -1294.0989
1566798.824517 5109555.764026 -1298.4777
1566798.824517 5109354.659310 -1304.4019
1566798.824517 5109153.554595 -1311.4271
1566999.119969 5112170.125330 -1298.5712
1566999.119969 5111969.020614 -1295.1951
1566999.119969 5111767.915898 -1293.1747
1566999.119969 5111566.811183 -1291.6136
1566999.119969 5111365.706467 -1289.5836
1566999.119969 5111164.601751 -1288.2645
1566999.119969 5110963.497036 -1292.3096
1566999.119969 5110762.392320 -1290.1699
1566999.119969 5110561.287604 -1287.3958
1566999.119969 5110360.182889 -1287.9788
1566999.119969 5110159.078173 -1288.0837
1566999.119969 5109957.973457 -1289.0096
1566999.119969 5109756.868742 -1291.6266
1566999.119969 5109555.764026 -1296.4353
1566999.119969 5109354.659310 -1303.3579
1566999.119969 5109153.554595 -1311.7206
1566999.119969 5108952.449879 -1320.5349
1567199.415422 5111969.020614 -1296.6095
1567199.415422 5111767.915898 -1294.2960
1567199.415422 5111566.811183 -1292.8729
1567199.415422 5111365.706467 -1292.4095
1567199.415422 5111164.601751 -1294.0817
1567199.415422 5110963.497036 -1299.4154
1567199.415422 5110762.392320 -1297.4290
1567199.415422 5110561.287604 -1293.2312
1567199.415422 5110360.182889 -1289.7798
1567199.415422 5110159.078173 -1287.8340
1567199.415422 5109957.973457 -1287.6968
1567199.415422 5109756.868742 -1289.8937
1567199.415422 5109555.764026 -1295.1368
1567199.415422 5109354.659310 -1303.3459
1567199.415422 5109153.554595 -1313.4524
1567199.415422 5108952.449879 -1323.9205
1567399.710875 5111767.915898 -1296.2485
1567399.710875 5111566.811183 -1295.0208
1567399.710875 5111365.706467 -1294.9360
1567399.710875 5111164.601751 -1296.1521
1567399.710875 5110963.497036 -1297.7559
1567399.710875 5110762.392320 -1295.1743
1567399.710875 5110561.287604 -1288.2045
1567399.710875 5110360.182889 -1291.1443
1567399.710875 5110159.078173 -1287.6648
1567399.710875 5109957.973457 -1287.2975
1567399.710875 5109756.868742 -1289.0514
1567399.710875 5109555.764026 -1294.8344
1567399.710875 5109354.659310 -1304.8109
1567399.710875 5109153.554595 -1317.2628
1567399.710875 5108952.449879 -1329.7473
1567399.710875 5108751.345164 -1340.4174
1567600.006327 5111566.811183 -1297.2954
1567600.006327 5111365.706467 -1297.0199
1567600.006327 5111164.601751 -1297.3439
1567600.006327 5110963.497036 -1297.2000
1567600.006327 5110762.392320 -1294.6641
1567600.006327 5110561.287604 -1290.2377
1567600.006327 5110360.182889 -1291.4353
1567600.006327 5110159.078173 -1292.6265
1567600.006327 5109957.973457 -1289.2646
1567600.006327 5109756.868742 -1289.8317
1567600.006327 5109555.764026 -1296.0778
1567600.006327 5109354.659310 -1308.4910
1567600.006327 5109153.554595 -1324.1205
1567600.006327 5108952.449879 -1338.9438
1567600.006327 5108751.345164 -1350.4967
1567600.006327 5108550.240448 -1358.1572
1567800.301780 5111365.706467 -1299.3202
1567800.301780 5111164.601751 -1299.3409
1567800.301780 5110963.497036 -1299.1393
1567800.301780 5110762.392320 -1298.1118
1567800.301780 5110561.287604 -1297.0154
1567800.301780 5110360.182889 -1298.1527
1567800.301780 5110159.078173 -1296.5558
1567800.301780 5109957.973457 -1299.2445
1567800.301780 5109756.868742 -1293.4137
1567800.301780 5109555.764026 -1299.8507
1567800.301780 5109354.659310 -1315.5704
1567800.301780 5109153.554595 -1335.4587
1567800.301780 5108952.449879 -1352.6522
1567800.301780 5108751.345164 -1364.2205
1567800.301780 5108550.240448 -1370.3527
1567800.301780 5108349.135732 -1372.4126
1568000.597233 5111164.601751 -1302.4537
1568000.597233 5110963.497036 -1302.9635
1568000.597233 5110762.392320 -1303.5682
1568000.597233 5110561.287604 -1304.6321
1568000.597233 5110360.182889 -1306.5476
1568000.597233 5110159.078173 -1307.5779
1568000.597233 5109957.973457 -1304.9109
1568000.597233 5109756.868742 -1316.5508
1568000.597233 5109555.764026 -1308.3157
1568000.597233 5109354.659310 -1327.9111
1568000.597233 5109153.554595 -1353.2788
1568000.597233 5108952.449879 -1371.9778
1568000.597233 5108751.345164 -1381.6168
1568000.597233 5108550.240448 -1384.4030
1568000.597233 5108349.135732 -1383.0204
1568000.597233 5108148.031017 -1379.4460
1568200.892686 5110963.497036 -1307.9412
1568200.892686 5110762.392320 -1310.0841
1568200.892686 5110561.287604 -1313.0646
1568200.892686 5110360.182889 -1316.9266
1568200.892686 5110159.078173 -1321.0551
1568200.892686 5109957.973457 -1324.9760
1568200.892686 5109756.868742 -1325.6516
1568200.892686 5109555.764026 -1341.6531
1568200.892686 5109354.659310 -1347.8324
1568200.892686 5109153.554595 -1379.8237
1568200.892686 5108952.449879 -1397.0621
1568200.892686 5108751.345164 -1401.2616
1568200.892686 5108550.240448 -1398.4349
1568200.892686 5108349.135732 -1392.5382
1568200.892686 5108148.031017 -1385.5883
1568200.892686 5107946.926301 -1378.6272
1568401.188138 5110762.392320 -1316.9133
1568401.188138 5110561.287604 -1321.5457
1568401.188138 5110360.182889 -1327.4286
1568401.188138 5110159.078173 -1334.5349
1568401.188138 5109957.973457 -1343.1027
1568401.188138 5109756.868742 -1353.7603
1568401.188138 5109555.764026 -1360.7603
1568401.188138 5109354.659310 -1377.4506
1568401.188138 5109153.554595 -1415.5039
1568401.188138 5108952.449879 -1424.5201
1568401.188138 5108751.345164 -1418.7327
1568401.188138 5108550.240448 -1408.8364
1568401.188138 5108349.135732 -1398.5009
1568401.188138 5108148.031017 -1388.6838
1568401.188138 5107946.926301 -1379.7668
1568401.188138 5107745.821585 -1372.0428
1568601.483591 5110561.287604 -1329.2119
1568601.483591 5110360.182889 -1336.3899
1568601.483591 5110159.078173 -1344.9530
1568601.483591 5109957.973457 -1354.8230
1568601.483591 5109756.868742 -1365.6190
1568601.483591 5109555.764026 -1376.2893
1568601.483591 5109354.659310 -1388.5500
1568601.483591 5109153.554595 -1423.5425
1568601.483591 5108952.449879 -1442.2228
1568601.483591 5108751.345164 -1425.4437
1568601.483591 5108550.240448 -1410.8129
1568601.483591 5108349.135732 -1398.4805
1568601.483591 5108148.031017 -1387.4753
1568601.483591 5107946.926301 -1377.6667
1568601.483591 5107745.821585 -1369.3362
1568601.483591 5107544.716870 -1362.6637
1568801.779044 5110360.182889 -1343.3973
1568801.779044 5110159.078173 -1352.4548
1568801.779044 5109957.973457 -1362.7078
1568801.779044 5109756.868742 -1374.1067
1568801.779044 5109555.764026 -1387.3921
1568801.779044 5109354.659310 -1406.8320
1568801.779044 5109153.554595 -1426.9340
1568801.779044 5108952.449879 -1421.8998
1568801.779044 5108751.345164 -1413.1289
1568801.779044 5108550.240448 -1402.0166
1568801.779044 5108349.135732 -1392.0831
1568801.779044 5108148.031017 -1381.9486
1568801.779044 5107946.926301 -1372.2954
1568801.779044 5107745.821585 -1364.0919
1568801.779044 5107544.716870 -1357.7211
1568801.779044 5107343.612154 -1353.0951
1569002.074497 5110159.078173 -1357.3391
1569002.074497 5109957.973457 -1367.1882
1569002.074497 5109756.868742 -1377.9990
1569002.074497 5109555.764026 -1390.0835
1569002.074497 5109354.659310 -1403.9596
1569002.074497 5109153.554595 -1416.1909
1569002.074497 5108952.449879 -1405.3019
1569002.074497 5108751.345164 -1392.7391
1569002.074497 5108550.240448 -1388.8990
1569002.074497 5108349.135732 -1382.6971
1569002.074497 5108148.031017 -1373.6361
1569002.074497 5107946.926301 -1364.2788
1569002.074497 5107745.821585 -1356.6549
1569002.074497 5107544.716870 -1351.1647
1569002.074497 5107343.612154 -1347.4728
1569002.074497 5107142.507438 -1345.1475
1569202.369949 5109957.973457 -1368.6689
1569202.369949 5109756.868742 -1377.7610
1569202.369949 5109555.764026 -1386.8617
1569202.369949 5109354.659310 -1394.9733
1569202.369949 5109153.554595 -1398.8508
1569202.369949 5108952.449879 -1392.8003
1569202.369949 5108751.345164 -1384.6598
1569202.369949 5108550.240448 -1373.9180
1569202.369949 5108349.135732 -1373.8732
1569202.369949 5108148.031017 -1363.8662
1569202.369949 5107946.926301 -1354.1500
1569202.369949 5107745.821585 -1347.5367
1569202.369949 5107544.716870 -1343.5758
1569202.369949 5107343.612154 -1341.3018
1569202.369949 5107142.507438 -1340.0861
1569202.369949 5106941.402723 -1339.6129
1569402.665402 5109756.868742 -1374.9312
1569402.665402 5109555.764026 -1381.0026
1569402.665402 5109354.659310 -1385.0441
1569402.665402 5109153.554595 -1385.1869
1569402.665402 5108952.449879 -1379.9784
1569402.665402 5108751.345164 -1372.6813
1569402.665402 5108550.240448 -1363.8756
1569402.665402 5108349.135732 -1354.5155
1569402.665402 5108148.031017 -1351.7382
1569402.665402 5107946.926301 -1341.8728
1569402.665402 5107745.821585 -1337.5138
1569402.665402 5107544.716870 -1335.9344
1569402.665402 5107343.612154 -1335.4116
1569402.665402 5107142.507438 -1335.3705
1569402.665402 5106941.402723 -1335.6860
1569402.665402 5106740.298007 -1336.3540
1569602.960855 5109756.868742 -1370.9248
1569602.960855 5109555.764026 -1374.5371
1569602.960855 5109354.659310 -1375.9386
1569602.960855 5109153.554595 -1374.1407
1569602.960855 5108952.449879 -1368.7546
1569602.960855 5108751.345164 -1361.0016
1569602.960855 5108550.240448 -1351.9432
1569602.960855 5108349.135732 -1347.8076
1569602.960855 5108148.031017 -1340.3607
1569602.960855 5107946.926301 -1328.5867
1569602.960855 5107745.821585 -1328.6400
1569602.960855 5107544.716870 -1329.9053
1569602.960855 5107343.612154 -1330.8500
1569602.960855 5107142.507438 -1331.6226
1569602.960855 5106941.402723 -1332.4666
1569602.960855 5106740.298007 -1333.5087
1569602.960855 5106539.193291 -1334.8450
1569803.256307 5109555.764026 -1368.5024
1569803.256307 5109354.659310 -1368.2899
1569803.256307 5109153.554595 -1365.5757
1569803.256307 5108952.449879 -1360.3776
1569803.256307 5108751.345164 -1353.5341
1569803.256307 5108550.240448 -1346.3408
1569803.256307 5108349.135732 -1340.6858
1569803.256307 5108148.031017 -1334.2946
1569803.256307 5107946.926301 -1329.3694
1569803.256307 5107745.821585 -1325.3511
1569803.256307 5107544.716870 -1327.4868
1569803.256307 5107343.612154 -1328.3652
1569803.256307 5107142.507438 -1329.1417
1569803.256307 5106941.402723 -1330.1307
1569803.256307 5106740.298007 -1331.3387
1569803.256307 5106539.193291 -1332.8202
1569803.256307 5106338.088576 -1334.7061
1570003.551760 5109354.659310 -1362.1509
1570003.551760 5109153.554595 -1359.0789
1570003.551760 5108952.449879 -1354.2731
1570003.551760 5108751.345164 -1348.3995
1570003.551760 5108550.240448 -1342.4365
1570003.551760 5108349.135732 -1337.2928
1570003.551760 5108148.031017 -1332.4172
1570003.551760 5107946.926301 -1327.3477
1570003.551760 5107745.821585 -1325.2750
1570003.551760 5107544.716870 -1328.1167
1570003.551760 5107343.612154 -1327.1615
1570003.551760 5107142.507438 -1327.4911
1570003.551760 5106941.402723 -1328.5347
1570003.551760 5106740.298007 -1329.8301
1570003.551760 5106539.193291 -1331.3596
1570003.551760 5106338.088576 -1333.3196
1570003.551760 5106136.983860 -1335.9120
1570203.847213 5109153.554595 -1354.1564
1570203.847213 5108952.449879 -1349.7249
1570203.847213 5108751.345164 -1344.5321
1570203.847213 5108550.240448 -1339.2242
1570203.847213 5108349.135732 -1334.2992
1570203.847213 5108148.031017 -1329.7002
1570203.847213 5107946.926301 -1325.5026
1570203.847213 5107745.821585 -1325.2252
1570203.847213 5107544.716870 -1324.0391
1570203.847213 5107343.612154 -1324.6522
1570203.847213 5107142.507438 -1325.8187
1570203.847213 5106941.402723 -1327.4592
1570203.847213 5106740.298007 -1328.9170
1570203.847213 5106539.193291 -1330.4188
1570203.847213 5106338.088576 -1332.3912
1570203.847213 5106136.983860 -1335.1455
1570404.142666 5108952.449879 -1346.2850
1570404.142666 5108751.345164 -1341.5383
1570404.142666 5108550.240448 -1336.6130
1570404.142666 5108349.135732 -1331.8621
1570404.142666 5108148.031017 -1327.4791
1570404.142666 5107946.926301 -1323.8430
1570404.142666 5107745.821585 -1322.0358
1570404.142666 5107544.716870 -1321.3660
1570404.142666 5107343.612154 -1321.5446
1570404.142666 5107142.507438 -1324.6458
1570404.142666 5106941.402723 -1327.1606
1570404.142666 5106740.298007 -1328.6005
1570404.142666 5106539.193291 -1329.8893
1570404.142666 5106338.088576 -1331.8160
1570404.142666 5106136.983860 -1334.7844
1570404.142666 5105935.879144 -1338.9016
1570604.438118 5108751.345164 -1339.2914
1570604.438118 5108550.240448 -1334.6407
1570604.438118 5108349.135732 -1330.0593
1570604.438118 5108148.031017 -1325.8262
1570604.438118 5107946.926301 -1322.3573
1570604.438118 5107745.821585 -1320.3077
1570604.438118 5107544.716870 -1320.0234
1570604.438118 5107343.612154 -1322.6519
1570604.438118 5107142.507438 -1325.7980
1570604.438118 5106941.402723 -1327.9174
1570604.438118 5106740.298007 -1328.6685
1570604.438118 5106539.193291 -1329.4847
1570604.438118 5106338.088576 -1331.3885
1570604.438118 5106136.983860 -1334.7288
1570604.438118 5105935.879144 -1339.5090
1570604.438118 5105734.774429 -1345.5089
1570804.733571 5108550.240448 -1333.3459
1570804.733571 5108349.135732 -1328.9358
1570804.733571 5108148.031017 -1324.7854
1570804.733571 5107946.926301 -1321.2454
1570804.733571 5107745.821585 -1318.7881
1570804.733571 5107544.716870 -1317.9585
1570804.733571 5107343.612154 -1319.6550
1570804.733571 5107142.507438 -1323.5677
1570804.733571 5106941.402723 -1327.8043
1570804.733571 5106740.298007 -1328.1941
1570804.733571 5106539.193291 -1328.6959
1570804.733571 5106338.088576 -1330.8695
1570804.733571 5106136.983860 -1334.8890
1570804.733571 5105935.879144 -1340.6509
1570804.733571 5105734.774429 -1347.7960
1570804.733571 5105533.669713 -1355.7639
1571005.029024 5108349.135732 -1328.5776
1571005.029024 5108148.031017 -1324.5378
1571005.029024 5107946.926301 -1320.8849
1571005.029024 5107745.821585 -1317.8304
1571005.029024 5107544.716870 -1315.4340
1571005.029024 5107343.612154 -1318.0000
1571005.029024 5107142.507438 -1326.3185
1571005.029024 5106941.402723 -1327.4641
1571005.029024 5106740.298007 -1326.9779
1571005.029024 5106539.193291 -1327.3779
1571005.029024 5106338.088576 -1330.2742
1571005.029024 5106136.983860 -1335.2953
1571005.029024 5105935.879144 -1342.3887
1571005.029024 5105734.774429 -1351.0702
1571005.029024 5105533.669713 -1360.4656
1571005.029024 5105332.564997 -1369.7673
1571205.324476 5108148.031017 -1325.3204
1571205.324476 5107946.926301 -1321.9130
1571205.324476 5107745.821585 -1319.1167
1571205.324476 5107544.716870 -1317.3180
1571205.324476 5107343.612154 -1317.3556
1571205.324476 5107142.507438 -1321.4308
1571205.324476 5106941.402723 -1330.2451
1571205.324476 5106740.298007 -1327.5880
1571205.324476 5106539.193291 -1326.2587
1571205.324476 5106338.088576 -1330.1011
1571205.324476 5106136.983860 -1336.1013
1571205.324476 5105935.879144 -1344.8068
1571205.324476 5105734.774429 -1355.5117
1571205.324476 5105533.669713 -1366.7067
1571205.324476 5105332.564997 -1377.2120
1571205.324476 5105131.460282 -1386.4825
1571405.619929 5107946.926301 -1324.1598
1571405.619929 5107745.821585 -1321.9618
1571405.619929 5107544.716870 -1321.0068
1571405.619929 5107343.612154 -1322.1235
1571405.619929 5107142.507438 -1326.3104
1571405.619929 5106941.402723 -1332.7496
1571405.619929 5106740.298007 -1328.7787
1571405.619929 5106539.193291 -1327.2153
1571405.619929 5106338.088576 -1330.9819
1571405.619929 5106136.983860 -1337.2235
1571405.619929 5105935.879144 -1347.8730
1571405.619929 5105734.774429 -1361.3551
1571405.619929 5105533.669713 -1374.7854
1571405.619929 5105332.564997 -1386.5133
1571405.619929 5105131.460282 -1396.1238
1571405.619929 5104930.355566 -1403.8329
1571605.915382 5107745.821585 -1325.4487
1571605.915382 5107544.716870 -1324.7675
1571605.915382 5107343.612154 -1325.5010
1571605.915382 5107142.507438 -1327.5780
1571605.915382 5106941.402723 -1329.3738
1571605.915382 5106740.298007 -1326.9419
1571605.915382 5106539.193291 -1329.7317
1571605.915382 5106338.088576 -1333.1704
1571605.915382 5106136.983860 -1337.6395
1571605.915382 5105935.879144 -1351.4487
1571605.915382 5105734.774429 -1369.0461
1571605.915382 5105533.669713 -1385.0831
1571605.915382 5105332.564997 -1397.7592
1571605.915382 5105131.460282 -1407.2395
1571605.915382 5104930.355566 -1414.2577
1571605.915382 5104729.250850 -1419.5682
1571806.210835 5107544.716870 -1328.5170
1571806.210835 5107343.612154 -1328.5050
1571806.210835 5107142.507438 -1328.8602
1571806.210835 5106941.402723 -1328.5331
1571806.210835 5106740.298007 -1326.4165
1571806.210835 5106539.193291 -1324.7231
1571806.210835 5106338.088576 -1334.9503
1571806.210835 5106136.983860 -1339.5386
1571806.210835 5105935.879144 -1356.4047
1571806.210835 5105734.774429 -1379.6543
1571806.210835 5105533.669713 -1397.9468
1571806.210835 5105332.564997 -1410.6791
1571806.210835 5105131.460282 -1419.2885
1571806.210835 5104930.355566 -1425.1270
1571806.210835 5104729.250850 -1429.2214
1571806.210835 5104528.146135 -1432.3162
1572006.506287 5107343.612154 -1332.2385
1572006.506287 5107142.507438 -1331.8628
1572006.506287 5106941.402723 -1331.1754
1572006.506287 5106740.298007 -1330.3018
1572006.506287 5106539.193291 -1331.1508
1572006.506287 5106338.088576 -1337.0781
1572006.506287 5106136.983860 -1351.2710
1572006.506287 5105935.879144 -1367.2820
1572006.506287 5105734.774429 -1394.4294
1572006.506287 5105533.669713 -1412.7629
1572006.506287 5105332.564997 -1424.0505
1572006.506287 5105131.460282 -1431.1040
1572006.506287 5104930.355566 -1435.4921
1572006.506287 5104729.250850 -1438.2872
1572006.506287 5104528.146135 -1440.2776
1572006.506287 5104327.041419 -1441.9761
1572206.801740 5107142.507438 -1336.8391
1572206.801740 5106941.402723 -1336.6271
1572206.801740 5106740.298007 -1337.0215
1572206.801740 5106539.193291 -1339.3999
1572206.801740 5106338.088576 -1345.6355
1572206.801740 5106136.983860 -1356.7998
1572206.801740 5105935.879144 -1388.7028
1572206.801740 5105734.774429 -1400.4143
1572206.801740 5105533.669713 -1425.4077
1572206.801740 5105332.564997 -1435.0342
1572206.801740 5105131.460282 -1440.9380
1572206.801740 5104930.355566 -1444.2272
1572206.801740 5104729.250850 -1445.9814
1572206.801740 5104528.146135 -1447.1077
1572206.801740 5104327.041419 -1448.1614
1572206.801740 5104125.936703 -1449.3688
1572407.097193 5106941.402723 -1344.0964
1572407.097193 5106740.298007 -1345.6597
1572407.097193 5106539.193291 -1349.1143
1572407.097193 5106338.088576 -1355.5685
1572407.097193 5106136.983860 -1365.8076
1572407.097193 5105935.879144 -1380.6753
1572407.097193 5105734.774429 -1411.8622
1572407.097193 5105533.669713 -1424.0376
1572407.097193 5105332.564997 -1440.7522
1572407.097193 5105131.460282 -1447.5900
1572407.097193 5104930.355566 -1450.6093
1572407.097193 5104729.250850 -1451.7523
1572407.097193 5104528.146135 -1452.3899
1572407.097193 5104327.041419 -1453.1862
1572407.097193 5104125.936703 -1454.2838
1572407.097193 5103924.831988 -1455.5946
1572607.392646 5106941.402723 -1352.8843
1572607.392646 5106740.298007 -1355.5682
1572607.392646 5106539.193291 -1360.0460
1572607.392646 5106338.088576 -1367.1293
1572607.392646 5106136.983860 -1377.5957
1572607.392646 5105935.879144 -1392.3428
1572607.392646 5105734.774429 -1412.3964
1572607.392646 5105533.669713 -1433.5066
1572607.392646 5105332.564997 -1441.5366
1572607.392646 5105131.460282 -1452.3597
1572607.392646 5104930.355566 -1454.8405
1572607.392646 5104729.250850 -1455.4526
1572607.392646 5104528.146135 -1455.9453
1572607.392646 5104327.041419 -1456.9532
1572607.392646 5104125.936703 -1458.3809
1572607.392646 5103924.831988 -1459.9465
1572607.392646 5103723.727272 -1461.4438
1572807.688098 5106740.298007 -1366.0292
1572807.688098 5106539.193291 -1371.4059
1572807.688098 5106338.088576 -1379.0702
1572807.688098 5106136.983860 -1389.6135
1572807.688098 5105935.879144 -1403.4846
1572807.688098 5105734.774429 -1420.4427
1572807.688098 5105533.669713 -1437.6261
1572807.688098 5105332.564997 -1446.7516
1572807.688098 5105131.460282 -1450.8883
1572807.688098 5104930.355566 -1456.9619
1572807.688098 5104729.250850 -1457.0686
1572807.688098 5104528.146135 -1457.8121
1572807.688098 5104327.041419 -1459.5878
1572807.688098 5104125.936703 -1461.8163
1572807.688098 5103924.831988 -1463.9459
1572807.688098 5103723.727272 -1465.7056
1572807.688098 5103522.622556 -1467.0809
1573007.983551 5106539.193291 -1382.3749
1573007.983551 5106338.088576 -1390.2946
1573007.983551 5106136.983860 -1400.4374
1573007.983551 5105935.879144 -1412.8279
1573007.983551 5105734.774429 -1426.7451
1573007.983551 5105533.669713 -1440.0327
1573007.983551 5105332.564997 -1449.5411
1573007.983551 5105131.460282 -1454.5955
1573007.983551 5104930.355566 -1455.1686
1573007.983551 5104729.250850 -1456.9330
1573007.983551 5104528.146135 -1458.3938
1573007.983551 5104327.041419 -1461.5150
1573007.983551 5104125.936703 -1464.9194
1573007.983551 5103924.831988 -1467.7913
1573007.983551 5103723.727272 -1469.8591
1573007.983551 5103522.622556 -1471.2421
1573007.983551 5103321.517841 -1472.2107
1573208.279004 5106338.088576 -1400.2418
1573208.279004 5106136.983860 -1409.6577
1573208.279004 5105935.879144 -1420.4419
1573208.279004 5105734.774429 -1431.8435
1573208.279004 5105533.669713 -1442.4116
1573208.279004 5105332.564997 -1450.4810
1573208.279004 5105131.460282 -1455.5295
1573208.279004 5104930.355566 -1456.0341
1573208.279004 5104729.250850 -1458.1525
1573208.279004 5104528.146135 -1458.8124
1573208.279004 5104327.041419 -1463.4934
1573208.279004 5104125.936703 -1468.0677
1573208.279004 5103924.831988 -1471.6075
1573208.279004 5103723.727272 -1473.8596
1573208.279004 5103522.622556 -1475.1515
1573208.279004 5103321.517841 -1475.9508
1573408.574456 5106136.983860 -1417.2970
1573408.574456 5105935.879144 -1426.5942
1573408.574456 5105734.774429 -1436.0120
1573408.574456 5105533.669713 -1444.6256
1573408.574456 5105332.564997 -1451.5524
1573408.574456 5105131.460282 -1456.5220
1573408.574456 5104930.355566 -1459.8314
1573408.574456 5104729.250850 -1461.2095
1573408.574456 5104528.146135 -1463.0074
1573408.574456 5104327.041419 -1466.1168
1573408.574456 5104125.936703 -1471.1854
1573408.574456 5103924.831988 -1475.1448
1573408.574456 5103723.727272 -1477.3687
1573408.574456 5103522.622556 -1478.4525
1573408.574456 5103321.517841 -1479.1149
1573408.574456 5103120.413125 -1479.7062
1573608.869909 5105935.879144 -1431.5093
1573608.869909 5105734.774429 -1439.3265
1573608.869909 5105533.669713 -1446.3663
1573608.869909 5105332.564997 -1452.1191
1573608.869909 5105131.460282 -1456.4269
1573608.869909 5104930.355566 -1459.5010
1573608.869909 5104729.250850 -1461.7168
1573608.869909 5104528.146135 -1462.6396
1573608.869909 5104327.041419 -1465.3850
1573608.869909 5104125.936703 -1472.6223
1573608.869909 5103924.831988 -1477.4427
1573608.869909 5103723.727272 -1479.6305
1573608.869909 5103522.622556 -1480.5288
1573608.869909 5103321.517841 -1481.2839
1573608.869909 5103120.413125 -1482.1321
1573608.869909 5102919.308409 -1482.9645
1573809.165362 5105734.774429 -1441.8964
1573809.165362 5105533.669713 -1447.5857
1573809.165362 5105332.564997 -1452.1096
1573809.165362 5105131.460282 -1455.2905
1573809.165362 5104930.355566 -1457.1290
1573809.165362 5104729.250850 -1457.7097
1573809.165362 5104528.146135 -1457.3182
1573809.165362 5104327.041419 -1461.3324
1573809.165362 5104125.936703 -1461.6196
1573809.165362 5103924.831988 -1477.1786
1573809.165362 5103723.727272 -1479.6331
1573809.165362 5103522.622556 -1480.6299
1573809.165362 5103321.517841 -1482.0702
1573809.165362 5103120.413125 -1483.7068
1573809.165362 5102919.308409 -1485.1085
1573809.165362 5102718.203694 -1486.0774
1574009.460815 5105533.669713 -1448.5005
1574009.460815 5105332.564997 -1451.9470
1574009.460815 5105131.460282 -1454.0907
1574009.460815 5104930.355566 -1454.8971
1574009.460815 5104729.250850 -1454.5267
1574009.460815 5104528.146135 -1453.6511
1574009.460815 5104327.041419 -1454.4135
1574009.460815 5104125.936703 -1464.4583
1574009.460815 5103924.831988 -1467.3051
1574009.460815 5103723.727272 -1476.5543
1574009.460815 5103522.622556 -1478.2292
1574009.460815 5103321.517841 -1481.4639
1574009.460815 5103120.413125 -1484.5718
1574009.460815 5102919.308409 -1486.8458
1574009.460815 5102718.203694 -1488.1666
1574009.460815 5102517.098978 -1488.7164
1574209.756267 5105332.564997 -1452.0533
1574209.756267 5105131.460282 -1453.5306
1574209.756267 5104930.355566 -1453.8489
1574209.756267 5104729.250850 -1453.3007
1574209.756267 5104528.146135 -1452.6569
1574209.756267 5104327.041419 -1453.4390
1574209.756267 5104125.936703 -1457.4584
1574209.756267 5103924.831988 -1466.8458
1574209.756267 5103723.727272 -1467.1868
1574209.756267 5103522.622556 -1473.8445
1574209.756267 5103321.517841 -1480.4255
1574209.756267 5103120.413125 -1485.3199
1574209.756267 5102919.308409 -1488.4232
1574209.756267 5102718.203694 -1489.9570
1574209.756267 5102517.098978 -1490.3676
1574209.756267 5102315.994262 -1490.1619
1574410.051720 5105131.460282 -1453.8269
1574410.051720 5104930.355566 -1454.1041
1574410.051720 5104729.250850 -1453.8330
1574410.051720 5104528.146135 -1453.7480
1574410.051720 5104327.041419 -1454.9832
1574410.051720 5104125.936703 -1458.6940
1574410.051720 5103924.831988 -1465.0598
1574410.051720 5103723.727272 -1469.7107
1574410.051720 5103522.622556 -1473.4916
1574410.051720 5103321.517841 -1481.3716
1574410.051720 5103120.413125 -1486.6158
1574410.051720 5102919.308409 -1489.9181
1574410.051720 5102718.203694 -1491.3054
1574410.051720 5102517.098978 -1491.3500
1574410.051720 5102315.994262 -1490.7700
1574410.051720 5102114.889547 -1490.0854
1574610.347173 5104930.355566 -1455.3455
1574610.347173 5104729.250850 -1455.4772
1574610.347173 5104528.146135 -1455.8649
1574610.347173 5104327.041419 -1457.2773
1574610.347173 5104125.936703 -1460.3394
1574610.347173 5103924.831988 -1464.9242
1574610.347173 5103723.727272 -1469.5670
1574610.347173 5103522.622556 -1474.7839
1574610.347173 5103321.517841 -1476.9388
1574610.347173 5103120.413125 -1487.1520
1574610.347173 5102919.308409 -1490.5964
1574610.347173 5102718.203694 -1491.6956
1574610.347173 5102517.098978 -1491.2445
1574610.347173 5102315.994262 -1490.2949
1574610.347173 5102114.889547 -1489.4553
1574610.347173 5101913.784831 -1488.9567
1574810.642625 5104729.250850 -1457.6814
1574810.642625 5104528.146135 -1458.3572
1574810.642625 5104327.041419 -1459.6954
1574810.642625 5104125.936703 -1462.0193
1574810.642625 5103924.831988 -1465.2201
1574810.642625 5103723.727272 -1468.7522
1574810.642625 5103522.622556 -1472.6636
1574810.642625 5103321.517841 -1477.3591
1574810.642625 5103120.413125 -1483.5544
1574810.642625 5102919.308409 -1489.3280
1574810.642625 5102718.203694 -1490.4119
1574810.642625 5102517.098978 -1489.5342
1574810.642625 5102315.994262 -1488.4385
1574810.642625 5102114.889547 -1487.7332
1574810.642625 5101913.784831 -1487.5239
1574810.642625 5101712.680115 -1487.7378
1575010.938078 5104528.146135 -1460.9293
1575010.938078 5104327.041419 -1462.0948
1575010.938078 5104125.936703 -1463.7620
1575010.938078 5103924.831988 -1465.8677
1575010.938078 5103723.727272 -1468.1926
1575010.938078 5103522.622556 -1470.7549
1575010.938078 5103321.517841 -1473.9680
1575010.938078 5103120.413125 -1477.8600
1575010.938078 5102919.308409 -1476.5824
1575010.938078 5102718.203694 -1486.8782
1575010.938078 5102517.098978 -1485.8236
1575010.938078 5102315.994262 -1485.1370
1575010.938078 5102114.889547 -1485.0481
1575010.938078 5101913.784831 -1485.4644
1575010.938078 5101712.680115 -1486.2512
1575010.938078 5101511.575400 -1487.2565
1575211.233531 5104327.041419 -1464.4866
1575211.233531 5104125.936703 -1465.6750
1575211.233531 5103924.831988 -1467.0039
1575211.233531 5103723.727272 -1468.3740
1575211.233531 5103522.622556 -1469.7671
1575211.233531 5103321.517841 -1471.3002
1575211.233531 5103120.413125 -1473.1238
1575211.233531 5102919.308409 -1477.8535
1575211.233531 5102718.203694 -1479.8237
1575211.233531 5102517.098978 -1480.2433
1575211.233531 5102315.994262 -1480.9795
1575211.233531 5102114.889547 -1482.0074
1575211.233531 5101913.784831 -1483.2715
1575211.233531 5101712.680115 -1484.7404
1575211.233531 5101511.575400 -1486.3057
1575211.233531 5101310.470684 -1487.8300
1575411.528984 5104125.936703 -1467.8237
1575411.528984 5103924.831988 -1468.7225
1575411.528984 5103723.727272 -1469.5635
1575411.528984 5103522.622556 -1470.3639
1575411.528984 5103321.517841 -1471.2347
1575411.528984 5103120.413125 -1472.4124
1575411.528984 5102919.308409 -1474.3729
1575411.528984 5102718.203694 -1475.6516
1575411.528984 5102517.098978 -1475.8708
1575411.528984 5102315.994262 -1477.9106
1575411.528984 5102114.889547 -1479.8296
1575411.528984 5101913.784831 -1481.7004
1575411.528984 5101712.680115 -1483.7010
1575411.528984 5101511.575400 -1485.7377
1575411.528984 5101310.470684 -1487.6434
1575411.528984 5101109.365968 -1489.2960
1575611.824436 5104125.936703 -1470.1772
1575611.824436 5103924.831988 -1470.9496
1575611.824436 5103723.727272 -1471.6450
1575611.824436 5103522.622556 -1472.3239
1575611.824436 5103321.517841 -1473.0947
1575611.824436 5103120.413125 -1474.0773
1575611.824436 5102919.308409 -1475.2201
1575611.824436 5102718.203694 -1475.6710
1575611.824436 5102517.098978 -1476.8989
1575611.824436 5102315.994262 -1478.1271
1575611.824436 5102114.889547 -1479.7506
1575611.824436 5101913.784831 -1481.4187
1575611.824436 5101712.680115 -1483.5618
1575611.824436 5101511.575400 -1485.8541
1575611.824436 5101310.470684 -1487.9878
1575611.824436 5101109.365968 -1489.8002
1575611.824436 5100908.261253 -1491.2366
1575812.119889 5103924.831988 -1473.4874
1575812.119889 5103723.727272 -1474.3003
1575812.119889 5103522.622556 -1475.1620
1575812.119889 5103321.517841 -1476.2056
1575812.119889 5103120.413125 -1477.5695
1575812.119889 5102919.308409 -1479.3265
1575812.119889 5102718.203694 -1481.3990
1575812.119889 5102517.098978 -1478.7413
1575812.119889 5102315.994262 -1482.6077
1575812.119889 5102114.889547 -1482.1553
1575812.119889 5101913.784831 -1482.5432
1575812.119889 5101712.680115 -1484.4918
1575812.119889 5101511.575400 -1486.8114
1575812.119889 5101310.470684 -1488.9698
1575812.119889 5101109.365968 -1490.7755
1575812.119889 5100908.261253 -1492.1794
1575812.119889 5100707.156537 -1493.2020
1576012.415342 5103723.727272 -1477.1426
1576012.415342 5103522.622556 -1478.2974
1576012.415342 5103321.517841 -1479.6897
1576012.415342 5103120.413125 -1481.4454
1576012.415342 5102919.308409 -1483.6127
1576012.415342 5102718.203694 -1486.0253
1576012.415342 5102517.098978 -1488.0038
1576012.415342 5102315.994262 -1487.5612
1576012.415342 5102114.889547 -1486.6167
1576012.415342 5101913.784831 -1484.4766
1576012.415342 5101712.680115 -1486.4429
1576012.415342 5101511.575400 -1488.5851
1576012.415342 5101310.470684 -1490.5283
1576012.415342 5101109.365968 -1492.1503
1576012.415342 5100908.261253 -1493.4044
1576012.415342 5100707.156537 -1494.2977
1576012.415342 5100506.051821 -1494.8831
1576212.710795 5103522.622556 -1481.2601
1576212.710795 5103321.517841 -1482.9056
1576212.710795 5103120.413125 -1484.8628
1576212.710795 5102919.308409 -1487.1289
1576212.710795 5102718.203694 -1489.5233
1576212.710795 5102517.098978 -1491.5906
1576212.710795 5102315.994262 -1492.6747
1576212.710795 5102114.889547 -1487.4420
1576212.710795 5101913.784831 -1488.8705
1576212.710795 5101712.680115 -1489.5475
1576212.710795 5101511.575400 -1490.8942
1576212.710795 5101310.470684 -1492.3424
1576212.710795 5101109.365968 -1493.6672
1576212.710795 5100908.261253 -1494.7247
1576212.710795 5100707.156537 -1495.4664
1576212.710795 5100506.051821 -1495.9232
1576413.006247 5103321.517841 -1485.5164
1576413.006247 5103120.413125 -1487.4584
1576413.006247 5102919.308409 -1489.5385
1576413.006247 5102718.203694 -1491.5579
1576413.006247 5102517.098978 -1493.1353
1576413.006247 5102315.994262 -1493.7433
1576413.006247 5102114.889547 -1492.8297
1576413.006247 5101913.784831 -1490.2970
1576413.006247 5101712.680115 -1491.0153
1576413.006247 5101511.575400 -1492.5321
1576413.006247 5101310.470684 -1493.6823
1576413.006247 5101109.365968 -1494.8776
1576413.006247 5100908.261253 -1495.8501
1576413.006247 5100707.156537 -1496.5109
1576413.006247 5100506.051821 -1496.8811
1576413.006247 5100304.947106 -1497.0677
1576613.301700 5103120.413125 -1489.2064
1576613.301700 5102919.308409 -1490.9415
1576613.301700 5102718.203694 -1492.4401
1576613.301700 5102517.098978 -1493.3947
1576613.301700 5102315.994262 -1493.4558
1576613.301700 5102114.889547 -1492.4379
1576613.301700 5101913.784831 -1490.8727
1576613.301700 5101712.680115 -1493.2491
1576613.301700 5101511.575400 -1491.4934
1576613.301700 5101310.470684 -1493.7992
1576613.301700 5101109.365968 -1495.3397
1576613.301700 5100908.261253 -1496.4812
1576613.301700 5100707.156537 -1497.2148
1576613.301700 5100506.051821 -1497.5848
1576613.301700 5100304.947106 -1497.7800
1576613.301700 5100103.842390 -1497.9347
1576813.597153 5102919.308409 -1491.6080
1576813.597153 5102718.203694 -1492.6084
1576813.597153 5102517.098978 -1493.0320
1576813.597153 5102315.994262 -1492.6862
1576813.597153 5102114.889547 -1491.5746
1576813.597153 5101913.784831 -1490.1583
1576813.597153 5101712.680115 -1489.4314
1576813.597153 5101511.575400 -1490.2993
1576813.597153 5101310.470684 -1492.1263
1576813.597153 5101109.365968 -1494.8699
1576813.597153 5100908.261253 -1496.3890
1576813.597153 5100707.156537 -1497.3866
1576813.597153 5100506.051821 -1497.8444
1576813.597153 5100304.947106 -1498.1616
1576813.597153 5100103.842390 -1498.5079
1576813.597153 5099902.737674 -1498.8572
1577013.892605 5102718.203694 -1492.4147
1577013.892605 5102517.098978 -1492.4579
1577013.892605 5102315.994262 -1491.8561
1577013.892605 5102114.889547 -1490.6906
1577013.892605 5101913.784831 -1489.3230
1577013.892605 5101712.680115 -1488.3644
1577013.892605 5101511.575400 -1488.3531
1577013.892605 5101310.470684 -1491.7280
1577013.892605 5101109.365968 -1491.8779
1577013.892605 5100908.261253 -1495.3164
1577013.892605 5100707.156537 -1496.8682
1577013.892605 5100506.051821 -1497.4429
1577013.892605 5100304.947106 -1498.0432
1577013.892605 5100103.842390 -1498.8098
1577013.892605 5099902.737674 -1499.5425
1577013.892605 5099701.632959 -1500.0764
1577214.188058 5102517.098978 -1491.8961
1577214.188058 5102315.994262 -1491.1597
1577214.188058 5102114.889547 -1489.9894
1577214.188058 5101913.784831 -1488.6729
1577214.188058 5101712.680115 -1487.6560
1577214.188058 5101511.575400 -1487.4374
1577214.188058 5101310.470684 -1488.5487
1577214.188058 5101109.365968 -1491.1185
1577214.188058 5100908.261253 -1490.5054
1577214.188058 5100707.156537 -1495.5892
1577214.188058 5100506.051821 -1496.0952
1577214.188058 5100304.947106 -1497.2778
1577214.188058 5100103.842390 -1498.8232
1577214.188058 5099902.737674 -1500.1687
1577214.188058 5099701.632959 -1501.0508
1577214.188058 5099500.528243 -1501.4597
1577414.483511 5102315.994262 -1490.6736
1577414.483511 5102114.889547 -1489.5338
1577414.483511 5101913.784831 -1488.2521
1577414.483511 5101712.680115 -1487.1309
1577414.483511 5101511.575400 -1486.4692
1577414.483511 5101310.470684 -1486.4199
1577414.483511 5101109.365968 -1486.6962
1577414.483511 5100908.261253 -1491.8130
1577414.483511 5100707.156537 -1490.1664
1577414.483511 5100506.051821 -1493.3873
1577414.483511 5100304.947106 -1495.9008
1577414.483511 5100103.842390 -1498.7086
1577414.483511 5099902.737674 -1500.8435
1577414.483511 5099701.632959 -1502.0903
1577414.483511 5099500.528243 -1502.5641
1577414.483511 5099299.423528 -1502.5310
1577614.778964 5102114.889547 -1489.3503
1577614.778964 5101913.784831 -1488.1288
1577614.778964 5101712.680115 -1486.9713
1577614.778964 5101511.575400 -1486.0977
1577614.778964 5101310.470684 -1485.6864
1577614.778964 5101109.365968 -1485.9194
1577614.778964 5100908.261253 -1487.4485
1577614.778964 5100707.156537 -1491.2957
1577614.778964 5100506.051821 -1491.9677
1577614.778964 5100304.947106 -1494.7040
1577614.778964 5100103.842390 -1498.9023
1577614.778964 5099902.737674 -1501.6929
1577614.778964 5099701.632959 -1503.1592
1577614.778964 5099500.528243 -1503.5675
1577614.778964 5099299.423528 -1503.3412
1577614.778964 5099098.318812 -1502.8844
1577815.074416 5101913.784831 -1488.3148
1577815.074416 5101712.680115 -1487.2052
1577815.074416 5101511.575400 -1486.2889
1577815.074416 5101310.470684 -1485.7656
1577815.074416 5101109.365968 -1485.8809
1577815.074416 5100908.261253 -1486.9688
1577815.074416 5100707.156537 -1488.9686
1577815.074416 5100506.051821 -1490.6041
1577815.074416 5100304.947106 -1491.6643
1577815.074416 5100103.842390 -1499.5898
1577815.074416 5099902.737674 -1502.4972
1577815.074416 5099701.632959 -1503.9961
1577815.074416 5099500.528243 -1504.2158
1577815.074416 5099299.423528 -1503.7277
1577815.074416 5099098.318812 -1503.0795
1577815.074416 5098897.214096 -1502.5786
1578015.369869 5101712.680115 -1487.7596
1578015.369869 5101511.575400 -1486.8716
1578015.369869 5101310.470684 -1486.2716
1578015.369869 5101109.365968 -1486.1410
1578015.369869 5100908.261253 -1486.6208
1578015.369869 5100707.156537 -1487.6230
1578015.369869 5100506.051821 -1488.8569
1578015.369869 5100304.947106 -1497.1930
1578015.369869 5100103.842390 -1496.7897
1578015.369869 5099902.737674 -1502.1259
1578015.369869 5099701.632959 -1504.0260
1578015.369869 5099500.528243 -1504.1245
1578015.369869 5099299.423528 -1503.4083
1578015.369869 5099098.318812 -1502.6738
1578015.369869 5098897.214096 -1502.2327
1578015.369869 5098696.109381 -1502.1115
1578215.665322 5101511.575400 -1487.7329
1578215.665322 5101310.470684 -1487.0892
1578215.665322 5101109.365968 -1486.7490
1578215.665322 5100908.261253 -1486.8090
1578215.665322 5100707.156537 -1487.3219
1578215.665322 5100506.051821 -1488.4918
1578215.665322 5100304.947106 -1491.2932
1578215.665322 5100103.842390 -1496.7266
1578215.665322 5099902.737674 -1496.5024
1578215.665322 5099701.632959 -1502.8131
1578215.665322 5099500.528243 -1502.9766
1578215.665322 5099299.423528 -1502.1675
1578215.665322 5099098.318812 -1501.5807
1578215.665322 5098897.214096 -1501.4418
1578215.665322 5098696.109381 -1501.6241
1578215.665322 5098495.004665 -1502.0045
1578415.960774 5101310.470684 -1488.1731
1578415.960774 5101109.365968 -1487.7175
1578415.960774 5100908.261253 -1487.5155
1578415.960774 5100707.156537 -1487.6423
1578415.960774 5100506.051821 -1488.2311
1578415.960774 5100304.947106 -1489.4825
1578415.960774 5100103.842390 -1491.0353
1578415.960774 5099902.737674 -1496.0110
1578415.960774 5099701.632959 -1495.8864
1578415.960774 5099500.528243 -1500.7360
1578415.960774 5099299.423528 -1500.0562
1578415.960774 5099098.318812 -1499.9694
1578415.960774 5098897.214096 -1500.4222
1578415.960774 5098696.109381 -1501.0503
1578415.960774 5098495.004665 -1501.7246
1578415.960774 5098293.899949 -1502.4366
1578616.256227 5101310.470684 -1489.4790
1578616.256227 5101109.365968 -1489.0186
1578616.256227 5100908.261253 -1488.7184
1578616.256227 5100707.156537 -1488.6542
1578616.256227 5100506.051821 -1488.9225
1578616.256227 5100304.947106 -1489.6243
1578616.256227 5100103.842390 -1490.7931
1578616.256227 5099902.737674 -1492.8706
1578616.256227 5099701.632959 -1498.8738
1578616.256227 5099500.528243 -1499.5977
1578616.256227 5099299.423528 -1497.8228
1578616.256227 5099098.318812 -1498.4785
1578616.256227 5098897.214096 -1499.6747
1578616.256227 5098696.109381 -1500.7008
1578616.256227 5098495.004665 -1501.5779
1578616.256227 5098293.899949 -1502.4312
1578616.256227 5098092.795234 -1503.3127
1578816.551680 5101109.365968 -1490.5737
1578816.551680 5100908.261253 -1490.3193
1578816.551680 5100707.156537 -1490.2639
1578816.551680 5100506.051821 -1490.5211
1578816.551680 5100304.947106 -1491.2440
1578816.551680 5100103.842390 -1492.6522
1578816.551680 5099902.737674 -1495.1375
1578816.551680 5099701.632959 -1498.8958
1578816.551680 5099500.528243 -1498.3280
1578816.551680 5099299.423528 -1499.5573
1578816.551680 5099098.318812 -1498.2347
1578816.551680 5098897.214096 -1499.8599
1578816.551680 5098696.109381 -1500.8525
1578816.551680 5098495.004665 -1501.6644
1578816.551680 5098293.899949 -1502.5417
1578816.551680 5098092.795234 -1503.5254
1578816.551680 5097891.690518 -1504.5337
1579016.847133 5100908.261253 -1492.1432
1579016.847133 5100707.156537 -1492.2020
1579016.847133 5100506.051821 -1492.5618
1579016.847133 5100304.947106 -1493.3748
1579016.847133 5100103.842390 -1494.8174
1579016.847133 5099902.737674 -1497.0095
1579016.847133 5099701.632959 -1499.6292
1579016.847133 5099500.528243 -1501.1086
1579016.847133 5099299.423528 -1499.9211
1579016.847133 5099098.318812 -1499.2972
1579016.847133 5098897.214096 -1501.1431
1579016.847133 5098696.109381 -1501.3512
1579016.847133 5098495.004665 -1501.8575
1579016.847133 5098293.899949 -1502.7142
1579016.847133 5098092.795234 -1503.8315
1579016.847133 5097891.690518 -1504.9869
1579217.142585 5100707.156537 -1494.1995
1579217.142585 5100506.051821 -1494.6467
1579217.142585 5100304.947106 -1495.4558
1579217.142585 5100103.842390 -1496.7012
1579217.142585 5099902.737674 -1498.3275
1579217.142585 5099701.632959 -1499.9496
1579217.142585 5099500.528243 -1500.7401
1579217.142585 5099299.423528 -1500.2604
1579217.142585 5099098.318812 -1498.7341
1579217.142585 5098897.214096 -1501.3096
1579217.142585 5098696.109381 -1501.2278
1579217.142585 5098495.004665 -1501.8522
1579217.142585 5098293.899949 -1502.8663
1579217.142585 5098092.795234 -1504.2520
1579217.142585 5097891.690518 -1505.6088
1579217.142585 5097690.585802 -1506.7078
1579417.438038 5100506.051821 -1496.5674
1579417.438038 5100304.947106 -1497.2959
1579417.438038 5100103.842390 -1498.2677
1579417.438038 5099902.737674 -1499.3658
1579417.438038 5099701.632959 -1500.2825
1579417.438038 5099500.528243 -1500.5709
1579417.438038 5099299.423528 -1500.0374
1579417.438038 5099098.318812 -1499.1750
1579417.438038 5098897.214096 -1501.8130
1579417.438038 5098696.109381 -1500.8618
1579417.438038 5098495.004665 -1501.9761
1579417.438038 5098293.899949 -1503.1366
1579417.438038 5098092.795234 -1504.9095
1579417.438038 5097891.690518 -1506.4749
1579417.438038 5097690.585802 -1507.5509
1579417.438038 5097489.481087 -1508.2722
1579617.733491 5100304.947106 -1498.8831
1579617.733491 5100103.842390 -1499.6173
1579617.733491 5099902.737674 -1500.3501
1579617.733491 5099701.632959 -1500.8895
1579617.733491 5099500.528243 -1501.0408
1579617.733491 5099299.423528 -1500.8228
1579617.733491 5099098.318812 -1500.6763
1579617.733491 5098897.214096 -1501.3848
1579617.733491 5098696.109381 -1502.5898
1579617.733491 5098495.004665 -1504.1732
1579617.733491 5098293.899949 -1503.7872
1579617.733491 5098092.795234 -1505.9785
1579617.733491 5097891.690518 -1507.6187
1579617.733491 5097690.585802 -1508.4572
1579617.733491 5097489.481087 -1508.9277
1579617.733491 5097288.376371 -1509.3384
1579818.028943 5100103.842390 -1500.8234
1579818.028943 5099902.737674 -1501.3435
1579818.028943 5099701.632959 -1501.7189
1579818.028943 5099500.528243 -1501.9011
1579818.028943 5099299.423528 -1502.0057
1579818.028943 5099098.318812 -1502.3927
1579818.028943 5098897.214096 -1503.5457
1579818.028943 5098696.109381 -1505.5466
1579818.028943 5098495.004665 -1505.8573
1579818.028943 5098293.899949 -1505.0330
1579818.028943 5098092.795234 -1507.4229
1579818.028943 5097891.690518 -1508.8123
1579818.028943 5097690.585802 -1509.0975
1579818.028943 5097489.481087 -1509.2520
1579818.028943 5097288.376371 -1509.5720
1579818.028943 5097087.271655 -1510.0879
1580018.324396 5099902.737674 -1502.3180
1580018.324396 5099701.632959 -1502.6160
1580018.324396 5099500.528243 -1502.8154
1580018.324396 5099299.423528 -1503.0183
1580018.324396 5099098.318812 -1503.4193
1580018.324396 5098897.214096 -1504.1655
1580018.324396 5098696.109381 -1505.0269
1580018.324396 5098495.004665 -1505.0846
1580018.324396 5098293.899949 -1504.6748
1580018.324396 5098092.795234 -1505.3208
1580018.324396 5097891.690518 -1509.1207
1580018.324396 5097690.585802 -1508.7584
1580018.324396 5097489.481087 -1508.8846
1580018.324396 5097288.376371 -1509.3970
1580018.324396 5097087.271655 -1510.1426
1580018.324396 5096886.166940 -1511.0138
1580218.619849 5099701.632959 -1503.4828
1580218.619849 5099500.528243 -1503.6425
1580218.619849 5099299.423528 -1503.7689
1580218.619849 5099098.318812 -1503.9225
1580218.619849 5098897.214096 -1504.0779
1580218.619849 5098696.109381 -1503.9944
1580218.619849 5098495.004665 -1503.2826
1580218.619849 5098293.899949 -1502.2220
1580218.619849 5098092.795234 -1503.2273
1580218.619849 5097891.690518 -1505.2975
1580218.619849 5097690.585802 -1506.6265
1580218.619849 5097489.481087 -1507.7288
1580218.619849 5097288.376371 -1508.8986
1580218.619849 5097087.271655 -1510.0933
1580218.619849 5096886.166940 -1511.2594
1580218.619849 5096685.062224 -1512.3920
1580418.915302 5099500.528243 -1504.3976
1580418.915302 5099299.423528 -1504.3995
1580418.915302 5099098.318812 -1504.3036
1580418.915302 5098897.214096 -1504.0485
1580418.915302 5098696.109381 -1503.5038
1580418.915302 5098495.004665 -1502.5999
1580418.915302 5098293.899949 -1501.7206
1580418.915302 5098092.795234 -1501.9351
1580418.915302 5097891.690518 -1504.1810
1580418.915302 5097690.585802 -1505.1123
1580418.915302 5097489.481087 -1506.8016
1580418.915302 5097288.376371 -1508.5980
1580418.915302 5097087.271655 -1510.2297
1580418.915302 5096886.166940 -1511.6527
1580418.915302 5096685.062224 -1512.9468
1580418.915302 5096483.957508 -1514.1620
1580619.210754 5099299.423528 -1505.0634
1580619.210754 5099098.318812 -1504.8274
1580619.210754 5098897.214096 -1504.4028
1580619.210754 5098696.109381 -1503.7606
1580619.210754 5098495.004665 -1502.9785
1580619.210754 5098293.899949 -1502.3883
1580619.210754 5098092.795234 -1502.5361
1580619.210754 5097891.690518 -1503.5719
1580619.210754 5097690.585802 -1505.7039
1580619.210754 5097489.481087 -1506.7341
1580619.210754 5097288.376371 -1508.9785
1580619.210754 5097087.271655 -1510.8354
1580619.210754 5096886.166940 -1512.3241
1580619.210754 5096685.062224 -1513.6707
1580619.210754 5096483.957508 -1514.9523
1580619.210754 5096282.852793 -1516.1455
1580819.506207 5099098.318812 -1505.5848
1580819.506207 5098897.214096 -1505.1704
1580819.506207 5098696.109381 -1504.6328
1580819.506207 5098495.004665 -1504.0966
1580819.506207 5098293.899949 -1503.8206
1580819.506207 5098092.795234 -1504.1205
1580819.506207 5097891.690518 -1505.1021
1580819.506207 5097690.585802 -1508.0752
1580819.506207 5097489.481087 -1508.2195
1580819.506207 5097288.376371 -1510.3499
1580819.506207 5097087.271655 -1512.0228
1580819.506207 5096886.166940 -1513.2627
1580819.506207 5096685.062224 -1514.5406
1580819.506207 5096483.957508 -1515.8607
1580819.506207 5096282.852793 -1517.0968
1580819.506207 5096081.748077 -1518.1655
1581019.801660 5098897.214096 -1506.2549
1581019.801660 5098696.109381 -1505.9041
1581019.801660 5098495.004665 -1505.6318
1581019.801660 5098293.899949 -1505.6334
1581019.801660 5098092.795234 -1506.1165
1581019.801660 5097891.690518 -1507.1870
1581019.801660 5097690.585802 -1508.8040
1581019.801660 5097489.481087 -1511.3899
1581019.801660 5097288.376371 -1512.4399
1581019.801660 5097087.271655 -1513.5002
1581019.801660 5096886.166940 -1514.2169
1581019.801660 5096685.062224 -1515.4467
1581019.801660 5096483.957508 -1516.8679
1581019.801660 5096282.852793 -1518.1619
1581019.801660 5096081.748077 -1519.2056
1581019.801660 5095880.643361 -1520.0096
1581220.097113 5098696.109381 -1507.3792
1581220.097113 5098495.004665 -1507.3346
1581220.097113 5098293.899949 -1507.5337
1581220.097113 5098092.795234 -1508.1018
1581220.097113 5097891.690518 -1509.0764
1581220.097113 5097690.585802 -1510.3383
1581220.097113 5097489.481087 -1511.5481
1581220.097113 5097288.376371 -1513.3645
1581220.097113 5097087.271655 -1514.2303
1581220.097113 5096886.166940 -1514.8077
1581220.097113 5096685.062224 -1516.3239
1581220.097113 5096483.957508 -1518.0076
1581220.097113 5096282.852793 -1519.3735
1581220.097113 5096081.748077 -1520.3336
1581220.097113 5095880.643361 -1520.9910
1581220.097113 5095679.538646 -1521.4672
1581420.392565 5098495.004665 -1509.0514
1581420.392565 5098293.899949 -1509.3849
1581420.392565 5098092.795234 -1509.9911
1581420.392565 5097891.690518 -1510.8857
1581420.392565 5097690.585802 -1512.0018
1581420.392565 5097489.481087 -1513.2313
1581420.392565 5097288.376371 -1514.6315
1581420.392565 5097087.271655 -1515.3538
1581420.392565 5096886.166940 -1516.4036
1581420.392565 5096685.062224 -1517.4534
1581420.392565 5096483.957508 -1519.4143
1581420.392565 5096282.852793 -1520.7755
1581420.392565 5096081.748077 -1521.5319
1581420.392565 5095880.643361 -1521.9482
1581420.392565 5095679.538646 -1522.2333
1581420.392565 5095478.433930 -1522.4717
1581620.688018 5098495.004665 -1510.6992
1581620.688018 5098293.899949 -1511.1232
1581620.688018 5098092.795234 -1511.7455
1581620.688018 5097891.690518 -1512.5753
1581620.688018 5097690.585802 -1513.5836
1581620.688018 5097489.481087 -1514.7360
1581620.688018 5097288.376371 -1516.0520
1581620.688018 5097087.271655 -1517.4829
1581620.688018 5096886.166940 -1517.6577
1581620.688018 5096685.062224 -1518.4751
1581620.688018 5096483.957508 -1521.0129
1581620.688018 5096282.852793 -1522.3154
1581620.688018 5096081.748077 -1522.7141
1581620.688018 5095880.643361 -1522.7966
1581620.688018 5095679.538646 -1522.8715
1581620.688018 5095478.433930 -1522.9976
1581620.688018 5095277.329214 -1523.1202
1581820.983471 5098293.899949 -1512.7249
1581820.983471 5098092.795234 -1513.3499
1581820.983471 5097891.690518 -1514.1136
1581820.983471 5097690.585802 -1514.9846
1581820.983471 5097489.481087 -1515.8970
1581820.983471 5097288.376371 -1516.7179
1581820.983471 5097087.271655 -1517.1160
1581820.983471 5096886.166940 -1516.4451
1581820.983471 5096685.062224 -1517.6029
1581820.983471 5096483.957508 -1521.2568
1581820.983471 5096282.852793 -1523.8644
1581820.983471 5096081.748077 -1523.7393
1581820.983471 5095880.643361 -1523.4320
1581820.983471 5095679.538646 -1523.3383
1581820.983471 5095478.433930 -1523.4215
1581820.983471 5095277.329214 -1523.5039
1581820.983471 5095076.224499 -1523.4895
1582021.278923 5098092.795234 -1514.8218
1582021.278923 5097891.690518 -1515.5425
1582021.278923 5097690.585802 -1516.3270
1582021.278923 5097489.481087 -1517.1199
1582021.278923 5097288.376371 -1517.8370
1582021.278923 5097087.271655 -1518.3987
1582021.278923 5096886.166940 -1518.9922
1582021.278923 5096685.062224 -1520.9883
1582021.278923 5096483.957508 -1525.4241
1582021.278923 5096282.852793 -1525.6058
1582021.278923 5096081.748077 -1524.5288
1582021.278923 5095880.643361 -1523.8086
1582021.278923 5095679.538646 -1523.6614
1582021.278923 5095478.433930 -1523.8243
1582021.278923 5095277.329214 -1523.9000
1582021.278923 5095076.224499 -1523.7607
1582221.574376 5097891.690518 -1516.8976
1582221.574376 5097690.585802 -1517.6674
1582221.574376 5097489.481087 -1518.4764
1582221.574376 5097288.376371 -1519.3223
1582221.574376 5097087.271655 -1520.2798
1582221.574376 5096886.166940 -1521.6382
1582221.574376 5096685.062224 -1523.9773
1582221.574376 5096483.957508 -1527.1388
1582221.574376 5096282.852793 -1523.8783
1582221.574376 5096081.748077 -1524.9606
1582221.574376 5095880.643361 -1524.0446
1582221.574376 5095679.538646 -1523.9991
1582221.574376 5095478.433930 -1524.3962
1582221.574376 5095277.329214 -1524.4454
1582221.574376 5095076.224499 -1524.0607
1582221.574376 5094875.119783 -1523.4962
1582421.869829 5097690.585802 -1518.9750
1582421.869829 5097489.481087 -1519.8450
1582421.869829 5097288.376371 -1520.8224
1582421.869829 5097087.271655 -1521.9900
1582421.869829 5096886.166940 -1523.4894
1582421.869829 5096685.062224 -1525.3765
1582421.869829 5096483.957508 -1527.0657
1582421.869829 5096282.852793 -1526.8599
1582421.869829 5096081.748077 -1525.6450
1582421.869829 5095880.643361 -1525.0059
1582421.869829 5095679.538646 -1524.6555
1582421.869829 5095478.433930 -1525.4187
1582421.869829 5095277.329214 -1525.2838
1582421.869829 5095076.224499 -1524.4110
1582421.869829 5094875.119783 -1523.3793
1582421.869829 5094674.015067 -1522.6007
1582622.165282 5097489.481087 -1521.1150
1582622.165282 5097288.376371 -1522.1497
1582622.165282 5097087.271655 -1523.3486
1582622.165282 5096886.166940 -1524.7350
1582622.165282 5096685.062224 -1526.2068
1582622.165282 5096483.957508 -1527.3739
1582622.165282 5096282.852793 -1527.7283
1582622.165282 5096081.748077 -1527.8330
1582622.165282 5095880.643361 -1525.0649
1582622.165282 5095679.538646 -1526.7739
1582622.165282 5095478.433930 -1527.0552
1582622.165282 5095277.329214 -1526.4033
1582622.165282 5095076.224499 -1524.7128
1582622.165282 5094875.119783 -1523.0547
1582622.165282 5094674.015067 -1521.9631
1582622.165282 5094472.910352 -1521.5428
1582822.460734 5097288.376371 -1523.2712
1582822.460734 5097087.271655 -1524.4076
1582822.460734 5096886.166940 -1525.6185
1582822.460734 5096685.062224 -1526.7758
1582822.460734 5096483.957508 -1527.6229
1582822.460734 5096282.852793 -1527.8914
1582822.460734 5096081.748077 -1527.5453
1582822.460734 5095880.643361 -1526.2739
1582822.460734 5095679.538646 -1525.6682
1582822.460734 5095478.433930 -1527.8153
1582822.460734 5095277.329214 -1527.3782
1582822.460734 5095076.224499 -1524.7151
1582822.460734 5094875.119783 -1522.4404
1582822.460734 5094674.015067 -1521.1403
1582822.460734 5094472.910352 -1520.7897
1582822.460734 5094271.805636 -1521.1230
1583022.756187 5097087.271655 -1525.2771
1583022.756187 5096886.166940 -1526.3375
1583022.756187 5096685.062224 -1527.2992
1583022.756187 5096483.957508 -1527.9935
1583022.756187 5096282.852793 -1528.2563
1583022.756187 5096081.748077 -1528.0223
1583022.756187 5095880.643361 -1527.3353
1583022.756187 5095679.538646 -1526.9038
1583022.756187 5095478.433930 -1528.3090
1583022.756187 5095277.329214 -1527.8811
1583022.756187 5095076.224499 -1524.3914
1583022.756187 5094875.119783 -1521.7186
1583022.756187 5094674.015067 -1520.3987
1583022.756187 5094472.910352 -1520.2544
1583022.756187 5094271.805636 -1520.8593
1583022.756187 5094070.700920 -1521.8363
1583223.051640 5096886.166940 -1527.0211
1583223.051640 5096685.062224 -1527.9009
1583223.051640 5096483.957508 -1528.5973
1583223.051640 5096282.852793 -1529.0353
1583223.051640 5096081.748077 -1529.2262
1583223.051640 5095880.643361 -1529.3374
1583223.051640 5095679.538646 -1529.8242
1583223.051640 5095478.433930 -1531.0482
1583223.051640 5095277.329214 -1527.9677
1583223.051640 5095076.224499 -1528.5624
1583223.051640 5094875.119783 -1521.7671
1583223.051640 5094674.015067 -1520.3873
1583223.051640 5094472.910352 -1520.4265
1583223.051640 5094271.805636 -1521.2384
1583223.051640 5094070.700920 -1522.3728
1583223.051640 5093869.596205 -1523.5688
1583423.347092 5096685.062224 -1528.6014
1583423.347092 5096483.957508 -1529.3834
1583423.347092 5096282.852793 -1530.0518
1583423.347092 5096081.748077 -1530.6431
1583423.347092 5095880.643361 -1531.2675
1583423.347092 5095679.538646 -1532.0378
1583423.347092 5095478.433930 -1532.6804
1583423.347092 5095277.329214 -1531.7246
1583423.347092 5095076.224499 -1527.0005
1583423.347092 5094875.119783 -1526.8223
1583423.347092 5094674.015067 -1522.0022
1583423.347092 5094472.910352 -1521.8761
1583423.347092 5094271.805636 -1522.6078
1583423.347092 5094070.700920 -1523.6661
1583423.347092 5093869.596205 -1524.7877
1583423.347092 5093668.491489 -1525.8486
1583623.642545 5096483.957508 -1530.2507
1583623.642545 5096282.852793 -1531.1130
1583623.642545 5096081.748077 -1531.9832
1583623.642545 5095880.643361 -1532.8940
1583623.642545 5095679.538646 -1533.8094
1583623.642545 5095478.433930 -1534.4436
1583623.642545 5095277.329214 -1534.1755
1583623.642545 5095076.224499 -1532.7983
1583623.642545 5094875.119783 -1528.7723
1583623.642545 5094674.015067 -1530.7137
1583623.642545 5094472.910352 -1524.8981
1583623.642545 5094271.805636 -1525.0781
1583623.642545 5094070.700920 -1525.7408
1583623.642545 5093869.596205 -1526.5785
1583623.642545 5093668.491489 -1527.4337
1583823.937998 5096282.852793 -1532.1077
1583823.937998 5096081.748077 -1533.1329
1583823.937998 5095880.643361 -1534.1812
1583823.937998 5095679.538646 -1535.1680
1583823.937998 5095478.433930 -1535.8730
1583823.937998 5095277.329214 -1535.9639
1583823.937998 5095076.224499 -1535.2334
1583823.937998 5094875.119783 -1533.5415
1583823.937998 5094674.015067 -1530.6075
1583823.937998 5094472.910352 -1528.8553
1583823.937998 5094271.805636 -1528.2411
1583823.937998 5094070.700920 -1528.3287
1583823.937998 5093869.596205 -1528.7622
1584024.233451 5096081.748077 -1534.0792
1584024.233451 5095880.643361 -1535.1661
1584024.233451 5095679.538646 -1536.1599
1584024.233451 5095478.433930 -1536.8896
1584024.233451 5095277.329214 -1537.1353
1584024.233451 5095076.224499 -1536.7155
1584024.233451 5094875.119783 -1535.5223
1584024.233451 5094674.015067 -1533.6538
1584024.233451 5094472.910352 -1532.0890
1584024.233451 5094271.805636 -1531.2244
1584024.233451 5094070.700920 -1530.9493
1584024.233451 5093869.596205 -1531.0499
1584224.528903 5095880.643361 -1535.9229
1584224.528903 5095679.538646 -1536.8813
1584224.528903 5095478.433930 -1537.5986
1584224.528903 5095277.329214 -1537.9189
1584224.528903 5095076.224499 -1537.7113
1584224.528903 5094875.119783 -1536.9293
1584224.528903 5094674.015067 -1535.7157
1584224.528903 5094472.910352 -1534.5442
1584224.528903 5094271.805636 -1533.7300
1584224.528903 5094070.700920 -1533.3169
1584424.824356 5095679.538646 -1537.4382
1584424.824356 5095478.433930 -1538.1295
1584424.824356 5095277.329214 -1538.4974
1584424.824356 5095076.224499 -1538.4564
1584424.824356 5094875.119783 -1537.9948
1584424.824356 5094674.015067 -1537.2267
1584424.824356 5094472.910352 -1536.4076
1584424.824356 5094271.805636 -1535.7509
1584625.119809 5095679.538646 -1537.9204
1584625.119809 5095478.433930 -1538.5842
1584625.119809 5095277.329214 -1538.9884
1584625.119809 5095076.224499 -1539.0786
1584625.119809 5094875.119783 -1538.8558
1584625.119809 5094674.015067 -1538.3997
1584625.119809 5094472.910352 -1537.8604
1584825.415262 5095478.433930 -1539.0313
1584825.415262 5095277.329214 -1539.4651
1584825.415262 5095076.224499 -1539.6548
1584825.415262 5094875.119783 -1539.6063
1584825.415262 5094674.015067 -1539.3718
1585025.710714 5095277.329214 -1539.9664
1585025.710714 5095076.224499 -1540.2328
1585025.710714 5094875.119783 -1540.3108
1585025.710714 5094674.015067 -1540.2357
1585226.006167 5095076.224499 -1540.8367
1585226.006167 5094875.119783 -1541.0103
