1566999.119969 5108952.449879 -1868.7476
1567199.415422 5109153.554595 -1864.6075
1567199.415422 5108952.449879 -1875.1042
1567399.710875 5109354.659310 -1859.2424
1567399.710875 5109153.554595 -1871.9268
1567399.710875 5108952.449879 -1884.1888
1567399.710875 5108751.345164 -1894.4878
1567600.006327 5109555.764026 -1853.4780
1567600.006327 5109354.659310 -1867.3723
1567600.006327 5109153.554595 -1882.9285
1567600.006327 5108952.449879 -1896.9314
1567600.006327 5108751.345164 -1907.6410
1567600.006327 5108550.240448 -1914.8240
1567800.301780 5109756.868742 -1848.5327
1567800.301780 5109555.764026 -1863.2172
1567800.301780 5109354.659310 -1880.8162
1567800.301780 5109153.554595 -1899.0795
1567800.301780 5108952.449879 -1914.2113
1567800.301780 5108751.345164 -1924.2804
1567800.301780 5108550.240448 -1929.6741
1567800.301780 5108349.135732 -1931.8212
1568000.597233 5109957.973457 -1872.4500
1568000.597233 5109756.868742 -1883.5801
1568000.597233 5109555.764026 -1886.3036
1568000.597233 5109354.659310 -1901.9736
1568000.597233 5109153.554595 -1921.3141
1568000.597233 5108952.449879 -1936.2922
1568000.597233 5108751.345164 -1944.0024
1568000.597233 5108550.240448 -1946.0209
1568000.597233 5108349.135732 -1944.8564
1568000.597233 5108148.031017 -1942.5547
1568200.892686 5110159.078173 -1899.8491
1568200.892686 5109957.973457 -1906.2563
1568200.892686 5109756.868742 -1911.4686
1568200.892686 5109555.764026 -1946.6345
1568200.892686 5109354.659310 -1926.8179
1568200.892686 5109153.554595 -1948.0215
1568200.892686 5108952.449879 -1961.9873
1568200.892686 5108751.345164 -1965.0648
1568200.892686 5108550.240448 -1961.9430
1568200.892686 5108349.135732 -1956.5618
1568200.892686 5108148.031017 -1951.2495
1568200.892686 5107946.926301 -1947.3103
1568401.188138 5110360.182889 -1907.3146
1568401.188138 5110159.078173 -1916.7450
1568401.188138 5109957.973457 -1929.1418
1568401.188138 5109756.868742 -1945.3779
1568401.188138 5109555.764026 -1949.8625
1568401.188138 5109354.659310 -1933.7939
1568401.188138 5109153.554595 -1975.7704
1568401.188138 5108952.449879 -1988.4526
1568401.188138 5108751.345164 -1983.7457
1568401.188138 5108550.240448 -1974.1842
1568401.188138 5108349.135732 -1964.5835
1568401.188138 5108148.031017 -1956.7192
1568401.188138 5107946.926301 -1951.5253
1568401.188138 5107745.821585 -1949.3284
1568601.483591 5110561.287604 -1907.8057
1568601.483591 5110360.182889 -1915.7830
1568601.483591 5110159.078173 -1925.3998
1568601.483591 5109957.973457 -1935.7078
1568601.483591 5109756.868742 -1943.6423
1568601.483591 5109555.764026 -1941.5076
1568601.483591 5109354.659310 -1933.1494
1568601.483591 5109153.554595 -1975.6302
1568601.483591 5108952.449879 -2010.2716
1568601.483591 5108751.345164 -1993.3345
1568601.483591 5108550.240448 -1978.4540
1568601.483591 5108349.135732 -1966.5845
1568601.483591 5108148.031017 -1957.6418
1568601.483591 5107946.926301 -1952.3748
1568601.483591 5107745.821585 -1951.0563
1568601.483591 5107544.716870 -1953.0707
1568801.779044 5110360.182889 -1920.8550
1568801.779044 5110159.078173 -1929.5945
1568801.779044 5109957.973457 -1938.4375
1568801.779044 5109756.868742 -1945.9392
1568801.779044 5109555.764026 -1952.2344
1568801.779044 5109354.659310 -1968.1750
1568801.779044 5109153.554595 -2001.2826
1568801.779044 5108952.449879 -1988.2610
1568801.779044 5108751.345164 -1983.7109
1568801.779044 5108550.240448 -1971.8060
1568801.779044 5108349.135732 -1961.9648
1568801.779044 5108148.031017 -1953.8125
1568801.779044 5107946.926301 -1949.7899
1568801.779044 5107745.821585 -1950.6801
1568801.779044 5107544.716870 -1955.4208
1568801.779044 5107343.612154 -1962.2498
1569002.074497 5110159.078173 -1931.7405
1569002.074497 5109957.973457 -1939.8910
1569002.074497 5109756.868742 -1948.1349
1569002.074497 5109555.764026 -1957.7717
1569002.074497 5109354.659310 -1973.0143
1569002.074497 5109153.554595 -1993.1626
1569002.074497 5108952.449879 -1970.8385
1569002.074497 5108751.345164 -1961.8022
1569002.074497 5108550.240448 -1960.3309
1569002.074497 5108349.135732 -1954.1187
1569002.074497 5108148.031017 -1946.5544
1569002.074497 5107946.926301 -1944.5062
1569002.074497 5107745.821585 -1949.0514
1569002.074497 5107544.716870 -1957.8905
1569002.074497 5107343.612154 -1968.2382
1569002.074497 5107142.507438 -1978.0554
1569202.369949 5109957.973457 -1940.1364
1569202.369949 5109756.868742 -1947.8473
1569202.369949 5109555.764026 -1956.3458
1569202.369949 5109354.659310 -1965.7708
1569202.369949 5109153.554595 -1971.9832
1569202.369949 5108952.449879 -1963.0614
1569202.369949 5108751.345164 -1946.3459
1569202.369949 5108550.240448 -1948.3611
1569202.369949 5108349.135732 -1947.2432
1569202.369949 5108148.031017 -1936.9709
1569202.369949 5107946.926301 -1937.6427
1569202.369949 5107745.821585 -1947.8391
1569202.369949 5107544.716870 -1962.2676
1569202.369949 5107343.612154 -1976.7369
1569202.369949 5107142.507438 -1989.0215
1569202.369949 5106941.402723 -1998.2891
1569402.665402 5109756.868742 -1946.0909
1569402.665402 5109555.764026 -1952.3303
1569402.665402 5109354.659310 -1957.4766
1569402.665402 5109153.554595 -1958.8384
1569402.665402 5108952.449879 -1953.3923
1569402.665402 5108751.345164 -1947.1855
1569402.665402 5108550.240448 -1938.9502
1569402.665402 5108349.135732 -1931.6072
1569402.665402 5108148.031017 -1923.8770
1569402.665402 5107946.926301 -1931.2013
1569402.665402 5107745.821585 -1950.1973
1569402.665402 5107544.716870 -1971.3685
1569402.665402 5107343.612154 -1989.6729
1569402.665402 5107142.507438 -2003.5212
1569402.665402 5106941.402723 -2012.9559
1569402.665402 5106740.298007 -2018.4825
1569602.960855 5109756.868742 -1944.5684
1569602.960855 5109555.764026 -1948.9556
1569602.960855 5109354.659310 -1951.8118
1569602.960855 5109153.554595 -1951.6735
1569602.960855 5108952.449879 -1947.6536
1569602.960855 5108751.345164 -1941.5592
1569602.960855 5108550.240448 -1933.7620
1569602.960855 5108349.135732 -1930.8735
1569602.960855 5108148.031017 -1925.3527
1569602.960855 5107946.926301 -1932.6384
1569602.960855 5107745.821585 -1962.1804
1569602.960855 5107544.716870 -1988.9338
1569602.960855 5107343.612154 -2008.8328
1569602.960855 5107142.507438 -2022.0928
1569602.960855 5106941.402723 -2030.0847
1569602.960855 5106740.298007 -2033.9399
1569602.960855 5106539.193291 -2034.3881
1569803.256307 5109555.764026 -1947.8704
1569803.256307 5109354.659310 -1949.9817
1569803.256307 5109153.554595 -1950.1313
1569803.256307 5108952.449879 -1948.1039
1569803.256307 5108751.345164 -1944.7250
1569803.256307 5108550.240448 -1940.8618
1569803.256307 5108349.135732 -1938.0698
1569803.256307 5108148.031017 -1960.1040
1569803.256307 5107946.926301 -1974.5963
1569803.256307 5107745.821585 -1991.2207
1569803.256307 5107544.716870 -2017.4261
1569803.256307 5107343.612154 -2034.2124
1569803.256307 5107142.507438 -2043.7468
1569803.256307 5106941.402723 -2048.5261
1569803.256307 5106740.298007 -2049.7856
1569803.256307 5106539.193291 -2048.0659
1569803.256307 5106338.088576 -2043.6439
1570003.551760 5109354.659310 -1952.0057
1570003.551760 5109153.554595 -1953.5223
1570003.551760 5108952.449879 -1954.3279
1570003.551760 5108751.345164 -1955.2847
1570003.551760 5108550.240448 -1957.8607
1570003.551760 5108349.135732 -1964.5613
1570003.551760 5108148.031017 -1979.4147
1570003.551760 5107946.926301 -2003.4021
1570003.551760 5107745.821585 -2025.1263
1570003.551760 5107544.716870 -2052.1912
1570003.551760 5107343.612154 -2061.5315
1570003.551760 5107142.507438 -2065.0271
1570003.551760 5106941.402723 -2065.8601
1570003.551760 5106740.298007 -2064.4082
1570003.551760 5106539.193291 -2060.5818
1570003.551760 5106338.088576 -2054.3030
1570003.551760 5106136.983860 -2045.5671
1570203.847213 5109153.554595 -1960.4902
1570203.847213 5108952.449879 -1964.2350
1570203.847213 5108751.345164 -1969.3427
1570203.847213 5108550.240448 -1977.2828
1570203.847213 5108349.135732 -1990.0944
1570203.847213 5108148.031017 -2009.8947
1570203.847213 5107946.926301 -2036.6289
1570203.847213 5107745.821585 -2059.1958
1570203.847213 5107544.716870 -2075.1611
1570203.847213 5107343.612154 -2082.1577
1570203.847213 5107142.507438 -2080.5906
1570203.847213 5106941.402723 -2079.1472
1570203.847213 5106740.298007 -2076.1282
1570203.847213 5106539.193291 -2070.9038
1570203.847213 5106338.088576 -2063.2173
1570203.847213 5106136.983860 -2052.8972
1570404.142666 5108952.449879 -1975.6263
1570404.142666 5108751.345164 -1983.6809
1570404.142666 5108550.240448 -1994.7086
1570404.142666 5108349.135732 -2009.7836
1570404.142666 5108148.031017 -2029.3008
1570404.142666 5107946.926301 -2051.4666
1570404.142666 5107745.821585 -2070.7610
1570404.142666 5107544.716870 -2080.5693
1570404.142666 5107343.612154 -2083.9539
1570404.142666 5107142.507438 -2086.5295
1570404.142666 5106941.402723 -2086.9722
1570404.142666 5106740.298007 -2084.1331
1570404.142666 5106539.193291 -2078.4521
1570404.142666 5106338.088576 -2070.0027
1570404.142666 5106136.983860 -2058.4460
1570404.142666 5105935.879144 -2043.7528
1570604.438118 5108751.345164 -1996.5884
1570604.438118 5108550.240448 -2008.7294
1570604.438118 5108349.135732 -2023.6613
1570604.438118 5108148.031017 -2040.9227
1570604.438118 5107946.926301 -2058.6787
1570604.438118 5107745.821585 -2073.7927
1570604.438118 5107544.716870 -2084.1956
1570604.438118 5107343.612154 -2086.2673
1570604.438118 5107142.507438 -2091.4529
1570604.438118 5106941.402723 -2091.6914
1570604.438118 5106740.298007 -2088.8508
1570604.438118 5106539.193291 -2083.1646
1570604.438118 5106338.088576 -2074.6233
1570604.438118 5106136.983860 -2062.1848
1570604.438118 5105935.879144 -2045.5966
1570604.438118 5105734.774429 -2025.8242
1570804.733571 5108550.240448 -2019.4453
1570804.733571 5108349.135732 -2033.0483
1570804.733571 5108148.031017 -2047.5034
1570804.733571 5107946.926301 -2061.2688
1570804.733571 5107745.821585 -2072.4048
1570804.733571 5107544.716870 -2079.8098
1570804.733571 5107343.612154 -2084.1177
1570804.733571 5107142.507438 -2088.6033
1570804.733571 5106941.402723 -2091.2109
1570804.733571 5106740.298007 -2089.8130
1570804.733571 5106539.193291 -2084.9407
1570804.733571 5106338.088576 -2077.3623
1570804.733571 5106136.983860 -2064.3564
1570804.733571 5105935.879144 -2045.4121
1570804.733571 5105734.774429 -2022.4431
1570804.733571 5105533.669713 -1997.9650
1571005.029024 5108349.135732 -2039.3514
1571005.029024 5108148.031017 -2051.1541
1571005.029024 5107946.926301 -2061.6040
1571005.029024 5107745.821585 -2069.2617
1571005.029024 5107544.716870 -2073.0703
1571005.029024 5107343.612154 -2078.7288
1571005.029024 5107142.507438 -2088.5837
1571005.029024 5106941.402723 -2087.4648
1571005.029024 5106740.298007 -2088.0386
1571005.029024 5106539.193291 -2084.2344
1571005.029024 5106338.088576 -2079.1768
1571005.029024 5106136.983860 -2065.5215
1571005.029024 5105935.879144 -2042.9086
1571005.029024 5105734.774429 -2015.5111
1571005.029024 5105533.669713 -1987.4097
1571005.029024 5105332.564997 -1961.0657
1571205.324476 5108148.031017 -2053.3477
1571205.324476 5107946.926301 -2061.5959
1571205.324476 5107745.821585 -2067.5012
1571205.324476 5107544.716870 -2070.6169
1571205.324476 5107343.612154 -2071.5012
1571205.324476 5107142.507438 -2072.7505
1571205.324476 5106941.402723 -2082.0605
1571205.324476 5106740.298007 -2089.5862
1571205.324476 5106539.193291 -2082.3782
1571205.324476 5106338.088576 -2082.0767
1571205.324476 5106136.983860 -2066.2539
1571205.324476 5105935.879144 -2037.0101
1571205.324476 5105734.774429 -2003.3682
1571205.324476 5105533.669713 -1971.3035
1571205.324476 5105332.564997 -1943.1749
1571205.324476 5105131.460282 -1919.3716
1571405.619929 5107946.926301 -2061.5889
1571405.619929 5107745.821585 -2067.0137
1571405.619929 5107544.716870 -2071.1758
1571405.619929 5107343.612154 -2075.4758
1571405.619929 5107142.507438 -2082.9949
1571405.619929 5106941.402723 -2097.6252
1571405.619929 5106740.298007 -2095.8733
1571405.619929 5106539.193291 -2085.8525
1571405.619929 5106338.088576 -2088.5898
1571405.619929 5106136.983860 -2065.4668
1571405.619929 5105935.879144 -2024.4131
1571405.619929 5105734.774429 -1982.9957
1571405.619929 5105533.669713 -1947.8210
1571405.619929 5105332.564997 -1919.5015
1571405.619929 5105131.460282 -1896.9480
1571405.619929 5104930.355566 -1878.9191
1571605.915382 5107745.821585 -2065.8003
1571605.915382 5107544.716870 -2070.2300
1571605.915382 5107343.612154 -2075.0940
1571605.915382 5107142.507438 -2081.5518
1571605.915382 5106941.402723 -2088.8232
1571605.915382 5106740.298007 -2088.8867
1571605.915382 5106539.193291 -2085.0952
1571605.915382 5106338.088576 -2080.6824
1571605.915382 5106136.983860 -2055.2246
1571605.915382 5105935.879144 -1997.5505
1571605.915382 5105734.774429 -1950.2026
1571605.915382 5105533.669713 -1915.6135
1571605.915382 5105332.564997 -1890.1776
1571605.915382 5105131.460282 -1870.9596
1571605.915382 5104930.355566 -1856.1279
1571605.915382 5104729.250850 -1844.4518
1571806.210835 5107544.716870 -2065.7869
1571806.210835 5107343.612154 -2068.8066
1571806.210835 5107142.507438 -2071.3860
1571806.210835 5106941.402723 -2071.8496
1571806.210835 5106740.298007 -2066.1987
1571806.210835 5106539.193291 -2053.2571
1571806.210835 5106338.088576 -2046.5669
1571806.210835 5106136.983860 -2012.7706
1571806.210835 5105935.879144 -1946.4834
1571806.210835 5105734.774429 -1903.0824
1571806.210835 5105533.669713 -1876.2778
1571806.210835 5105332.564997 -1857.4847
1571806.210835 5105131.460282 -1843.4111
1571806.210835 5104930.355566 -1832.7120
1571806.210835 5104729.250850 -1824.4387
1571806.210835 5104528.146135 -1817.8417
1572006.506287 5107343.612154 -2057.8760
1572006.506287 5107142.507438 -2056.0054
1572006.506287 5106941.402723 -2050.8474
1572006.506287 5106740.298007 -2040.5992
1572006.506287 5106539.193291 -2025.3564
1572006.506287 5106338.088576 -2007.7291
1572006.506287 5106136.983860 -1969.6582
1572006.506287 5105935.879144 -1937.4938
1572006.506287 5105734.774429 -1851.1285
1572006.506287 5105533.669713 -1837.6410
1572006.506287 5105332.564997 -1826.5646
1572006.506287 5105131.460282 -1817.5382
1572006.506287 5104930.355566 -1810.8311
1572006.506287 5104729.250850 -1805.8497
1572006.506287 5104528.146135 -1801.9221
1572206.801740 5107142.507438 -2037.7646
1572206.801740 5106941.402723 -2027.3164
1572206.801740 5106740.298007 -2011.1499
1572206.801740 5106539.193291 -1987.8700
1572206.801740 5106338.088576 -1954.7289
1572206.801740 5106136.983860 -1902.0953
1572206.801740 5105935.879144 -1854.3333
1572206.801740 5105734.774429 -1812.3066
1572206.801740 5105533.669713 -1811.2070
1572206.801740 5105332.564997 -1803.0498
1572206.801740 5105131.460282 -1796.4133
1572206.801740 5104930.355566 -1792.5538
1572206.801740 5104729.250850 -1790.1909
1572407.097193 5106941.402723 -2004.2103
1572407.097193 5106740.298007 -1983.2604
1572407.097193 5106539.193291 -1954.5079
1572407.097193 5106338.088576 -1915.8499
1572407.097193 5106136.983860 -1865.4396
1572407.097193 5105935.879144 -1811.4530
1572407.097193 5105734.774429 -1803.9818
1572407.097193 5105533.669713 -1787.8190
1572407.097193 5105332.564997 -1787.8214
1572407.097193 5105131.460282 -1781.1570
1572407.097193 5104930.355566 -1779.3256
1572607.392646 5106941.402723 -1984.1200
1572607.392646 5106740.298007 -1960.8939
1572607.392646 5106539.193291 -1931.0413
1572607.392646 5106338.088576 -1894.3890
1572607.392646 5106136.983860 -1853.1531
1572607.392646 5105935.879144 -1816.1552
1572607.392646 5105734.774429 -1799.6790
1572607.392646 5105533.669713 -1793.5085
1572607.392646 5105332.564997 -1779.1538
1572607.392646 5105131.460282 -1772.5087
1572607.392646 5104930.355566 -1772.6761
1572807.688098 5106740.298007 -1944.8792
1572807.688098 5106539.193291 -1916.7690
1572807.688098 5106338.088576 -1884.8380
1572807.688098 5106136.983860 -1852.1613
1572807.688098 5105935.879144 -1824.8518
1572807.688098 5105734.774429 -1809.5881
1572807.688098 5105533.669713 -1803.0236
1572807.688098 5105332.564997 -1781.8206
1572807.688098 5105131.460282 -1772.3203
1573007.983551 5106539.193291 -1909.0071
1573007.983551 5106338.088576 -1881.8892
1573007.983551 5106136.983860 -1855.4558
1573007.983551 5105935.879144 -1833.2944
1573007.983551 5105734.774429 -1817.9359
1573007.983551 5105533.669713 -1806.9698
1573007.983551 5105332.564997 -1794.2017
1573208.279004 5106338.088576 -1882.2134
1573208.279004 5106136.983860 -1860.1384
1573208.279004 5105935.879144 -1841.0499
1573208.279004 5105734.774429 -1825.9291
1573208.279004 5105533.669713 -1813.4686
1573408.574456 5106136.983860 -1865.0264
1573408.574456 5105935.879144 -1848.1301
1573408.574456 5105734.774429 -1833.7712
1573408.574456 5105533.669713 -1821.4375
1573608.869909 5105935.879144 -1854.3630
1573608.869909 5105734.774429 -1840.9303
