1557384.938239 5118203.266799 -1389.5044
1557384.938239 5118002.162084 -1390.0662
1557585.233691 5118404.371515 -1390.6732
1557585.233691 5118203.266799 -1391.4554
1557585.233691 5118002.162084 -1391.6622
1557585.233691 5117801.057368 -1391.7502
1557785.529144 5118605.476231 -1391.3771
1557785.529144 5118404.371515 -1393.1001
1557785.529144 5118203.266799 -1393.4202
1557785.529144 5118002.162084 -1393.1016
1557785.529144 5117801.057368 -1392.7736
1557785.529144 5117599.952653 -1392.8076
1557985.824597 5118806.580946 -1390.0070
1557985.824597 5118605.476231 -1394.2533
1557985.824597 5118404.371515 -1395.5903
1557985.824597 5118203.266799 -1395.1219
1557985.824597 5118002.162084 -1394.0850
1557985.824597 5117801.057368 -1393.3037
1557985.824597 5117599.952653 -1393.1514
1557985.824597 5117398.847937 -1393.6899
1558186.120050 5119007.685662 -1383.0049
1558186.120050 5118806.580946 -1392.5217
1558186.120050 5118605.476231 -1397.3419
1558186.120050 5118404.371515 -1397.7399
1558186.120050 5118203.266799 -1396.0471
1558186.120050 5118002.162084 -1394.1652
1558186.120050 5117801.057368 -1393.0353
1558186.120050 5117599.952653 -1392.9023
1558186.120050 5117398.847937 -1393.6558
1558186.120050 5117197.743221 -1395.0640
1558386.415502 5119208.790378 -1371.5001
1558386.415502 5119007.685662 -1381.2169
1558386.415502 5118806.580946 -1395.2234
1558386.415502 5118605.476231 -1400.1453
1558386.415502 5118404.371515 -1398.6857
1558386.415502 5118203.266799 -1395.3840
1558386.415502 5118002.162084 -1392.7997
1558386.415502 5117801.057368 -1391.7034
1558386.415502 5117599.952653 -1391.9908
1558386.415502 5117398.847937 -1393.2811
1558386.415502 5117197.743221 -1395.1875
1558586.710955 5119409.895093 -1362.8910
1558586.710955 5119208.790378 -1368.1964
1558586.710955 5119007.685662 -1384.4080
1558586.710955 5118806.580946 -1384.2019
1558586.710955 5118605.476231 -1400.9447
1558586.710955 5118404.371515 -1396.8604
1558586.710955 5118203.266799 -1392.1617
1558586.710955 5118002.162084 -1389.6095
1558586.710955 5117801.057368 -1389.3059
1558586.710955 5117599.952653 -1390.5900
1558586.710955 5117398.847937 -1392.7839
1558586.710955 5117197.743221 -1395.3899
1558586.710955 5116996.638506 -1398.0957
1558787.006408 5119610.999809 -1359.2345
1558787.006408 5119409.895093 -1363.2216
1558787.006408 5119208.790378 -1368.0071
1558787.006408 5119007.685662 -1374.9749
1558787.006408 5118806.580946 -1383.1077
1558787.006408 5118605.476231 -1386.6670
1558787.006408 5118404.371515 -1390.6843
1558787.006408 5118203.266799 -1386.1106
1558787.006408 5118002.162084 -1384.9982
1558787.006408 5117801.057368 -1386.4467
1558787.006408 5117599.952653 -1389.2634
1558787.006408 5117398.847937 -1392.6078
1558787.006408 5117197.743221 -1395.9838
1558787.006408 5116996.638506 -1399.1510
1558787.006408 5116795.533790 -1402.0313
1558987.301860 5119610.999809 -1361.7084
1558987.301860 5119409.895093 -1365.7089
1558987.301860 5119208.790378 -1370.4746
1558987.301860 5119007.685662 -1376.7596
1558987.301860 5118806.580946 -1384.6610
1558987.301860 5118605.476231 -1386.8628
1558987.301860 5118404.371515 -1389.4093
1558987.301860 5118203.266799 -1379.8279
1558987.301860 5118002.162084 -1381.0095
1558987.301860 5117801.057368 -1384.5684
1558987.301860 5117599.952653 -1388.9526
1558987.301860 5117398.847937 -1393.3359
1558987.301860 5117197.743221 -1397.3092
1558987.301860 5116996.638506 -1400.7522
1558987.301860 5116795.533790 -1403.7079
1558987.301860 5116594.429074 -1406.2766
1559187.597313 5119409.895093 -1369.3416
1559187.597313 5119208.790378 -1373.9987
1559187.597313 5119007.685662 -1379.6267
1559187.597313 5118806.580946 -1385.8312
1559187.597313 5118605.476231 -1390.2902
1559187.597313 5118404.371515 -1387.3373
1559187.597313 5118203.266799 -1388.4884
1559187.597313 5118002.162084 -1380.9576
1559187.597313 5117801.057368 -1385.3922
1559187.597313 5117599.952653 -1390.5308
1559187.597313 5117398.847937 -1395.4037
1559187.597313 5117197.743221 -1399.5552
1559187.597313 5116996.638506 -1402.9430
1559187.597313 5116795.533790 -1405.7272
1559187.597313 5116594.429074 -1408.0989
1559187.597313 5116393.324359 -1410.1998
1559387.892766 5119208.790378 -1377.4580
1559387.892766 5119007.685662 -1382.1952
1559387.892766 5118806.580946 -1386.9230
1559387.892766 5118605.476231 -1390.2120
1559387.892766 5118404.371515 -1390.1199
1559387.892766 5118203.266799 -1388.5900
1559387.892766 5118002.162084 -1385.9042
1559387.892766 5117801.057368 -1389.0635
1559387.892766 5117599.952653 -1393.9092
1559387.892766 5117398.847937 -1398.6807
1559387.892766 5117197.743221 -1402.5548
1559387.892766 5116996.638506 -1405.5311
1559387.892766 5116795.533790 -1407.8945
1559387.892766 5116594.429074 -1409.9191
1559387.892766 5116393.324359 -1411.7678
1559387.892766 5116192.219643 -1413.4984
1559588.188219 5119007.685662 -1384.1343
1559588.188219 5118806.580946 -1387.5333
1559588.188219 5118605.476231 -1389.7783
1559588.188219 5118404.371515 -1390.0862
1559588.188219 5118203.266799 -1388.9063
1559588.188219 5118002.162084 -1388.3339
1559588.188219 5117801.057368 -1392.4440
1559588.188219 5117599.952653 -1397.5649
1559588.188219 5117398.847937 -1402.3363
1559588.188219 5117197.743221 -1405.7253
1559588.188219 5116996.638506 -1408.0615
1559588.188219 5116795.533790 -1409.8571
1559588.188219 5116594.429074 -1411.4780
1559588.188219 5116393.324359 -1413.0750
1559588.188219 5116192.219643 -1414.6482
1559588.188219 5115991.114927 -1416.1445
1559788.483671 5118806.580946 -1387.8374
1559788.483671 5118605.476231 -1389.1788
1559788.483671 5118404.371515 -1389.3882
1559788.483671 5118203.266799 -1389.0879
1559788.483671 5118002.162084 -1390.0438
1559788.483671 5117801.057368 -1393.5634
1559788.483671 5117599.952653 -1399.9561
1559788.483671 5117398.847937 -1405.3215
1559788.483671 5117197.743221 -1408.2339
1559788.483671 5116996.638506 -1409.9197
1559788.483671 5116795.533790 -1411.1918
1559788.483671 5116594.429074 -1412.5082
1559788.483671 5116393.324359 -1413.9677
1559788.483671 5116192.219643 -1415.4677
1559788.483671 5115991.114927 -1416.8856
1559788.483671 5115790.010212 -1418.1658
1559988.779124 5118605.476231 -1388.6686
1559988.779124 5118404.371515 -1388.4095
1559988.779124 5118203.266799 -1387.8839
1559988.779124 5118002.162084 -1388.3297
1559988.779124 5117801.057368 -1391.4165
1559988.779124 5117599.952653 -1398.0986
1559988.779124 5117398.847937 -1406.3879
1559988.779124 5117197.743221 -1409.0907
1559988.779124 5116996.638506 -1410.5228
1559988.779124 5116795.533790 -1411.5796
1559988.779124 5116594.429074 -1412.8735
1559988.779124 5116393.324359 -1414.4260
1559988.779124 5116192.219643 -1415.9785
1559988.779124 5115991.114927 -1417.3450
1559988.779124 5115790.010212 -1418.4968
1559988.779124 5115588.905496 -1419.5042
1560189.074577 5118404.371515 -1387.8827
1560189.074577 5118203.266799 -1386.6384
1560189.074577 5118002.162084 -1385.4539
1560189.074577 5117801.057368 -1384.9537
1560189.074577 5117599.952653 -1402.9685
1560189.074577 5117398.847937 -1404.2693
1560189.074577 5117197.743221 -1407.4570
1560189.074577 5116996.638506 -1409.8192
1560189.074577 5116795.533790 -1411.1228
1560189.074577 5116594.429074 -1412.7642
1560189.074577 5116393.324359 -1414.6835
1560189.074577 5116192.219643 -1416.3795
1560189.074577 5115991.114927 -1417.6350
1560189.074577 5115790.010212 -1418.5463
1560189.074577 5115588.905496 -1419.3187
1560189.074577 5115387.800780 -1420.1199
1560389.370030 5118203.266799 -1387.5454
1560389.370030 5118002.162084 -1386.5596
1560389.370030 5117801.057368 -1386.8582
1560389.370030 5117599.952653 -1390.7882
1560389.370030 5117398.847937 -1405.6787
1560389.370030 5117197.743221 -1405.5645
1560389.370030 5116996.638506 -1409.4836
1560389.370030 5116795.533790 -1410.7140
1560389.370030 5116594.429074 -1412.8575
1560389.370030 5116393.324359 -1415.3119
1560389.370030 5116192.219643 -1417.0552
1560389.370030 5115991.114927 -1417.9418
1560389.370030 5115790.010212 -1418.3589
1560389.370030 5115588.905496 -1418.7363
1560389.370030 5115387.800780 -1419.3320
1560389.370030 5115186.696065 -1420.2224
1560589.665482 5118002.162084 -1390.6058
1560589.665482 5117801.057368 -1392.1501
1560589.665482 5117599.952653 -1396.4514
1560589.665482 5117398.847937 -1403.5752
1560589.665482 5117197.743221 -1407.9154
1560589.665482 5116996.638506 -1415.2148
1560589.665482 5116795.533790 -1411.7582
1560589.665482 5116594.429074 -1414.2737
1560589.665482 5116393.324359 -1417.1643
1560589.665482 5116192.219643 -1418.4639
1560589.665482 5115991.114927 -1418.4043
1560589.665482 5115790.010212 -1417.9138
1560589.665482 5115588.905496 -1417.7026
1560589.665482 5115387.800780 -1418.0623
1560589.665482 5115186.696065 -1418.9884
1560589.665482 5114985.591349 -1420.3390
1560789.960935 5118002.162084 -1396.0286
1560789.960935 5117801.057368 -1398.6168
1560789.960935 5117599.952653 -1403.2518
1560789.960935 5117398.847937 -1409.5281
1560789.960935 5117197.743221 -1415.1398
1560789.960935 5116996.638506 -1415.2505
1560789.960935 5116795.533790 -1416.4714
1560789.960935 5116594.429074 -1418.5062
1560789.960935 5116393.324359 -1421.0406
1560789.960935 5116192.219643 -1420.7599
1560789.960935 5115991.114927 -1418.8625
1560789.960935 5115790.010212 -1417.0155
1560789.960935 5115588.905496 -1416.1177
1560789.960935 5115387.800780 -1416.3206
1560789.960935 5115186.696065 -1417.4150
1560789.960935 5114985.591349 -1419.0963
1560789.960935 5114784.486633 -1421.0884
1560990.256388 5117801.057368 -1404.9114
1560990.256388 5117599.952653 -1409.8365
1560990.256388 5117398.847937 -1416.2402
1560990.256388 5117197.743221 -1423.4592
1560990.256388 5116996.638506 -1431.2749
1560990.256388 5116795.533790 -1422.3646
1560990.256388 5116594.429074 -1425.5247
1560990.256388 5116393.324359 -1426.2583
1560990.256388 5116192.219643 -1422.9614
1560990.256388 5115991.114927 -1418.5563
1560990.256388 5115790.010212 -1415.2726
1560990.256388 5115588.905496 -1413.9189
1560990.256388 5115387.800780 -1414.2443
1560990.256388 5115186.696065 -1415.7269
1560990.256388 5114985.591349 -1417.8794
1560990.256388 5114784.486633 -1420.3352
1560990.256388 5114583.381918 -1422.8505
1561190.551840 5117599.952653 -1414.7358
1561190.551840 5117398.847937 -1420.2183
1561190.551840 5117197.743221 -1425.7266
1561190.551840 5116996.638506 -1429.6658
1561190.551840 5116795.533790 -1428.3540
1561190.551840 5116594.429074 -1424.6416
1561190.551840 5116393.324359 -1422.3551
1561190.551840 5116192.219643 -1422.1213
1561190.551840 5115991.114927 -1416.3737
1561190.551840 5115790.010212 -1412.4905
1561190.551840 5115588.905496 -1411.3969
1561190.551840 5115387.800780 -1412.2844
1561190.551840 5115186.696065 -1414.3691
1561190.551840 5114985.591349 -1417.0665
1561190.551840 5114784.486633 -1419.9840
1561190.551840 5114583.381918 -1422.8843
1561190.551840 5114382.277202 -1425.6317
1561390.847293 5117398.847937 -1422.0751
1561390.847293 5117197.743221 -1425.4510
1561390.847293 5116996.638506 -1426.4866
1561390.847293 5116795.533790 -1423.1436
1561390.847293 5116594.429074 -1415.6628
1561390.847293 5116393.324359 -1421.9778
1561390.847293 5116192.219643 -1419.5170
1561390.847293 5115991.114927 -1413.3193
1561390.847293 5115790.010212 -1409.8325
1561390.847293 5115588.905496 -1409.7443
1561390.847293 5115387.800780 -1411.3881
1561390.847293 5115186.696065 -1414.0298
1561390.847293 5114985.591349 -1417.1417
1561390.847293 5114784.486633 -1420.3693
1561390.847293 5114583.381918 -1423.5145
1561390.847293 5114382.277202 -1426.4722
1561591.142746 5117197.743221 -1425.4375
1561591.142746 5116996.638506 -1425.9027
1561591.142746 5116795.533790 -1424.0892
1561591.142746 5116594.429074 -1421.4413
1561591.142746 5116393.324359 -1422.5339
1561591.142746 5116192.219643 -1416.4432
1561591.142746 5115991.114927 -1416.9130
1561591.142746 5115790.010212 -1410.7327
1561591.142746 5115588.905496 -1411.2841
1561591.142746 5115387.800780 -1412.8478
1561591.142746 5115186.696065 -1415.4512
1561591.142746 5114985.591349 -1418.5446
1561591.142746 5114784.486633 -1421.7494
1561591.142746 5114583.381918 -1424.8944
1561591.142746 5114382.277202 -1427.8951
1561591.142746 5114181.172486 -1430.6777
1561791.438199 5116996.638506 -1427.3339
1561791.438199 5116795.533790 -1427.6528
1561791.438199 5116594.429074 -1428.4106
1561791.438199 5116393.324359 -1431.3354
1561791.438199 5116192.219643 -1434.8715
1561791.438199 5115991.114927 -1417.6990
1561791.438199 5115790.010212 -1420.1685
1561791.438199 5115588.905496 -1418.3794
1561791.438199 5115387.800780 -1417.3190
1561791.438199 5115186.696065 -1418.9192
1561791.438199 5114985.591349 -1421.4132
1561791.438199 5114784.486633 -1424.1650
1561791.438199 5114583.381918 -1427.0137
1561791.438199 5114382.277202 -1429.8795
1561791.438199 5114181.172486 -1432.6487
1561791.438199 5113980.067771 -1435.1643
1561991.733651 5116795.533790 -1431.2028
1561991.733651 5116594.429074 -1433.6711
1561991.733651 5116393.324359 -1437.1436
1561991.733651 5116192.219643 -1440.1664
1561991.733651 5115991.114927 -1439.2155
1561991.733651 5115790.010212 -1424.8838
1561991.733651 5115588.905496 -1428.5400
1561991.733651 5115387.800780 -1422.8994
1561991.733651 5115186.696065 -1423.8196
1561991.733651 5114985.591349 -1425.4115
1561991.733651 5114784.486633 -1427.3331
1561991.733651 5114583.381918 -1429.6381
1561991.733651 5114382.277202 -1432.2543
1561991.733651 5114181.172486 -1434.9889
1561991.733651 5113980.067771 -1437.5503
1561991.733651 5113778.963055 -1439.6616
1562192.029104 5116594.429074 -1436.7524
1562192.029104 5116393.324359 -1440.1271
1562192.029104 5116192.219643 -1442.7394
1562192.029104 5115991.114927 -1442.9141
1562192.029104 5115790.010212 -1440.3440
1562192.029104 5115588.905496 -1426.1453
1562192.029104 5115387.800780 -1428.5795
1562192.029104 5115186.696065 -1429.6765
1562192.029104 5114985.591349 -1429.8942
1562192.029104 5114784.486633 -1430.6506
1562192.029104 5114583.381918 -1432.3135
1562192.029104 5114382.277202 -1434.7090
1562192.029104 5114181.172486 -1437.5258
1562192.029104 5113980.067771 -1440.2448
1562192.029104 5113778.963055 -1442.4010
1562192.029104 5113577.858339 -1443.7561
1562392.324557 5116393.324359 -1440.9849
1562392.324557 5116192.219643 -1443.0729
1562392.324557 5115991.114927 -1443.2667
1562392.324557 5115790.010212 -1441.0258
1562392.324557 5115588.905496 -1436.3370
1562392.324557 5115387.800780 -1424.6672
1562392.324557 5115186.696065 -1437.5087
1562392.324557 5114985.591349 -1433.5563
1562392.324557 5114784.486633 -1433.1772
1562392.324557 5114583.381918 -1434.4519
1562392.324557 5114382.277202 -1436.8557
1562392.324557 5114181.172486 -1440.0667
1562392.324557 5113980.067771 -1443.1884
1562392.324557 5113778.963055 -1445.4729
1562392.324557 5113577.858339 -1446.6323
1562392.324557 5113376.753624 -1446.7439
1562592.620009 5116192.219643 -1442.2203
1562592.620009 5115991.114927 -1442.4502
1562592.620009 5115790.010212 -1441.0161
1562592.620009 5115588.905496 -1438.4402
1562592.620009 5115387.800780 -1436.7419
1562592.620009 5115186.696065 -1438.0403
1562592.620009 5114985.591349 -1434.1034
1562592.620009 5114784.486633 -1434.0612
1562592.620009 5114583.381918 -1435.6552
1562592.620009 5114382.277202 -1438.3369
1562592.620009 5114181.172486 -1442.4879
1562592.620009 5113980.067771 -1446.3917
1562592.620009 5113778.963055 -1448.8816
1562592.620009 5113577.858339 -1449.7279
1562592.620009 5113376.753624 -1449.2324
1562592.620009 5113175.648908 -1447.8495
1562792.915462 5115991.114927 -1441.1530
1562792.915462 5115790.010212 -1440.3538
1562792.915462 5115588.905496 -1438.9159
1562792.915462 5115387.800780 -1437.8438
1562792.915462 5115186.696065 -1437.6068
1562792.915462 5114985.591349 -1433.5256
1562792.915462 5114784.486633 -1435.4093
1562792.915462 5114583.381918 -1436.1938
1562792.915462 5114382.277202 -1438.8057
1562792.915462 5114181.172486 -1444.8346
1562792.915462 5113980.067771 -1449.9930
1562792.915462 5113778.963055 -1452.6301
1562792.915462 5113577.858339 -1452.9000
1562792.915462 5113376.753624 -1451.5476
1562792.915462 5113175.648908 -1449.3102
1562792.915462 5112974.544192 -1446.7174
1562993.210915 5115790.010212 -1439.1530
1562993.210915 5115588.905496 -1438.0704
1562993.210915 5115387.800780 -1436.7710
1562993.210915 5115186.696065 -1435.1732
1562993.210915 5114985.591349 -1432.3492
1562993.210915 5114784.486633 -1433.4069
1562993.210915 5114583.381918 -1432.6975
1562993.210915 5114382.277202 -1437.4375
1562993.210915 5114181.172486 -1447.5135
1562993.210915 5113980.067771 -1454.2379
1562993.210915 5113778.963055 -1456.5791
1562993.210915 5113577.858339 -1455.7997
1562993.210915 5113376.753624 -1453.3102
1562993.210915 5113175.648908 -1450.1290
1562993.210915 5112974.544192 -1446.8392
1562993.210915 5112773.439477 -1443.7318
1563193.506368 5115588.905496 -1436.8618
1563193.506368 5115387.800780 -1435.5380
1563193.506368 5115186.696065 -1434.0397
1563193.506368 5114985.591349 -1432.8696
1563193.506368 5114784.486633 -1434.2312
1563193.506368 5114583.381918 -1438.0623
1563193.506368 5114382.277202 -1436.1339
1563193.506368 5114181.172486 -1452.0061
1563193.506368 5113980.067771 -1459.0582
1563193.506368 5113778.963055 -1460.0363
1563193.506368 5113577.858339 -1457.6873
1563193.506368 5113376.753624 -1453.9398
1563193.506368 5113175.648908 -1449.9348
1563193.506368 5112974.544192 -1446.1530
1563193.506368 5112773.439477 -1442.7660
1563193.506368 5112572.334761 -1439.8240
1563393.801820 5115387.800780 -1434.4873
1563393.801820 5115186.696065 -1433.0055
1563393.801820 5114985.591349 -1431.7810
1563393.801820 5114784.486633 -1431.5004
1563393.801820 5114583.381918 -1431.7560
1563393.801820 5114382.277202 -1437.1049
1563393.801820 5114181.172486 -1443.5381
1563393.801820 5113980.067771 -1461.7388
1563393.801820 5113778.963055 -1461.0559
1563393.801820 5113577.858339 -1457.3928
1563393.801820 5113376.753624 -1452.7944
1563393.801820 5113175.648908 -1448.4606
1563393.801820 5112974.544192 -1444.6038
1563393.801820 5112773.439477 -1441.2440
1563393.801820 5112572.334761 -1438.3909
1563393.801820 5112371.230045 -1435.9919
1563594.097273 5115186.696065 -1432.4329
1563594.097273 5114985.591349 -1431.0134
1563594.097273 5114784.486633 -1430.0050
1563594.097273 5114583.381918 -1429.7693
1563594.097273 5114382.277202 -1432.1890
1563594.097273 5114181.172486 -1447.1626
1563594.097273 5113980.067771 -1446.8060
1563594.097273 5113778.963055 -1457.3929
1563594.097273 5113577.858339 -1454.2206
1563594.097273 5113376.753624 -1449.7045
1563594.097273 5113175.648908 -1445.8799
1563594.097273 5112974.544192 -1442.4625
1563594.097273 5112773.439477 -1439.4150
1563594.097273 5112572.334761 -1436.8536
1563594.097273 5112371.230045 -1434.7546
1563594.097273 5112170.125330 -1432.9475
1563794.392726 5115186.696065 -1432.7231
1563794.392726 5114985.591349 -1431.5087
1563794.392726 5114784.486633 -1430.7233
1563794.392726 5114583.381918 -1431.0164
1563794.392726 5114382.277202 -1433.7827
1563794.392726 5114181.172486 -1440.8424
1563794.392726 5113980.067771 -1448.9263
1563794.392726 5113778.963055 -1449.9050
1563794.392726 5113577.858339 -1450.0533
1563794.392726 5113376.753624 -1445.6646
1563794.392726 5113175.648908 -1443.1897
1563794.392726 5112974.544192 -1440.4514
1563794.392726 5112773.439477 -1437.7246
1563794.392726 5112572.334761 -1435.5265
1563794.392726 5112371.230045 -1433.8645
1563794.392726 5112170.125330 -1432.4392
1563794.392726 5111969.020614 -1430.9291
1563994.688178 5114985.591349 -1433.1447
1563994.688178 5114784.486633 -1433.0051
1563994.688178 5114583.381918 -1434.0422
1563994.688178 5114382.277202 -1437.0853
1563994.688178 5114181.172486 -1442.5690
1563994.688178 5113980.067771 -1448.6815
1563994.688178 5113778.963055 -1453.1134
1563994.688178 5113577.858339 -1454.6249
1563994.688178 5113376.753624 -1442.3879
1563994.688178 5113175.648908 -1442.3278
1563994.688178 5112974.544192 -1439.5793
1563994.688178 5112773.439477 -1436.6118
1563994.688178 5112572.334761 -1434.6969
1563994.688178 5112371.230045 -1433.6110
1563994.688178 5112170.125330 -1432.6985
1563994.688178 5111969.020614 -1431.4250
1563994.688178 5111767.915898 -1429.5468
1564194.983631 5114784.486633 -1435.9136
1564194.983631 5114583.381918 -1437.5673
1564194.983631 5114382.277202 -1440.7819
1564194.983631 5114181.172486 -1445.5581
1564194.983631 5113980.067771 -1450.7754
1564194.983631 5113778.963055 -1454.3235
1564194.983631 5113577.858339 -1451.7240
1564194.983631 5113376.753624 -1450.8882
1564194.983631 5113175.648908 -1446.2820
1564194.983631 5112974.544192 -1440.3358
1564194.983631 5112773.439477 -1436.0291
1564194.983631 5112572.334761 -1434.4824
1564194.983631 5112371.230045 -1434.2714
1564194.983631 5112170.125330 -1434.0348
1564194.983631 5111969.020614 -1432.9675
1564194.983631 5111767.915898 -1430.8250
1564194.983631 5111566.811183 -1427.7625
1564395.279084 5114583.381918 -1440.7024
1564395.279084 5114382.277202 -1443.8785
1564395.279084 5114181.172486 -1448.0399
1564395.279084 5113980.067771 -1452.3455
1564395.279084 5113778.963055 -1455.3217
1564395.279084 5113577.858339 -1455.2488
1564395.279084 5113376.753624 -1453.5453
1564395.279084 5113175.648908 -1458.7788
1564395.279084 5112974.544192 -1440.2139
1564395.279084 5112773.439477 -1435.0308
1564395.279084 5112572.334761 -1434.9672
1564395.279084 5112371.230045 -1436.2129
1564395.279084 5112170.125330 -1436.7805
1564395.279084 5111969.020614 -1435.7450
1564395.279084 5111767.915898 -1433.0095
1564395.279084 5111566.811183 -1428.9899
1564595.574537 5114382.277202 -1445.9259
1564595.574537 5114181.172486 -1449.4653
1564595.574537 5113980.067771 -1452.9376
1564595.574537 5113778.963055 -1455.3175
1564595.574537 5113577.858339 -1455.5303
1564595.574537 5113376.753624 -1453.1882
1564595.574537 5113175.648908 -1448.5046
1564595.574537 5112974.544192 -1441.0292
1564595.574537 5112773.439477 -1433.8918
1564595.574537 5112572.334761 -1437.1923
1564595.574537 5112371.230045 -1440.0947
1564595.574537 5112170.125330 -1441.2338
1564595.574537 5111969.020614 -1439.7609
1564595.574537 5111767.915898 -1435.8896
1564595.574537 5111566.811183 -1430.4387
1564595.574537 5111365.706467 -1424.3224
1564795.869989 5114181.172486 -1449.7585
1564795.869989 5113980.067771 -1452.5514
1564795.869989 5113778.963055 -1454.5229
1564795.869989 5113577.858339 -1455.0485
1564795.869989 5113376.753624 -1453.8949
1564795.869989 5113175.648908 -1451.1958
1564795.869989 5112974.544192 -1447.1234
1564795.869989 5112773.439477 -1447.6736
1564795.869989 5112572.334761 -1443.7083
1564795.869989 5112371.230045 -1446.3242
1564795.869989 5112170.125330 -1447.2517
1564795.869989 5111969.020614 -1444.5557
1564795.869989 5111767.915898 -1438.8125
1564795.869989 5111566.811183 -1431.4143
1564795.869989 5111365.706467 -1423.6223
1564795.869989 5111164.601751 -1416.2957
1564996.165442 5113980.067771 -1451.1669
1564996.165442 5113778.963055 -1452.7759
1564996.165442 5113577.858339 -1453.4333
1564996.165442 5113376.753624 -1453.0208
1564996.165442 5113175.648908 -1451.6604
1564996.165442 5112974.544192 -1449.5044
1564996.165442 5112773.439477 -1447.4109
1564996.165442 5112572.334761 -1447.3721
1564996.165442 5112371.230045 -1452.4231
1564996.165442 5112170.125330 -1453.5637
1564996.165442 5111969.020614 -1448.8619
1564996.165442 5111767.915898 -1440.4746
1564996.165442 5111566.811183 -1430.7593
1564996.165442 5111365.706467 -1421.2834
1564996.165442 5111164.601751 -1412.8665
1564996.165442 5110963.497036 -1405.8435
1565196.460895 5113778.963055 -1449.9640
1565196.460895 5113577.858339 -1450.4684
1565196.460895 5113376.753624 -1450.2458
1565196.460895 5113175.648908 -1449.3918
1565196.460895 5112974.544192 -1448.0919
1565196.460895 5112773.439477 -1446.8528
1565196.460895 5112572.334761 -1448.3762
1565196.460895 5112371.230045 -1457.9388
1565196.460895 5112170.125330 -1458.7345
1565196.460895 5111969.020614 -1450.4927
1565196.460895 5111767.915898 -1438.7816
1565196.460895 5111566.811183 -1426.8704
1565196.460895 5111365.706467 -1416.2358
1565196.460895 5111164.601751 -1407.3489
1565196.460895 5110963.497036 -1400.2357
1565196.460895 5110762.392320 -1394.7791
1565396.756348 5113577.858339 -1446.2092
1565396.756348 5113376.753624 -1445.7789
1565396.756348 5113175.648908 -1445.0587
1565396.756348 5112974.544192 -1444.6149
1565396.756348 5112773.439477 -1445.7340
1565396.756348 5112572.334761 -1450.9536
1565396.756348 5112371.230045 -1457.1665
1565396.756348 5112170.125330 -1459.1506
1565396.756348 5111969.020614 -1445.2753
1565396.756348 5111767.915898 -1430.7325
1565396.756348 5111566.811183 -1417.9690
1565396.756348 5111365.706467 -1407.5759
1565396.756348 5111164.601751 -1399.3630
1565396.756348 5110963.497036 -1392.9832
1565396.756348 5110762.392320 -1388.1719
1565396.756348 5110561.287604 -1384.7710
1565597.051800 5113376.753624 -1439.6732
1565597.051800 5113175.648908 -1438.2622
1565597.051800 5112974.544192 -1437.0787
1565597.051800 5112773.439477 -1437.0505
1565597.051800 5112572.334761 -1439.2749
1565597.051800 5112371.230045 -1450.6451
1565597.051800 5112170.125330 -1435.6157
1565597.051800 5111969.020614 -1426.1161
1565597.051800 5111767.915898 -1413.3452
1565597.051800 5111566.811183 -1403.0764
1565597.051800 5111365.706467 -1395.2480
1565597.051800 5111164.601751 -1389.2025
1565597.051800 5110963.497036 -1384.4419
1565597.051800 5110762.392320 -1380.7710
1565597.051800 5110561.287604 -1378.1843
1565597.051800 5110360.182889 -1376.7202
1565797.347253 5113175.648908 -1429.4332
1565797.347253 5112974.544192 -1426.0649
1565797.347253 5112773.439477 -1422.3882
1565797.347253 5112572.334761 -1418.2216
1565797.347253 5112371.230045 -1412.2543
1565797.347253 5112170.125330 -1415.7957
1565797.347253 5111969.020614 -1388.7289
1565797.347253 5111767.915898 -1387.9587
1565797.347253 5111566.811183 -1383.9747
1565797.347253 5111365.706467 -1380.9268
1565797.347253 5111164.601751 -1378.1963
1565797.347253 5110963.497036 -1375.5570
1565797.347253 5110762.392320 -1373.1952
1565797.347253 5110561.287604 -1371.4597
1565797.347253 5110360.182889 -1370.6392
1565797.347253 5110159.078173 -1370.8646
1565997.642706 5112974.544192 -1414.1193
1565997.642706 5112773.439477 -1406.7460
1565997.642706 5112572.334761 -1397.1055
1565997.642706 5112371.230045 -1383.9010
1565997.642706 5112170.125330 -1366.2020
1565997.642706 5111969.020614 -1372.8252
1565997.642706 5111767.915898 -1371.2489
1565997.642706 5111566.811183 -1366.1503
1565997.642706 5111365.706467 -1368.2076
1565997.642706 5111164.601751 -1368.5950
1565997.642706 5110963.497036 -1367.6802
1565997.642706 5110762.392320 -1366.2256
1565997.642706 5110561.287604 -1365.0417
1565997.642706 5110360.182889 -1364.6895
1565997.642706 5110159.078173 -1365.4069
1565997.642706 5109957.973457 -1367.2072
1566197.938158 5112773.439477 -1394.3513
1566197.938158 5112572.334761 -1382.7804
1566197.938158 5112371.230045 -1369.1456
1566197.938158 5112170.125330 -1355.3943
1566197.938158 5111969.020614 -1348.3269
1566197.938158 5111767.915898 -1368.4875
1566197.938158 5111566.811183 -1356.6477
1566197.938158 5111365.706467 -1361.3051
1566197.938158 5111164.601751 -1362.5914
1566197.938158 5110963.497036 -1361.9634
1566197.938158 5110762.392320 -1360.4639
1566197.938158 5110561.287604 -1359.2610
1566197.938158 5110360.182889 -1359.0886
1566197.938158 5110159.078173 -1360.1642
1566197.938158 5109957.973457 -1362.4362
1566197.938158 5109756.868742 -1365.7731
1566398.233611 5112572.334761 -1375.2412
1566398.233611 5112371.230045 -1363.7719
1566398.233611 5112170.125330 -1354.3209
1566398.233611 5111969.020614 -1350.9645
1566398.233611 5111767.915898 -1355.8574
1566398.233611 5111566.811183 -1360.3951
1566398.233611 5111365.706467 -1364.4196
1566398.233611 5111164.601751 -1360.4005
1566398.233611 5110963.497036 -1358.5177
1566398.233611 5110762.392320 -1355.9785
1566398.233611 5110561.287604 -1354.2030
1566398.233611 5110360.182889 -1353.9900
1566398.233611 5110159.078173 -1355.3278
1566398.233611 5109957.973457 -1357.9857
1566398.233611 5109756.868742 -1361.7953
1566398.233611 5109555.764026 -1366.6395
1566598.529064 5112572.334761 -1372.3459
1566598.529064 5112371.230045 -1363.2426
1566598.529064 5112170.125330 -1356.5773
1566598.529064 5111969.020614 -1354.4214
1566598.529064 5111767.915898 -1356.9747
1566598.529064 5111566.811183 -1360.2562
1566598.529064 5111365.706467 -1362.5524
1566598.529064 5111164.601751 -1355.8425
1566598.529064 5110963.497036 -1356.2275
1566598.529064 5110762.392320 -1352.3889
1566598.529064 5110561.287604 -1349.8234
1566598.529064 5110360.182889 -1349.6045
1566598.529064 5110159.078173 -1351.2010
1566598.529064 5109957.973457 -1354.1243
1566598.529064 5109756.868742 -1358.2401
1566598.529064 5109555.764026 -1363.5660
1566598.529064 5109354.659310 -1370.0176
1566798.824517 5112371.230045 -1364.8553
1566798.824517 5112170.125330 -1359.7180
1566798.824517 5111969.020614 -1357.6278
1566798.824517 5111767.915898 -1358.1790
1566798.824517 5111566.811183 -1359.0231
1566798.824517 5111365.706467 -1357.7373
1566798.824517 5111164.601751 -1357.4795
1566798.824517 5110963.497036 -1356.3291
1566798.824517 5110762.392320 -1349.8595
1566798.824517 5110561.287604 -1346.4026
1566798.824517 5110360.182889 -1346.4836
1566798.824517 5110159.078173 -1348.3406
1566798.824517 5109957.973457 -1351.2513
1566798.824517 5109756.868742 -1355.3402
1566798.824517 5109555.764026 -1360.9430
1566798.824517 5109354.659310 -1368.1085
1566798.824517 5109153.554595 -1376.4565
1566999.119969 5112170.125330 -1363.0110
1566999.119969 5111969.020614 -1360.8013
1566999.119969 5111767.915898 -1360.2620
1566999.119969 5111566.811183 -1360.1467
1566999.119969 5111365.706467 -1359.3215
1566999.119969 5111164.601751 -1357.9717
1566999.119969 5110963.497036 -1358.2120
1566999.119969 5110762.392320 -1353.9183
1566999.119969 5110561.287604 -1345.0372
1566999.119969 5110360.182889 -1345.7906
1566999.119969 5110159.078173 -1347.5820
1566999.119969 5109957.973457 -1349.8315
1566999.119969 5109756.868742 -1353.2988
1566999.119969 5109555.764026 -1358.8820
1566999.119969 5109354.659310 -1366.7922
1566999.119969 5109153.554595 -1376.4333
1566999.119969 5108952.449879 -1386.7465
1567199.415422 5111969.020614 -1363.9724
1567199.415422 5111767.915898 -1363.0013
1567199.415422 5111566.811183 -1362.7236
1567199.415422 5111365.706467 -1362.7325
1567199.415422 5111164.601751 -1363.2615
1567199.415422 5110963.497036 -1364.6064
1567199.415422 5110762.392320 -1352.9269
1567199.415422 5110561.287604 -1352.1199
1567199.415422 5110360.182889 -1349.0890
1567199.415422 5110159.078173 -1349.6246
1567199.415422 5109957.973457 -1350.1112
1567199.415422 5109756.868742 -1352.1361
1567199.415422 5109555.764026 -1357.4156
1567199.415422 5109354.659310 -1366.2734
1567199.415422 5109153.554595 -1377.6379
1567199.415422 5108952.449879 -1389.7764
1567399.710875 5111767.915898 -1365.8282
1567399.710875 5111566.811183 -1365.4037
1567399.710875 5111365.706467 -1365.4117
1567399.710875 5111164.601751 -1365.5261
1567399.710875 5110963.497036 -1364.7118
1567399.710875 5110762.392320 -1359.8413
1567399.710875 5110561.287604 -1355.2931
1567399.710875 5110360.182889 -1355.4558
1567399.710875 5110159.078173 -1353.7000
1567399.710875 5109957.973457 -1351.7240
1567399.710875 5109756.868742 -1351.5992
1567399.710875 5109555.764026 -1356.5461
1567399.710875 5109354.659310 -1366.9177
1567399.710875 5109153.554595 -1380.7448
1567399.710875 5108952.449879 -1395.1890
1567399.710875 5108751.345164 -1408.0261
1567600.006327 5111566.811183 -1367.9158
1567600.006327 5111365.706467 -1367.6591
1567600.006327 5111164.601751 -1367.2596
1567600.006327 5110963.497036 -1365.8254
1567600.006327 5110762.392320 -1362.2632
1567600.006327 5110561.287604 -1357.8809
1567600.006327 5110360.182889 -1357.2502
1567600.006327 5110159.078173 -1362.3263
1567600.006327 5109957.973457 -1354.2522
1567600.006327 5109756.868742 -1351.5571
1567600.006327 5109555.764026 -1356.5980
1567600.006327 5109354.659310 -1369.5387
1567600.006327 5109153.554595 -1386.9165
1567600.006327 5108952.449879 -1404.1285
1567600.006327 5108751.345164 -1418.2263
1567600.006327 5108550.240448 -1428.2590
1567800.301780 5111365.706467 -1370.1417
1567800.301780 5111164.601751 -1369.7545
1567800.301780 5110963.497036 -1368.8066
1567800.301780 5110762.392320 -1367.0077
1567800.301780 5110561.287604 -1365.1799
1567800.301780 5110360.182889 -1364.9142
1567800.301780 5110159.078173 -1362.1565
1567800.301780 5109957.973457 -1361.6927
1567800.301780 5109756.868742 -1353.1211
1567800.301780 5109555.764026 -1359.0474
1567800.301780 5109354.659310 -1375.8602
1567800.301780 5109153.554595 -1398.0625
1567800.301780 5108952.449879 -1418.1124
1567800.301780 5108751.345164 -1432.5496
1567800.301780 5108550.240448 -1441.2329
1567800.301780 5108349.135732 -1445.3796
1568000.597233 5111164.601751 -1373.3024
1568000.597233 5110963.497036 -1373.3754
1568000.597233 5110762.392320 -1373.3705
1568000.597233 5110561.287604 -1373.5970
1568000.597233 5110360.182889 -1374.2054
1568000.597233 5110159.078173 -1373.6035
1568000.597233 5109957.973457 -1367.8069
1568000.597233 5109756.868742 -1381.1857
1568000.597233 5109555.764026 -1368.0284
1568000.597233 5109354.659310 -1388.8784
1568000.597233 5109153.554595 -1416.9282
1568000.597233 5108952.449879 -1438.7189
1568000.597233 5108751.345164 -1451.3094
1568000.597233 5108550.240448 -1456.5940
1568000.597233 5108349.135732 -1457.1577
1568000.597233 5108148.031017 -1455.0203
1568200.892686 5110963.497036 -1379.0784
1568200.892686 5110762.392320 -1380.8896
1568200.892686 5110561.287604 -1383.3420
1568200.892686 5110360.182889 -1386.4119
1568200.892686 5110159.078173 -1389.5115
1568200.892686 5109957.973457 -1392.0289
1568200.892686 5109756.868742 -1389.2751
1568200.892686 5109555.764026 -1408.7200
1568200.892686 5109354.659310 -1411.9586
1568200.892686 5109153.554595 -1446.4683
1568200.892686 5108952.449879 -1466.4331
1568200.892686 5108751.345164 -1473.2268
1568200.892686 5108550.240448 -1472.5043
1568200.892686 5108349.135732 -1468.1451
1568200.892686 5108148.031017 -1462.2684
1568200.892686 5107946.926301 -1456.0549
1568401.188138 5110762.392320 -1388.8771
1568401.188138 5110561.287604 -1393.4746
1568401.188138 5110360.182889 -1399.2811
1568401.188138 5110159.078173 -1406.3324
1568401.188138 5109957.973457 -1414.8914
1568401.188138 5109756.868742 -1425.5792
1568401.188138 5109555.764026 -1432.7747
1568401.188138 5109354.659310 -1445.3795
1568401.188138 5109153.554595 -1487.4993
1568401.188138 5108952.449879 -1497.6989
1568401.188138 5108751.345164 -1493.6619
1568401.188138 5108550.240448 -1485.1499
1568401.188138 5108349.135732 -1475.6938
1568401.188138 5108148.031017 -1466.4229
1568401.188138 5107946.926301 -1457.8854
1568401.188138 5107745.821585 -1450.4724
1568601.483591 5110561.287604 -1402.8091
1568601.483591 5110360.182889 -1410.5709
1568601.483591 5110159.078173 -1419.9683
1568601.483591 5109957.973457 -1431.0791
1568601.483591 5109756.868742 -1443.7511
1568601.483591 5109555.764026 -1457.1777
1568601.483591 5109354.659310 -1471.2908
1568601.483591 5109153.554595 -1502.1676
1568601.483591 5108952.449879 -1518.8759
1568601.483591 5108751.345164 -1503.2444
1568601.483591 5108550.240448 -1489.2458
1568601.483591 5108349.135732 -1477.0289
1568601.483591 5108148.031017 -1465.9899
1568601.483591 5107946.926301 -1456.1920
1568601.483591 5107745.821585 -1447.9796
1568601.483591 5107544.716870 -1441.5139
1568801.779044 5110360.182889 -1419.3657
1568801.779044 5110159.078173 -1429.6697
1568801.779044 5109957.973457 -1441.4856
1568801.779044 5109756.868742 -1454.7042
1568801.779044 5109555.764026 -1469.6150
1568801.779044 5109354.659310 -1488.9166
1568801.779044 5109153.554595 -1499.5347
1568801.779044 5108952.449879 -1495.0092
1568801.779044 5108751.345164 -1492.6969
1568801.779044 5108550.240448 -1481.8218
1568801.779044 5108349.135732 -1471.3416
1568801.779044 5108148.031017 -1460.7206
1568801.779044 5107946.926301 -1450.8279
1568801.779044 5107745.821585 -1442.6547
1568801.779044 5107544.716870 -1436.4985
1568801.779044 5107343.612154 -1432.1670
1569002.074497 5110159.078173 -1435.6523
1569002.074497 5109957.973457 -1446.7838
1569002.074497 5109756.868742 -1458.6304
1569002.074497 5109555.764026 -1470.8544
1569002.074497 5109354.659310 -1482.8859
1569002.074497 5109153.554595 -1490.7666
1569002.074497 5108952.449879 -1474.1804
1569002.074497 5108751.345164 -1472.5338
1569002.074497 5108550.240448 -1468.8688
1569002.074497 5108349.135732 -1461.7490
1569002.074497 5108148.031017 -1452.0901
1569002.074497 5107946.926301 -1442.4426
1569002.074497 5107745.821585 -1434.9081
1569002.074497 5107544.716870 -1429.7373
1569002.074497 5107343.612154 -1426.4299
1569002.074497 5107142.507438 -1424.4756
1569202.369949 5109957.973457 -1448.2457
1569202.369949 5109756.868742 -1457.7748
1569202.369949 5109555.764026 -1466.4155
1569202.369949 5109354.659310 -1472.8091
1569202.369949 5109153.554595 -1474.2526
1569202.369949 5108952.449879 -1467.8273
1569202.369949 5108751.345164 -1462.5847
1569202.369949 5108550.240448 -1452.7837
1569202.369949 5108349.135732 -1452.1079
1569202.369949 5108148.031017 -1441.8348
1569202.369949 5107946.926301 -1431.8317
1569202.369949 5107745.821585 -1425.4666
1569202.369949 5107544.716870 -1421.9924
1569202.369949 5107343.612154 -1420.1855
1569202.369949 5107142.507438 -1419.3715
1569202.369949 5106941.402723 -1419.2656
1569402.665402 5109756.868742 -1454.4772
1569402.665402 5109555.764026 -1460.1324
1569402.665402 5109354.659310 -1463.1765
1569402.665402 5109153.554595 -1462.3824
1569402.665402 5108952.449879 -1457.6500
1569402.665402 5108751.345164 -1452.6436
1569402.665402 5108550.240448 -1444.1531
1569402.665402 5108349.135732 -1434.3615
1569402.665402 5108148.031017 -1430.1729
1569402.665402 5107946.926301 -1419.3687
1569402.665402 5107745.821585 -1415.4360
1569402.665402 5107544.716870 -1414.5057
1569402.665402 5107343.612154 -1414.4215
1569402.665402 5107142.507438 -1414.7015
1569402.665402 5106941.402723 -1415.3508
1569402.665402 5106740.298007 -1416.3983
1569602.960855 5109756.868742 -1450.2988
1569602.960855 5109555.764026 -1453.7765
1569602.960855 5109354.659310 -1454.8617
1569602.960855 5109153.554595 -1453.0216
1569602.960855 5108952.449879 -1448.4486
1569602.960855 5108751.345164 -1442.2643
1569602.960855 5108550.240448 -1434.0776
1569602.960855 5108349.135732 -1429.9653
1569602.960855 5108148.031017 -1421.2008
1569602.960855 5107946.926301 -1406.1219
1569602.960855 5107745.821585 -1407.2301
1569602.960855 5107544.716870 -1409.2299
1569602.960855 5107343.612154 -1410.2947
1569602.960855 5107142.507438 -1411.1146
1569602.960855 5106941.402723 -1412.1925
1569602.960855 5106740.298007 -1413.6398
1569602.960855 5106539.193291 -1415.4506
1569803.256307 5109555.764026 -1448.0635
1569803.256307 5109354.659310 -1448.0093
1569803.256307 5109153.554595 -1445.7266
1569803.256307 5108952.449879 -1441.4579
1569803.256307 5108751.345164 -1435.8777
1569803.256307 5108550.240448 -1429.6088
1569803.256307 5108349.135732 -1424.0573
1569803.256307 5108148.031017 -1416.8278
1569803.256307 5107946.926301 -1409.8181
1569803.256307 5107745.821585 -1406.0011
1569803.256307 5107544.716870 -1408.3740
1569803.256307 5107343.612154 -1408.4576
1569803.256307 5107142.507438 -1408.8083
1569803.256307 5106941.402723 -1409.9498
1569803.256307 5106740.298007 -1411.6506
1569803.256307 5106539.193291 -1413.7249
1569803.256307 5106338.088576 -1416.1686
1570003.551760 5109354.659310 -1442.4762
1570003.551760 5109153.554595 -1440.0488
1570003.551760 5108952.449879 -1436.1637
1570003.551760 5108751.345164 -1431.3339
1570003.551760 5108550.240448 -1426.1593
1570003.551760 5108349.135732 -1421.1989
1570003.551760 5108148.031017 -1415.6902
1570003.551760 5107946.926301 -1409.2786
1570003.551760 5107745.821585 -1410.2786
1570003.551760 5107544.716870 -1410.7896
1570003.551760 5107343.612154 -1407.5264
1570003.551760 5107142.507438 -1407.1111
1570003.551760 5106941.402723 -1408.4835
1570003.551760 5106740.298007 -1410.5105
1570003.551760 5106539.193291 -1412.7983
1570003.551760 5106338.088576 -1415.4084
1570003.551760 5106136.983860 -1418.5258
1570203.847213 5109153.554595 -1435.5679
1570203.847213 5108952.449879 -1431.9849
1570203.847213 5108751.345164 -1427.6486
1570203.847213 5108550.240448 -1422.9529
1570203.847213 5108349.135732 -1418.1259
1570203.847213 5108148.031017 -1412.9158
1570203.847213 5107946.926301 -1407.4778
1570203.847213 5107745.821585 -1406.8539
1570203.847213 5107544.716870 -1405.9431
1570203.847213 5107343.612154 -1404.0303
1570203.847213 5107142.507438 -1405.1890
1570203.847213 5106941.402723 -1407.8174
1570203.847213 5106740.298007 -1410.3627
1570203.847213 5106539.193291 -1412.7529
1570203.847213 5106338.088576 -1415.4025
1570203.847213 5106136.983860 -1418.6820
1570404.142666 5108952.449879 -1428.6312
1570404.142666 5108751.345164 -1424.6151
1570404.142666 5108550.240448 -1420.2294
1570404.142666 5108349.135732 -1415.6781
1570404.142666 5108148.031017 -1411.1160
1570404.142666 5107946.926301 -1407.1598
1570404.142666 5107745.821585 -1405.5756
1570404.142666 5107544.716870 -1405.4204
1570404.142666 5107343.612154 -1403.1121
1570404.142666 5107142.507438 -1404.9216
1570404.142666 5106941.402723 -1408.8960
1570404.142666 5106740.298007 -1411.4897
1570404.142666 5106539.193291 -1413.5507
1570404.142666 5106338.088576 -1416.0310
1570404.142666 5106136.983860 -1419.4596
1570404.142666 5105935.879144 -1423.9808
1570604.438118 5108751.345164 -1422.2124
1570604.438118 5108550.240448 -1418.1022
1570604.438118 5108349.135732 -1413.8881
1570604.438118 5108148.031017 -1409.8885
1570604.438118 5107946.926301 -1406.7136
1570604.438118 5107745.821585 -1405.2704
1570604.438118 5107544.716870 -1405.5281
1570604.438118 5107343.612154 -1406.5542
1570604.438118 5107142.507438 -1409.8470
1570604.438118 5106941.402723 -1412.2998
1570604.438118 5106740.298007 -1413.5878
1570604.438118 5106539.193291 -1414.7037
1570604.438118 5106338.088576 -1416.8987
1570604.438118 5106136.983860 -1420.6243
1570604.438118 5105935.879144 -1425.8278
1570604.438118 5105734.774429 -1432.1976
1570804.733571 5108550.240448 -1416.5739
1570804.733571 5108349.135732 -1412.6335
1570804.733571 5108148.031017 -1408.9225
1570804.733571 5107946.926301 -1405.8953
1570804.733571 5107745.821585 -1404.0906
1570804.733571 5107544.716870 -1403.8439
1570804.733571 5107343.612154 -1405.6277
1570804.733571 5107142.507438 -1410.3641
1570804.733571 5106941.402723 -1413.9174
1570804.733571 5106740.298007 -1414.7379
1570804.733571 5106539.193291 -1415.0908
1570804.733571 5106338.088576 -1417.3829
1570804.733571 5106136.983860 -1421.8662
1570804.733571 5105935.879144 -1428.2065
1570804.733571 5105734.774429 -1435.8354
1570804.733571 5105533.669713 -1444.0873
1571005.029024 5108349.135732 -1411.9446
1571005.029024 5108148.031017 -1408.3495
1571005.029024 5107946.926301 -1405.1393
1571005.029024 5107745.821585 -1402.5044
1571005.029024 5107544.716870 -1400.3829
1571005.029024 5107343.612154 -1403.5000
1571005.029024 5107142.507438 -1412.0039
1571005.029024 5106941.402723 -1412.3043
1571005.029024 5106740.298007 -1414.0470
1571005.029024 5106539.193291 -1413.9319
1571005.029024 5106338.088576 -1417.1198
1571005.029024 5106136.983860 -1423.0253
1571005.029024 5105935.879144 -1431.0757
1571005.029024 5105734.774429 -1440.4714
1571005.029024 5105533.669713 -1450.2032
1571005.029024 5105332.564997 -1459.4958
1571205.324476 5108148.031017 -1408.5527
1571205.324476 5107946.926301 -1405.3867
1571205.324476 5107745.821585 -1402.6556
1571205.324476 5107544.716870 -1400.5817
1571205.324476 5107343.612154 -1399.7715
1571205.324476 5107142.507438 -1402.2190
1571205.324476 5106941.402723 -1409.5802
1571205.324476 5106740.298007 -1414.5521
1571205.324476 5106539.193291 -1411.5474
1571205.324476 5106338.088576 -1416.5181
1571205.324476 5106136.983860 -1424.2406
1571205.324476 5105935.879144 -1434.4775
1571205.324476 5105734.774429 -1446.2250
1571205.324476 5105533.669713 -1457.8163
1571205.324476 5105332.564997 -1468.1654
1571205.324476 5105131.460282 -1476.9799
1571405.619929 5107946.926301 -1406.8379
1571405.619929 5107745.821585 -1404.5178
1571405.619929 5107544.716870 -1403.1995
1571405.619929 5107343.612154 -1403.7905
1571405.619929 5107142.507438 -1407.8082
1571405.619929 5106941.402723 -1416.0675
1571405.619929 5106740.298007 -1416.1550
1571405.619929 5106539.193291 -1411.6738
1571405.619929 5106338.088576 -1416.8984
1571405.619929 5106136.983860 -1425.6176
1571405.619929 5105935.879144 -1438.3119
1571405.619929 5105734.774429 -1453.2322
1571405.619929 5105533.669713 -1467.1080
1571405.619929 5105332.564997 -1478.4446
1571405.619929 5105131.460282 -1487.2765
1571405.619929 5104930.355566 -1494.2170
1571605.915382 5107745.821585 -1407.3022
1571605.915382 5107544.716870 -1406.3270
1571605.915382 5107343.612154 -1406.8583
1571605.915382 5107142.507438 -1409.3003
1571605.915382 5106941.402723 -1412.6879
1571605.915382 5106740.298007 -1412.5896
1571605.915382 5106539.193291 -1413.3135
1571605.915382 5106338.088576 -1419.2500
1571605.915382 5106136.983860 -1425.7729
1571605.915382 5105935.879144 -1441.9396
1571605.915382 5105734.774429 -1461.7069
1571605.915382 5105533.669713 -1478.2966
1571605.915382 5105332.564997 -1490.2310
1571605.915382 5105131.460282 -1498.5170
1571605.915382 5104930.355566 -1504.5012
1571605.915382 5104729.250850 -1509.1611
1571806.210835 5107544.716870 -1409.5784
1571806.210835 5107343.612154 -1409.3403
1571806.210835 5107142.507438 -1409.7733
1571806.210835 5106941.402723 -1409.9437
1571806.210835 5106740.298007 -1408.2346
1571806.210835 5106539.193291 -1405.7948
1571806.210835 5106338.088576 -1420.0659
1571806.210835 5106136.983860 -1422.9653
1571806.210835 5105935.879144 -1444.8470
1571806.210835 5105734.774429 -1472.4739
1571806.210835 5105533.669713 -1491.5918
1571806.210835 5105332.564997 -1503.0482
1571806.210835 5105131.460282 -1509.9600
1571806.210835 5104930.355566 -1514.5764
1571806.210835 5104729.250850 -1518.0679
1571806.210835 5104528.146135 -1521.0022
1572006.506287 5107343.612154 -1412.4613
1572006.506287 5107142.507438 -1411.6267
1572006.506287 5106941.402723 -1410.3695
1572006.506287 5106740.298007 -1408.4414
1572006.506287 5106539.193291 -1407.3855
1572006.506287 5106338.088576 -1411.3789
1572006.506287 5106136.983860 -1427.4982
1572006.506287 5105935.879144 -1453.7343
1572006.506287 5105734.774429 -1487.3915
1572006.506287 5105533.669713 -1506.4089
1572006.506287 5105332.564997 -1515.4944
1572006.506287 5105131.460282 -1520.3040
1572006.506287 5104930.355566 -1523.5073
1572006.506287 5104729.250850 -1525.9933
1572006.506287 5104528.146135 -1528.0996
1572006.506287 5104327.041419 -1530.0667
1572206.801740 5107142.507438 -1415.8979
1572206.801740 5106941.402723 -1414.5681
1572206.801740 5106740.298007 -1413.3881
1572206.801740 5106539.193291 -1413.7753
1572206.801740 5106338.088576 -1418.4154
1572206.801740 5106136.983860 -1430.3782
1572206.801740 5105935.879144 -1471.2954
1572206.801740 5105734.774429 -1500.2676
1572206.801740 5105533.669713 -1518.3719
1572206.801740 5105332.564997 -1524.6399
1572206.801740 5105131.460282 -1527.8925
1572206.801740 5104930.355566 -1530.4888
1572206.801740 5104729.250850 -1532.5435
1572206.801740 5104528.146135 -1534.1268
1572206.801740 5104327.041419 -1535.5677
1572206.801740 5104125.936703 -1537.1350
1572407.097193 5106941.402723 -1422.1962
1572407.097193 5106740.298007 -1422.4785
1572407.097193 5106539.193291 -1424.7485
1572407.097193 5106338.088576 -1430.8898
1572407.097193 5106136.983860 -1442.9841
1572407.097193 5105935.879144 -1463.0381
1572407.097193 5105734.774429 -1501.8169
1572407.097193 5105533.669713 -1510.6508
1572407.097193 5105332.564997 -1528.5256
1572407.097193 5105131.460282 -1532.2922
1572407.097193 5104930.355566 -1535.6945
1572407.097193 5104729.250850 -1537.9321
1572407.097193 5104528.146135 -1539.1395
1572407.097193 5104327.041419 -1540.1390
1572407.097193 5104125.936703 -1541.4335
1572407.097193 5103924.831988 -1543.0908
1572607.392646 5106941.402723 -1432.3505
1572607.392646 5106740.298007 -1434.4791
1572607.392646 5106539.193291 -1438.9268
1572607.392646 5106338.088576 -1447.2008
1572607.392646 5106136.983860 -1460.9725
1572607.392646 5105935.879144 -1481.7026
1572607.392646 5105734.774429 -1509.4424
1572607.392646 5105533.669713 -1534.1896
1572607.392646 5105332.564997 -1532.5590
1572607.392646 5105131.460282 -1536.6080
1572607.392646 5104930.355566 -1540.9283
1572607.392646 5104729.250850 -1543.0432
1572607.392646 5104528.146135 -1543.3735
1572607.392646 5104327.041419 -1543.7891
1572607.392646 5104125.936703 -1544.9681
1572607.392646 5103924.831988 -1546.7554
1572607.392646 5103723.727272 -1548.7969
1572807.688098 5106740.298007 -1447.7937
1572807.688098 5106539.193291 -1454.1436
1572807.688098 5106338.088576 -1464.0524
1572807.688098 5106136.983860 -1478.6104
1572807.688098 5105935.879144 -1498.3015
1572807.688098 5105734.774429 -1521.6687
1572807.688098 5105533.669713 -1542.3639
1572807.688098 5105332.564997 -1541.2214
1572807.688098 5105131.460282 -1538.8203
1572807.688098 5104930.355566 -1547.8851
1572807.688098 5104729.250850 -1548.4618
1572807.688098 5104528.146135 -1546.6730
1572807.688098 5104327.041419 -1546.3627
1572807.688098 5104125.936703 -1547.7769
1572807.688098 5103924.831988 -1550.0591
1572807.688098 5103723.727272 -1552.4858
1572807.688098 5103522.622556 -1554.7155
1573007.983551 5106539.193291 -1468.6292
1573007.983551 5106338.088576 -1479.2281
1573007.983551 5106136.983860 -1493.2760
1573007.983551 5105935.879144 -1510.4546
1573007.983551 5105734.774429 -1528.7678
1573007.983551 5105533.669713 -1543.6190
1573007.983551 5105332.564997 -1549.3351
1573007.983551 5105131.460282 -1549.2312
1573007.983551 5104930.355566 -1553.1575
1573007.983551 5104729.250850 -1552.9810
1573007.983551 5104528.146135 -1547.8744
1573007.983551 5104327.041419 -1547.5591
1573007.983551 5104125.936703 -1550.0612
1573007.983551 5103924.831988 -1553.3181
1573007.983551 5103723.727272 -1556.2896
1573007.983551 5103522.622556 -1558.7079
1573007.983551 5103321.517841 -1560.6637
1573208.279004 5106338.088576 -1491.9255
1573208.279004 5106136.983860 -1504.7228
1573208.279004 5105935.879144 -1519.1290
1573208.279004 5105734.774429 -1533.3353
1573208.279004 5105533.669713 -1544.3799
1573208.279004 5105332.564997 -1549.5887
1573208.279004 5105131.460282 -1550.0930
1573208.279004 5104930.355566 -1548.7152
1573208.279004 5104729.250850 -1553.1541
1573208.279004 5104528.146135 -1545.5726
1573208.279004 5104327.041419 -1547.9155
1573208.279004 5104125.936703 -1552.6263
1573208.279004 5103924.831988 -1557.0885
1573208.279004 5103723.727272 -1560.4626
1573208.279004 5103522.622556 -1562.8676
1573208.279004 5103321.517841 -1564.6840
1573408.574456 5106136.983860 -1513.5101
1573408.574456 5105935.879144 -1525.5383
1573408.574456 5105734.774429 -1536.8988
1573408.574456 5105533.669713 -1545.8726
1573408.574456 5105332.564997 -1551.3340
1573408.574456 5105131.460282 -1554.1390
1573408.574456 5104930.355566 -1556.6453
1573408.574456 5104729.250850 -1557.7635
1573408.574456 5104528.146135 -1551.7349
1573408.574456 5104327.041419 -1551.1272
1573408.574456 5104125.936703 -1557.0310
1573408.574456 5103924.831988 -1561.8591
1573408.574456 5103723.727272 -1564.9803
1573408.574456 5103522.622556 -1566.9681
1573408.574456 5103321.517841 -1568.4973
1573408.574456 5103120.413125 -1569.8762
1573608.869909 5105935.879144 -1530.3831
1573608.869909 5105734.774429 -1539.7874
1573608.869909 5105533.669713 -1547.4921
1573608.869909 5105332.564997 -1553.0568
1573608.869909 5105131.460282 -1557.0750
1573608.869909 5104930.355566 -1560.7432
1573608.869909 5104729.250850 -1563.9893
1573608.869909 5104528.146135 -1559.7987
1573608.869909 5104327.041419 -1556.1989
1573608.869909 5104125.936703 -1562.6823
1573608.869909 5103924.831988 -1566.7699
1573608.869909 5103723.727272 -1569.0005
1573608.869909 5103522.622556 -1570.2981
1573608.869909 5103321.517841 -1571.6151
1573608.869909 5103120.413125 -1573.0629
1573608.869909 5102919.308409 -1574.4600
1573809.165362 5105734.774429 -1541.9530
1573809.165362 5105533.669713 -1548.5779
1573809.165362 5105332.564997 -1553.6282
1573809.165362 5105131.460282 -1557.2585
1573809.165362 5104930.355566 -1559.6348
1573809.165362 5104729.250850 -1559.9448
1573809.165362 5104528.146135 -1555.9998
1573809.165362 5104327.041419 -1555.1438
1573809.165362 5104125.936703 -1554.3123
1573809.165362 5103924.831988 -1568.7992
1573809.165362 5103723.727272 -1570.8030
1573809.165362 5103522.622556 -1571.7572
1573809.165362 5103321.517841 -1573.4602
1573809.165362 5103120.413125 -1575.4961
1573809.165362 5102919.308409 -1577.3229
1573809.165362 5102718.203694 -1578.6923
1574009.460815 5105533.669713 -1549.0698
1574009.460815 5105332.564997 -1553.2953
1574009.460815 5105131.460282 -1556.0292
1574009.460815 5104930.355566 -1557.1045
1574009.460815 5104729.250850 -1556.0673
1574009.460815 5104528.146135 -1552.8099
1574009.460815 5104327.041419 -1550.5785
1574009.460815 5104125.936703 -1559.2501
1574009.460815 5103924.831988 -1560.8390
1574009.460815 5103723.727272 -1569.2440
1574009.460815 5103522.622556 -1570.5331
1574009.460815 5103321.517841 -1573.8359
1574009.460815 5103120.413125 -1577.1971
1574009.460815 5102919.308409 -1579.7748
1574009.460815 5102718.203694 -1581.3960
1574009.460815 5102517.098978 -1582.2295
1574209.756267 5105332.564997 -1552.7009
1574209.756267 5105131.460282 -1554.7031
1574209.756267 5104930.355566 -1555.1219
1574209.756267 5104729.250850 -1553.9264
1574209.756267 5104528.146135 -1551.6996
1574209.756267 5104327.041419 -1550.5597
1574209.756267 5104125.936703 -1553.2352
1574209.756267 5103924.831988 -1560.8615
1574209.756267 5103723.727272 -1560.8408
1574209.756267 5103522.622556 -1566.9230
1574209.756267 5103321.517841 -1573.5737
1574209.756267 5103120.413125 -1578.6608
1574209.756267 5102919.308409 -1581.9880
1574209.756267 5102718.203694 -1583.7412
1574209.756267 5102517.098978 -1584.3566
1574209.756267 5102315.994262 -1584.3602
1574410.051720 5105131.460282 -1553.9319
1574410.051720 5104930.355566 -1554.2311
1574410.051720 5104729.250850 -1553.4355
1574410.051720 5104528.146135 -1552.2651
1574410.051720 5104327.041419 -1552.1670
1574410.051720 5104125.936703 -1554.6996
1574410.051720 5103924.831988 -1560.0227
1574410.051720 5103723.727272 -1565.0022
1574410.051720 5103522.622556 -1565.3555
1574410.051720 5103321.517841 -1575.0532
1574410.051720 5103120.413125 -1580.4697
1574410.051720 5102919.308409 -1583.9773
1574410.051720 5102718.203694 -1585.5452
1574410.051720 5102517.098978 -1585.7274
1574410.051720 5102315.994262 -1585.2805
1574410.051720 5102114.889547 -1584.7815
1574610.347173 5104930.355566 -1554.3323
1574610.347173 5104729.250850 -1554.0527
1574610.347173 5104528.146135 -1553.6533
1574610.347173 5104327.041419 -1554.0682
1574610.347173 5104125.936703 -1556.1250
1574610.347173 5103924.831988 -1559.7882
1574610.347173 5103723.727272 -1563.7279
1574610.347173 5103522.622556 -1567.1425
1574610.347173 5103321.517841 -1568.8025
1574610.347173 5103120.413125 -1581.1427
1574610.347173 5102919.308409 -1584.9628
1574610.347173 5102718.203694 -1586.2924
1574610.347173 5102517.098978 -1585.9227
1574610.347173 5102315.994262 -1585.0116
1574610.347173 5102114.889547 -1584.2800
1574610.347173 5101913.784831 -1584.0262
1574810.642625 5104729.250850 -1555.3397
1574810.642625 5104528.146135 -1555.4136
1574810.642625 5104327.041419 -1555.9579
1574810.642625 5104125.936703 -1557.3927
1574810.642625 5103924.831988 -1559.6543
1574810.642625 5103723.727272 -1562.1938
1574810.642625 5103522.622556 -1564.9761
1574810.642625 5103321.517841 -1569.5592
1574810.642625 5103120.413125 -1576.9989
1574810.642625 5102919.308409 -1583.9326
1574810.642625 5102718.203694 -1585.3727
1574810.642625 5102517.098978 -1584.4773
1574810.642625 5102315.994262 -1583.2693
1574810.642625 5102114.889547 -1582.5614
1574810.642625 5101913.784831 -1582.5526
1574810.642625 5101712.680115 -1583.1777
1575010.938078 5104528.146135 -1557.4142
1575010.938078 5104327.041419 -1557.9550
1575010.938078 5104125.936703 -1558.8931
1575010.938078 5103924.831988 -1560.2122
1575010.938078 5103723.727272 -1561.7522
1575010.938078 5103522.622556 -1563.6935
1575010.938078 5103321.517841 -1567.0216
1575010.938078 5103120.413125 -1572.0537
1575010.938078 5102919.308409 -1572.2220
1575010.938078 5102718.203694 -1582.4509
1575010.938078 5102517.098978 -1581.0774
1575010.938078 5102315.994262 -1580.0199
1575010.938078 5102114.889547 -1579.7777
1575010.938078 5101913.784831 -1580.3442
1575010.938078 5101712.680115 -1581.5649
1575010.938078 5101511.575400 -1583.2124
1575211.233531 5104327.041419 -1560.2025
1575211.233531 5104125.936703 -1560.8751
1575211.233531 5103924.831988 -1561.6880
1575211.233531 5103723.727272 -1562.6461
1575211.233531 5103522.622556 -1563.9271
1575211.233531 5103321.517841 -1565.9716
1575211.233531 5103120.413125 -1569.0547
1575211.233531 5102919.308409 -1574.2935
1575211.233531 5102718.203694 -1575.9600
1575211.233531 5102517.098978 -1575.8335
1575211.233531 5102315.994262 -1575.8759
1575211.233531 5102114.889547 -1576.5986
1575211.233531 5101913.784831 -1577.9742
1575211.233531 5101712.680115 -1579.9086
1575211.233531 5101511.575400 -1582.1768
1575211.233531 5101310.470684 -1584.5214
1575411.528984 5104125.936703 -1563.3867
1575411.528984 5103924.831988 -1564.0531
1575411.528984 5103723.727272 -1564.8141
1575411.528984 5103522.622556 -1565.8130
1575411.528984 5103321.517841 -1567.2588
1575411.528984 5103120.413125 -1569.2318
1575411.528984 5102919.308409 -1571.5054
1575411.528984 5102718.203694 -1572.3252
1575411.528984 5102517.098978 -1572.0214
1575411.528984 5102315.994262 -1572.8783
1575411.528984 5102114.889547 -1574.4098
1575411.528984 5101913.784831 -1576.3684
1575411.528984 5101712.680115 -1578.8599
1575411.528984 5101511.575400 -1581.6348
1575411.528984 5101310.470684 -1584.3625
1575411.528984 5101109.365968 -1586.8577
1575611.824436 5104125.936703 -1566.3276
1575611.824436 5103924.831988 -1567.1155
1575611.824436 5103723.727272 -1567.9875
1575611.824436 5103522.622556 -1569.0638
1575611.824436 5103321.517841 -1570.4436
1575611.824436 5103120.413125 -1572.0686
1575611.824436 5102919.308409 -1573.5190
1575611.824436 5102718.203694 -1573.7574
1575611.824436 5102517.098978 -1574.7660
1575611.824436 5102315.994262 -1573.3712
1575611.824436 5102114.889547 -1574.8397
1575611.824436 5101913.784831 -1576.4935
1575611.824436 5101712.680115 -1579.0842
1575611.824436 5101511.575400 -1582.0840
1575611.824436 5101310.470684 -1584.9230
1575611.824436 5101109.365968 -1587.4233
1575611.824436 5100908.261253 -1589.6251
1575812.119889 5103924.831988 -1570.5963
1575812.119889 5103723.727272 -1571.7871
1575812.119889 5103522.622556 -1573.2075
1575812.119889 5103321.517841 -1574.9474
1575812.119889 5103120.413125 -1576.9938
1575812.119889 5102919.308409 -1579.1632
1575812.119889 5102718.203694 -1581.1057
1575812.119889 5102517.098978 -1576.6825
1575812.119889 5102315.994262 -1578.7939
1575812.119889 5102114.889547 -1579.2218
1575812.119889 5101913.784831 -1578.8573
1575812.119889 5101712.680115 -1581.0339
1575812.119889 5101511.575400 -1583.9302
1575812.119889 5101310.470684 -1586.4585
1575812.119889 5101109.365968 -1588.5703
1575812.119889 5100908.261253 -1590.4918
1575812.119889 5100707.156537 -1592.3511
1576012.415342 5103723.727272 -1575.7852
1576012.415342 5103522.622556 -1577.6517
1576012.415342 5103321.517841 -1579.8882
1576012.415342 5103120.413125 -1582.5182
1576012.415342 5102919.308409 -1585.4332
1576012.415342 5102718.203694 -1588.3000
1576012.415342 5102517.098978 -1590.2997
1576012.415342 5102315.994262 -1589.5240
1576012.415342 5102114.889547 -1588.7267
1576012.415342 5101913.784831 -1582.8798
1576012.415342 5101712.680115 -1584.8828
1576012.415342 5101511.575400 -1587.4375
1576012.415342 5101310.470684 -1589.0184
1576012.415342 5101109.365968 -1590.2122
1576012.415342 5100908.261253 -1591.5769
1576012.415342 5100707.156537 -1593.2251
1576012.415342 5100506.051821 -1595.0344
1576212.710795 5103522.622556 -1581.8732
1576212.710795 5103321.517841 -1584.5269
1576212.710795 5103120.413125 -1587.5969
1576212.710795 5102919.308409 -1591.0037
1576212.710795 5102718.203694 -1594.4958
1576212.710795 5102517.098978 -1597.5841
1576212.710795 5102315.994262 -1599.5715
1576212.710795 5102114.889547 -1591.5045
1576212.710795 5101913.784831 -1588.7791
1576212.710795 5101712.680115 -1591.0582
1576212.710795 5101511.575400 -1592.6787
1576212.710795 5101310.470684 -1592.2250
1576212.710795 5101109.365968 -1591.9160
1576212.710795 5100908.261253 -1592.6031
1576212.710795 5100707.156537 -1594.1107
1576212.710795 5100506.051821 -1596.0226
1576413.006247 5103321.517841 -1588.4043
1576413.006247 5103120.413125 -1591.6364
1576413.006247 5102919.308409 -1595.1125
1576413.006247 5102718.203694 -1598.5596
1576413.006247 5102517.098978 -1601.4661
1576413.006247 5102315.994262 -1602.9899
1576413.006247 5102114.889547 -1601.7505
1576413.006247 5101913.784831 -1595.6697
1576413.006247 5101712.680115 -1598.5671
1576413.006247 5101511.575400 -1598.6343
1576413.006247 5101310.470684 -1594.7603
1576413.006247 5101109.365968 -1592.8099
1576413.006247 5100908.261253 -1593.1968
1576413.006247 5100707.156537 -1594.9226
1576413.006247 5100506.051821 -1597.1493
1576413.006247 5100304.947106 -1599.4178
1576613.301700 5103120.413125 -1594.5005
1576613.301700 5102919.308409 -1597.7299
1576613.301700 5102718.203694 -1600.7463
1576613.301700 5102517.098978 -1603.0470
1576613.301700 5102315.994262 -1603.9127
1576613.301700 5102114.889547 -1602.5757
1576613.301700 5101913.784831 -1599.2361
1576613.301700 5101712.680115 -1599.5443
1576613.301700 5101511.575400 -1599.5081
1576613.301700 5101310.470684 -1594.2086
1576613.301700 5101109.365968 -1592.0476
1576613.301700 5100908.261253 -1593.2946
1576613.301700 5100707.156537 -1595.8090
1576613.301700 5100506.051821 -1598.5483
1576613.301700 5100304.947106 -1601.1558
1576613.301700 5100103.842390 -1603.4675
1576813.597153 5102919.308409 -1599.1837
1576813.597153 5102718.203694 -1601.6993
1576813.597153 5102517.098978 -1603.4905
1576813.597153 5102315.994262 -1604.1152
1576813.597153 5102114.889547 -1603.3468
1576813.597153 5101913.784831 -1601.7798
1576813.597153 5101712.680115 -1601.3350
1576813.597153 5101511.575400 -1600.5000
1576813.597153 5101310.470684 -1592.9713
1576813.597153 5101109.365968 -1590.7533
1576813.597153 5100908.261253 -1593.8655
1576813.597153 5100707.156537 -1597.2985
1576813.597153 5100506.051821 -1600.4075
1576813.597153 5100304.947106 -1603.2615
1576813.597153 5100103.842390 -1605.7844
1576813.597153 5099902.737674 -1607.8091
1577013.892605 5102718.203694 -1601.9143
1577013.892605 5102517.098978 -1603.3423
1577013.892605 5102315.994262 -1603.8904
1577013.892605 5102114.889547 -1603.5298
1577013.892605 5101913.784831 -1602.6428
1577013.892605 5101712.680115 -1601.8066
1577013.892605 5101511.575400 -1600.1733
1577013.892605 5101310.470684 -1594.6611
1577013.892605 5101109.365968 -1592.2576
1577013.892605 5100908.261253 -1596.5408
1577013.892605 5100707.156537 -1599.7767
1577013.892605 5100506.051821 -1602.6177
1577013.892605 5100304.947106 -1605.5532
1577013.892605 5100103.842390 -1608.3224
1577013.892605 5099902.737674 -1610.4921
1577013.892605 5099701.632959 -1611.8909
1577214.188058 5102517.098978 -1602.8628
1577214.188058 5102315.994262 -1603.3280
1577214.188058 5102114.889547 -1603.1094
1577214.188058 5101913.784831 -1602.3792
1577214.188058 5101712.680115 -1601.2976
1577214.188058 5101511.575400 -1599.5854
1577214.188058 5101310.470684 -1597.1016
1577214.188058 5101109.365968 -1597.2159
1577214.188058 5100908.261253 -1597.4647
1577214.188058 5100707.156537 -1601.9585
1577214.188058 5100506.051821 -1604.2509
1577214.188058 5100304.947106 -1607.5197
1577214.188058 5100103.842390 -1610.8389
1577214.188058 5099902.737674 -1613.2695
1577214.188058 5099701.632959 -1614.5879
1577214.188058 5099500.528243 -1615.0070
1577414.483511 5102315.994262 -1602.5928
1577414.483511 5102114.889547 -1602.3652
1577414.483511 5101913.784831 -1601.6134
1577414.483511 5101712.680115 -1600.3829
1577414.483511 5101511.575400 -1598.6299
1577414.483511 5101310.470684 -1596.5283
1577414.483511 5101109.365968 -1595.0746
1577414.483511 5100908.261253 -1598.9224
1577414.483511 5100707.156537 -1597.9001
1577414.483511 5100506.051821 -1604.0535
1577414.483511 5100304.947106 -1608.6860
1577414.483511 5100103.842390 -1613.1665
1577414.483511 5099902.737674 -1615.9690
1577414.483511 5099701.632959 -1617.1151
1577414.483511 5099500.528243 -1617.1282
1577414.483511 5099299.423528 -1616.5289
1577614.778964 5102114.889547 -1601.6106
1577614.778964 5101913.784831 -1600.8390
1577614.778964 5101712.680115 -1599.6060
1577614.778964 5101511.575400 -1597.9991
1577614.778964 5101310.470684 -1596.3298
1577614.778964 5101109.365968 -1595.3705
1577614.778964 5100908.261253 -1596.2703
1577614.778964 5100707.156537 -1600.9938
1577614.778964 5100506.051821 -1605.4026
1577614.778964 5100304.947106 -1609.4127
1577614.778964 5100103.842390 -1615.3833
1577614.778964 5099902.737674 -1618.3369
1577614.778964 5099701.632959 -1619.0856
1577614.778964 5099500.528243 -1618.6031
1577614.778964 5099299.423528 -1617.5261
1577614.778964 5099098.318812 -1616.3356
1577815.074416 5101913.784831 -1600.3296
1577815.074416 5101712.680115 -1599.2021
1577815.074416 5101511.575400 -1597.8339
1577815.074416 5101310.470684 -1596.5778
1577815.074416 5101109.365968 -1596.0957
1577815.074416 5100908.261253 -1597.3105
1577815.074416 5100707.156537 -1601.0072
1577815.074416 5100506.051821 -1606.3228
1577815.074416 5100304.947106 -1604.6628
1577815.074416 5100103.842390 -1617.0969
1577815.074416 5099902.737674 -1619.5870
1577815.074416 5099701.632959 -1619.7948
1577815.074416 5099500.528243 -1618.9598
1577815.074416 5099299.423528 -1617.5461
1577815.074416 5099098.318812 -1616.0699
1577815.074416 5098897.214096 -1614.9435
1578015.369869 5101712.680115 -1599.2054
1578015.369869 5101511.575400 -1598.0388
1578015.369869 5101310.470684 -1596.9677
1578015.369869 5101109.365968 -1596.4108
1578015.369869 5100908.261253 -1596.7771
1578015.369869 5100707.156537 -1598.0544
1578015.369869 5100506.051821 -1599.2070
1578015.369869 5100304.947106 -1607.4705
1578015.369869 5100103.842390 -1612.7819
1578015.369869 5099902.737674 -1617.7992
1578015.369869 5099701.632959 -1618.2701
1578015.369869 5099500.528243 -1617.8429
1578015.369869 5099299.423528 -1616.4321
1578015.369869 5099098.318812 -1614.8448
1578015.369869 5098897.214096 -1613.7180
1578015.369869 5098696.109381 -1613.2596
1578215.665322 5101511.575400 -1598.6027
1578215.665322 5101310.470684 -1597.6034
1578215.665322 5101109.365968 -1596.8480
1578215.665322 5100908.261253 -1596.5283
1578215.665322 5100707.156537 -1596.6646
1578215.665322 5100506.051821 -1597.2781
1578215.665322 5100304.947106 -1599.8304
1578215.665322 5100103.842390 -1609.5555
1578215.665322 5099902.737674 -1607.1261
1578215.665322 5099701.632959 -1614.3801
1578215.665322 5099500.528243 -1615.6638
1578215.665322 5099299.423528 -1614.4332
1578215.665322 5099098.318812 -1612.7917
1578215.665322 5098897.214096 -1611.8253
1578215.665322 5098696.109381 -1611.6840
1578215.665322 5098495.004665 -1612.1565
1578415.960774 5101310.470684 -1598.6460
1578415.960774 5101109.365968 -1597.8252
1578415.960774 5100908.261253 -1597.2319
1578415.960774 5100707.156537 -1597.0050
1578415.960774 5100506.051821 -1597.4434
1578415.960774 5100304.947106 -1599.3616
1578415.960774 5100103.842390 -1603.3926
1578415.960774 5099902.737674 -1609.9017
1578415.960774 5099701.632959 -1607.6064
1578415.960774 5099500.528243 -1614.1837
1578415.960774 5099299.423528 -1612.1953
1578415.960774 5099098.318812 -1610.2654
1578415.960774 5098897.214096 -1609.6163
1578415.960774 5098696.109381 -1609.9868
1578415.960774 5098495.004665 -1610.8417
1578415.960774 5098293.899949 -1611.9897
1578616.256227 5101310.470684 -1600.1317
1578616.256227 5101109.365968 -1599.4207
1578616.256227 5100908.261253 -1598.8682
1578616.256227 5100707.156537 -1598.6576
1578616.256227 5100506.051821 -1599.0657
1578616.256227 5100304.947106 -1600.4524
1578616.256227 5100103.842390 -1602.7932
1578616.256227 5099902.737674 -1604.9916
1578616.256227 5099701.632959 -1609.8789
1578616.256227 5099500.528243 -1614.0951
1578616.256227 5099299.423528 -1609.9727
1578616.256227 5099098.318812 -1607.7810
1578616.256227 5098897.214096 -1607.7440
1578616.256227 5098696.109381 -1608.8027
1578616.256227 5098495.004665 -1609.9086
1578616.256227 5098293.899949 -1611.0702
1578616.256227 5098092.795234 -1612.5760
1578816.551680 5101109.365968 -1601.5029
1578816.551680 5100908.261253 -1601.1825
1578816.551680 5100707.156537 -1601.2037
1578816.551680 5100506.051821 -1601.8032
1578816.551680 5100304.947106 -1603.2083
1578816.551680 5100103.842390 -1605.4584
1578816.551680 5099902.737674 -1608.3574
1578816.551680 5099701.632959 -1612.1992
1578816.551680 5099500.528243 -1612.9408
1578816.551680 5099299.423528 -1612.9362
1578816.551680 5099098.318812 -1606.8109
1578816.551680 5098897.214096 -1607.3964
1578816.551680 5098696.109381 -1609.0736
1578816.551680 5098495.004665 -1609.8447
1578816.551680 5098293.899949 -1610.4806
1578816.551680 5098092.795234 -1611.7896
1578816.551680 5097891.690518 -1613.8663
1579016.847133 5100908.261253 -1603.8499
1579016.847133 5100707.156537 -1604.1903
1579016.847133 5100506.051821 -1605.0875
1579016.847133 5100304.947106 -1606.7334
1579016.847133 5100103.842390 -1609.2290
1579016.847133 5099902.737674 -1612.5497
1579016.847133 5099701.632959 -1616.5201
1579016.847133 5099500.528243 -1619.7938
1579016.847133 5099299.423528 -1616.4373
1579016.847133 5099098.318812 -1612.4507
1579016.847133 5098897.214096 -1609.9309
1579016.847133 5098696.109381 -1611.7513
1579016.847133 5098495.004665 -1610.8142
1579016.847133 5098293.899949 -1610.0857
1579016.847133 5098092.795234 -1611.0233
1579016.847133 5097891.690518 -1613.3241
1579217.142585 5100707.156537 -1607.2056
1579217.142585 5100506.051821 -1608.3577
1579217.142585 5100304.947106 -1610.1710
1579217.142585 5100103.842390 -1612.7065
1579217.142585 5099902.737674 -1615.8638
1579217.142585 5099701.632959 -1619.2194
1579217.142585 5099500.528243 -1621.6162
1579217.142585 5099299.423528 -1621.1140
1579217.142585 5099098.318812 -1615.8300
1579217.142585 5098897.214096 -1613.9833
1579217.142585 5098696.109381 -1616.8390
1579217.142585 5098495.004665 -1611.9188
1579217.142585 5098293.899949 -1609.1924
1579217.142585 5098092.795234 -1610.1349
1579217.142585 5097891.690518 -1613.0535
1579217.142585 5097690.585802 -1616.5670
1579417.438038 5100506.051821 -1611.2648
1579417.438038 5100304.947106 -1613.0861
1579417.438038 5100103.842390 -1615.4250
1579417.438038 5099902.737674 -1618.0876
1579417.438038 5099701.632959 -1620.5704
1579417.438038 5099500.528243 -1621.9265
1579417.438038 5099299.423528 -1620.9615
1579417.438038 5099098.318812 -1617.3782
1579417.438038 5098897.214096 -1617.0963
1579417.438038 5098696.109381 -1621.9083
1579417.438038 5098495.004665 -1610.5142
1579417.438038 5098293.899949 -1606.8875
1579417.438038 5098092.795234 -1609.4006
1579417.438038 5097891.690518 -1613.5762
1579417.438038 5097690.585802 -1617.6553
1579417.438038 5097489.481087 -1621.2679
1579617.733491 5100304.947106 -1615.3994
1579617.733491 5100103.842390 -1617.4423
1579617.733491 5099902.737674 -1619.5988
1579617.733491 5099701.632959 -1621.4408
1579617.733491 5099500.528243 -1622.3464
1579617.733491 5099299.423528 -1621.7625
1579617.733491 5099098.318812 -1619.8843
1579617.733491 5098897.214096 -1618.3749
1579617.733491 5098696.109381 -1617.4352
1579617.733491 5098495.004665 -1609.3634
1579617.733491 5098293.899949 -1604.5217
1579617.733491 5098092.795234 -1610.6758
1579617.733491 5097891.690518 -1615.9705
1579617.733491 5097690.585802 -1619.9727
1579617.733491 5097489.481087 -1623.2072
1579617.733491 5097288.376371 -1626.0490
1579818.028943 5100103.842390 -1618.9570
1579818.028943 5099902.737674 -1620.7258
1579818.028943 5099701.632959 -1622.2131
1579818.028943 5099500.528243 -1623.0801
1579818.028943 5099299.423528 -1623.1572
1579818.028943 5099098.318812 -1622.7719
1579818.028943 5098897.214096 -1622.8026
1579818.028943 5098696.109381 -1623.3522
1579818.028943 5098495.004665 -1617.3656
1579818.028943 5098293.899949 -1615.7096
1579818.028943 5098092.795234 -1617.5367
1579818.028943 5097891.690518 -1620.9670
1579818.028943 5097690.585802 -1623.3401
1579818.028943 5097489.481087 -1625.5194
1579818.028943 5097288.376371 -1627.7408
1579818.028943 5097087.271655 -1630.0179
1580018.324396 5099902.737674 -1621.6406
1580018.324396 5099701.632959 -1622.9254
1580018.324396 5099500.528243 -1623.8247
1580018.324396 5099299.423528 -1624.2861
1580018.324396 5099098.318812 -1624.4750
1580018.324396 5098897.214096 -1624.6019
1580018.324396 5098696.109381 -1624.1718
1580018.324396 5098495.004665 -1621.2162
1580018.324396 5098293.899949 -1617.7729
1580018.324396 5098092.795234 -1619.8914
1580018.324396 5097891.690518 -1625.4962
1580018.324396 5097690.585802 -1626.0032
1580018.324396 5097489.481087 -1627.2942
1580018.324396 5097288.376371 -1629.0724
1580018.324396 5097087.271655 -1631.1007
1580018.324396 5096886.166940 -1633.2574
1580218.619849 5099701.632959 -1623.5747
1580218.619849 5099500.528243 -1624.4434
1580218.619849 5099299.423528 -1624.9950
1580218.619849 5099098.318812 -1625.2382
1580218.619849 5098897.214096 -1625.1119
1580218.619849 5098696.109381 -1624.2449
1580218.619849 5098495.004665 -1622.1654
1580218.619849 5098293.899949 -1620.3180
1580218.619849 5098092.795234 -1623.0095
1580218.619849 5097891.690518 -1624.3330
1580218.619849 5097690.585802 -1626.0420
1580218.619849 5097489.481087 -1627.8423
1580218.619849 5097288.376371 -1629.7894
1580218.619849 5097087.271655 -1631.8302
1580218.619849 5096886.166940 -1633.9169
1580218.619849 5096685.062224 -1636.0935
1580418.915302 5099500.528243 -1624.9998
1580418.915302 5099299.423528 -1625.4987
1580418.915302 5099098.318812 -1625.6486
1580418.915302 5098897.214096 -1625.3413
1580418.915302 5098696.109381 -1624.4082
1580418.915302 5098495.004665 -1622.8729
1580418.915302 5098293.899949 -1621.6116
1580418.915302 5098092.795234 -1622.0161
1580418.915302 5097891.690518 -1622.8767
1580418.915302 5097690.585802 -1625.6367
1580418.915302 5097489.481087 -1627.9972
1580418.915302 5097288.376371 -1630.2517
1580418.915302 5097087.271655 -1632.3942
1580418.915302 5096886.166940 -1634.3987
1580418.915302 5096685.062224 -1636.4382
1580418.915302 5096483.957508 -1638.7269
1580619.210754 5099299.423528 -1626.0541
1580619.210754 5099098.318812 -1626.1343
1580619.210754 5098897.214096 -1625.7897
1580619.210754 5098696.109381 -1624.9790
1580619.210754 5098495.004665 -1623.8529
1580619.210754 5098293.899949 -1622.9471
1580619.210754 5098092.795234 -1622.9402
1580619.210754 5097891.690518 -1623.9054
1580619.210754 5097690.585802 -1627.4996
1580619.210754 5097489.481087 -1628.5386
1580619.210754 5097288.376371 -1630.9312
1580619.210754 5097087.271655 -1633.1200
1580619.210754 5096886.166940 -1634.8890
1580619.210754 5096685.062224 -1636.6213
1580619.210754 5096483.957508 -1638.7676
1580619.210754 5096282.852793 -1641.4530
1580819.506207 5099098.318812 -1626.9181
1580819.506207 5098897.214096 -1626.6538
1580819.506207 5098696.109381 -1626.0605
1580819.506207 5098495.004665 -1625.2936
1580819.506207 5098293.899949 -1624.6849
1580819.506207 5098092.795234 -1624.6006
1580819.506207 5097891.690518 -1625.1832
1580819.506207 5097690.585802 -1627.8087
1580819.506207 5097489.481087 -1629.6427
1580819.506207 5097288.376371 -1632.1006
1580819.506207 5097087.271655 -1634.3608
1580819.506207 5096886.166940 -1635.6051
1580819.506207 5096685.062224 -1636.7296
1580819.506207 5096483.957508 -1638.6348
1580819.506207 5096282.852793 -1641.4048
1580819.506207 5096081.748077 -1644.7596
1581019.801660 5098897.214096 -1627.9744
1581019.801660 5098696.109381 -1627.6558
1581019.801660 5098495.004665 -1627.2572
1581019.801660 5098293.899949 -1627.0077
1581019.801660 5098092.795234 -1627.1609
1581019.801660 5097891.690518 -1627.9209
1581019.801660 5097690.585802 -1629.5277
1581019.801660 5097489.481087 -1632.8040
1581019.801660 5097288.376371 -1634.9984
1581019.801660 5097087.271655 -1636.5157
1581019.801660 5096886.166940 -1636.7565
1581019.801660 5096685.062224 -1636.8221
1581019.801660 5096483.957508 -1638.4700
1581019.801660 5096282.852793 -1641.4191
1581019.801660 5096081.748077 -1645.0598
1581019.801660 5095880.643361 -1648.9736
1581220.097113 5098696.109381 -1629.6901
1581220.097113 5098495.004665 -1629.6737
1581220.097113 5098293.899949 -1629.8209
1581220.097113 5098092.795234 -1630.3116
1581220.097113 5097891.690518 -1631.2781
1581220.097113 5097690.585802 -1632.7567
1581220.097113 5097489.481087 -1634.5308
1581220.097113 5097288.376371 -1637.0427
1581220.097113 5097087.271655 -1638.7086
1581220.097113 5096886.166940 -1638.5154
1581220.097113 5096685.062224 -1636.9532
1581220.097113 5096483.957508 -1638.6189
1581220.097113 5096282.852793 -1641.9243
1581220.097113 5096081.748077 -1645.8094
1581220.097113 5095880.643361 -1649.8701
1581220.097113 5095679.538646 -1653.9359
1581420.392565 5098495.004665 -1632.4069
1581420.392565 5098293.899949 -1632.9674
1581420.392565 5098092.795234 -1633.8583
1581420.392565 5097891.690518 -1635.1652
1581420.392565 5097690.585802 -1636.8574
1581420.392565 5097489.481087 -1638.6909
1581420.392565 5097288.376371 -1640.2037
1581420.392565 5097087.271655 -1640.2886
1581420.392565 5096886.166940 -1643.4518
1581420.392565 5096685.062224 -1637.5596
1581420.392565 5096483.957508 -1640.0072
1581420.392565 5096282.852793 -1643.6625
1581420.392565 5096081.748077 -1647.4454
1581420.392565 5095880.643361 -1651.3251
1581420.392565 5095679.538646 -1655.2649
1581420.392565 5095478.433930 -1659.2272
1581620.688018 5098495.004665 -1635.2947
1581620.688018 5098293.899949 -1636.2515
1581620.688018 5098092.795234 -1637.5651
1581620.688018 5097891.690518 -1639.3303
1581620.688018 5097690.585802 -1641.5988
1581620.688018 5097489.481087 -1644.3967
1581620.688018 5097288.376371 -1647.8574
1581620.688018 5097087.271655 -1652.3488
1581620.688018 5096886.166940 -1650.6329
1581620.688018 5096685.062224 -1640.8281
1581620.688018 5096483.957508 -1644.6136
1581620.688018 5096282.852793 -1647.4629
1581620.688018 5096081.748077 -1650.2054
1581620.688018 5095880.643361 -1653.4148
1581620.688018 5095679.538646 -1656.9331
1581620.688018 5095478.433930 -1660.6942
1581620.688018 5095277.329214 -1664.6473
1581820.983471 5098293.899949 -1639.4637
1581820.983471 5098092.795234 -1641.1237
1581820.983471 5097891.690518 -1643.2441
1581820.983471 5097690.585802 -1645.8768
1581820.983471 5097489.481087 -1649.0089
1581820.983471 5097288.376371 -1652.4702
1581820.983471 5097087.271655 -1655.4939
1581820.983471 5096886.166940 -1655.2732
1581820.983471 5096685.062224 -1648.7052
1581820.983471 5096483.957508 -1654.9341
1581820.983471 5096282.852793 -1652.6996
1581820.983471 5096081.748077 -1653.4983
1581820.983471 5095880.643361 -1655.8998
1581820.983471 5095679.538646 -1658.8251
1581820.983471 5095478.433930 -1662.2466
1581820.983471 5095277.329214 -1666.1974
1581820.983471 5095076.224499 -1670.3843
1582021.278923 5098092.795234 -1644.3258
1582021.278923 5097891.690518 -1646.6108
1582021.278923 5097690.585802 -1649.3029
1582021.278923 5097489.481087 -1652.2799
1582021.278923 5097288.376371 -1655.1788
1582021.278923 5097087.271655 -1657.1669
1582021.278923 5096886.166940 -1656.8553
1582021.278923 5096685.062224 -1654.1057
1582021.278923 5096483.957508 -1653.9313
1582021.278923 5096282.852793 -1653.9329
1582021.278923 5096081.748077 -1655.9695
1582021.278923 5095880.643361 -1658.5677
1582021.278923 5095679.538646 -1660.8125
1582021.278923 5095478.433930 -1663.7454
1582021.278923 5095277.329214 -1667.7828
1582021.278923 5095076.224499 -1672.3134
1582221.574376 5097891.690518 -1649.4138
1582221.574376 5097690.585802 -1651.9922
1582221.574376 5097489.481087 -1654.6864
1582221.574376 5097288.376371 -1657.1534
1582221.574376 5097087.271655 -1658.8593
1582221.574376 5096886.166940 -1659.3354
1582221.574376 5096685.062224 -1659.1350
1582221.574376 5096483.957508 -1660.6021
1582221.574376 5096282.852793 -1657.8639
1582221.574376 5096081.748077 -1660.8328
1582221.574376 5095880.643361 -1662.3763
1582221.574376 5095679.538646 -1662.8713
1582221.574376 5095478.433930 -1664.9545
1582221.574376 5095277.329214 -1669.3990
1582221.574376 5095076.224499 -1674.5691
1582221.574376 5094875.119783 -1679.2579
1582421.869829 5097690.585802 -1654.1843
1582421.869829 5097489.481087 -1656.6255
1582421.869829 5097288.376371 -1658.8434
1582421.869829 5097087.271655 -1660.5403
1582421.869829 5096886.166940 -1661.5659
1582421.869829 5096685.062224 -1662.2217
1582421.869829 5096483.957508 -1663.0338
1582421.869829 5096282.852793 -1662.8955
1582421.869829 5096081.748077 -1662.2675
1582421.869829 5095880.643361 -1665.7511
1582421.869829 5095679.538646 -1664.2166
1582421.869829 5095478.433930 -1665.3406
1582421.869829 5095277.329214 -1671.1941
1582421.869829 5095076.224499 -1677.4786
1582421.869829 5094875.119783 -1682.4146
1582421.869829 5094674.015067 -1686.1013
1582622.165282 5097489.481087 -1658.3378
1582622.165282 5097288.376371 -1660.4128
1582622.165282 5097087.271655 -1662.1509
1582622.165282 5096886.166940 -1663.4978
1582622.165282 5096685.062224 -1664.6051
1582622.165282 5096483.957508 -1665.7000
1582622.165282 5096282.852793 -1666.7926
1582622.165282 5096081.748077 -1668.7352
1582622.165282 5095880.643361 -1668.3344
1582622.165282 5095679.538646 -1666.4690
1582622.165282 5095478.433930 -1664.5764
1582622.165282 5095277.329214 -1673.9675
1582622.165282 5095076.224499 -1681.6409
1582622.165282 5094875.119783 -1686.2349
1582622.165282 5094674.015067 -1689.2067
1582622.165282 5094472.910352 -1691.6182
1582822.460734 5097288.376371 -1661.9465
1582822.460734 5097087.271655 -1663.6959
1582822.460734 5096886.166940 -1665.1799
1582822.460734 5096685.062224 -1666.4587
1582822.460734 5096483.957508 -1667.6356
1582822.460734 5096282.852793 -1668.7751
1582822.460734 5096081.748077 -1669.9558
1582822.460734 5095880.643361 -1670.2755
1582822.460734 5095679.538646 -1667.1648
1582822.460734 5095478.433930 -1663.7504
1582822.460734 5095277.329214 -1679.7246
1582822.460734 5095076.224499 -1687.5222
1582822.460734 5094875.119783 -1690.2737
1582822.460734 5094674.015067 -1691.9443
1582822.460734 5094472.910352 -1693.7740
1582822.460734 5094271.805636 -1695.8928
1583022.756187 5097087.271655 -1665.2418
1583022.756187 5096886.166940 -1666.7385
1583022.756187 5096685.062224 -1667.9929
1583022.756187 5096483.957508 -1668.9895
1583022.756187 5096282.852793 -1669.6450
1583022.756187 5096081.748077 -1669.7203
1583022.756187 5095880.643361 -1668.5837
1583022.756187 5095679.538646 -1665.8824
1583022.756187 5095478.433930 -1669.4342
1583022.756187 5095277.329214 -1686.2864
1583022.756187 5095076.224499 -1693.2559
1583022.756187 5094875.119783 -1692.6630
1583022.756187 5094674.015067 -1693.3589
1583022.756187 5094472.910352 -1695.1824
1583022.756187 5094271.805636 -1697.5221
1583022.756187 5094070.700920 -1700.0313
1583223.051640 5096886.166940 -1668.3698
1583223.051640 5096685.062224 -1669.5690
1583223.051640 5096483.957508 -1670.4193
1583223.051640 5096282.852793 -1670.8094
1583223.051640 5096081.748077 -1670.5872
1583223.051640 5095880.643361 -1669.6971
1583223.051640 5095679.538646 -1668.9460
1583223.051640 5095478.433930 -1671.7919
1583223.051640 5095277.329214 -1682.2996
1583223.051640 5095076.224499 -1691.1201
1583223.051640 5094875.119783 -1690.6199
1583223.051640 5094674.015067 -1693.1211
1583223.051640 5094472.910352 -1696.1396
1583223.051640 5094271.805636 -1699.1221
1583223.051640 5094070.700920 -1701.9634
1583223.051640 5093869.596205 -1704.6715
1583423.347092 5096685.062224 -1671.4670
1583423.347092 5096483.957508 -1672.3672
1583423.347092 5096282.852793 -1672.8873
1583423.347092 5096081.748077 -1673.0496
1583423.347092 5095880.643361 -1673.1263
1583423.347092 5095679.538646 -1674.0083
1583423.347092 5095478.433930 -1677.4297
1583423.347092 5095277.329214 -1684.2214
1583423.347092 5095076.224499 -1689.3630
1583423.347092 5094875.119783 -1694.2084
1583423.347092 5094674.015067 -1694.5258
1583423.347092 5094472.910352 -1698.2546
1583423.347092 5094271.805636 -1701.4375
1583423.347092 5094070.700920 -1704.3403
1583423.347092 5093869.596205 -1707.0718
1583423.347092 5093668.491489 -1709.6851
1583623.642545 5096483.957508 -1674.9155
1583623.642545 5096282.852793 -1675.8345
1583623.642545 5096081.748077 -1676.6788
1583623.642545 5095880.643361 -1677.8147
1583623.642545 5095679.538646 -1679.9543
1583623.642545 5095478.433930 -1684.0159
1583623.642545 5095277.329214 -1690.2472
1583623.642545 5095076.224499 -1697.0835
1583623.642545 5094875.119783 -1700.0358
1583623.642545 5094674.015067 -1705.8679
1583623.642545 5094472.910352 -1702.6256
1583623.642545 5094271.805636 -1704.7852
1583623.642545 5094070.700920 -1707.2716
1583623.642545 5093869.596205 -1709.8159
1583623.642545 5093668.491489 -1712.3319
1583823.937998 5096282.852793 -1679.3253
1583823.937998 5096081.748077 -1680.8499
1583823.937998 5095880.643361 -1682.8193
1583823.937998 5095679.538646 -1685.7080
1583823.937998 5095478.433930 -1689.9471
1583823.937998 5095277.329214 -1695.4409
1583823.937998 5095076.224499 -1701.0719
1583823.937998 5094875.119783 -1704.8439
1583823.937998 5094674.015067 -1704.6847
1583823.937998 5094472.910352 -1706.2004
1583823.937998 5094271.805636 -1708.1703
1583823.937998 5094070.700920 -1710.4147
1583823.937998 5093869.596205 -1712.7706
1584024.233451 5096081.748077 -1685.0778
1584024.233451 5095880.643361 -1687.5854
1584024.233451 5095679.538646 -1690.8031
1584024.233451 5095478.433930 -1694.8734
1584024.233451 5095277.329214 -1699.5527
1584024.233451 5095076.224499 -1704.0228
1584024.233451 5094875.119783 -1707.1141
1584024.233451 5094674.015067 -1708.2767
1584024.233451 5094472.910352 -1709.7388
1584024.233451 5094271.805636 -1711.5596
1584024.233451 5094070.700920 -1713.6185
1584024.233451 5093869.596205 -1715.8104
1584224.528903 5095880.643361 -1691.8878
1584224.528903 5095679.538646 -1695.1825
1584224.528903 5095478.433930 -1698.9644
1584224.528903 5095277.329214 -1702.9828
1584224.528903 5095076.224499 -1706.6996
1584224.528903 5094875.119783 -1709.5143
1584224.528903 5094674.015067 -1711.3140
1584224.528903 5094472.910352 -1712.9830
1584224.528903 5094271.805636 -1714.7859
1584224.528903 5094070.700920 -1716.7456
1584424.824356 5095679.538646 -1698.9476
1584424.824356 5095478.433930 -1702.4519
1584424.824356 5095277.329214 -1706.0039
1584424.824356 5095076.224499 -1709.2732
1584424.824356 5094875.119783 -1711.9600
1584424.824356 5094674.015067 -1714.0514
1584424.824356 5094472.910352 -1715.9170
1584424.824356 5094271.805636 -1717.7789
1584625.119809 5095679.538646 -1702.2355
1584625.119809 5095478.433930 -1705.5175
1584625.119809 5095277.329214 -1708.7596
1584625.119809 5095076.224499 -1711.7639
1584625.119809 5094875.119783 -1714.3771
1584625.119809 5094674.015067 -1716.6025
1584625.119809 5094472.910352 -1718.6115
1584825.415262 5095478.433930 -1708.2961
1584825.415262 5095277.329214 -1711.3384
1584825.415262 5095076.224499 -1714.1821
1584825.415262 5094875.119783 -1716.7474
1584825.415262 5094674.015067 -1719.0380
1585025.710714 5095277.329214 -1713.8073
1585025.710714 5095076.224499 -1716.5531
1585025.710714 5094875.119783 -1719.0857
1585025.710714 5094674.015067 -1721.4095
1585226.006167 5095076.224499 -1718.9095
1585226.006167 5094875.119783 -1721.4188
