1557384.938239 5118203.266799 -1478.9308
1557384.938239 5118002.162084 -1479.2688
1557585.233691 5118404.371515 -1480.0441
1557585.233691 5118203.266799 -1480.5015
1557585.233691 5118002.162084 -1480.4156
1557585.233691 5117801.057368 -1480.2916
1557785.529144 5118605.476231 -1480.8199
1557785.529144 5118404.371515 -1482.1531
1557785.529144 5118203.266799 -1482.0389
1557785.529144 5118002.162084 -1481.3497
1557785.529144 5117801.057368 -1480.7714
1557785.529144 5117599.952653 -1480.6862
1557985.824597 5118806.580946 -1479.5222
1557985.824597 5118605.476231 -1483.4686
1557985.824597 5118404.371515 -1484.2606
1557985.824597 5118203.266799 -1483.2185
1557985.824597 5118002.162084 -1481.7352
1557985.824597 5117801.057368 -1480.6898
1557985.824597 5117599.952653 -1480.4424
1557985.824597 5117398.847937 -1481.0133
1558186.120050 5119007.685662 -1472.1449
1558186.120050 5118806.580946 -1481.8646
1558186.120050 5118605.476231 -1486.2635
1558186.120050 5118404.371515 -1485.8868
1558186.120050 5118203.266799 -1483.4597
1558186.120050 5118002.162084 -1481.0891
1558186.120050 5117801.057368 -1479.7379
1558186.120050 5117599.952653 -1479.5874
1558186.120050 5117398.847937 -1480.4491
1558186.120050 5117197.743221 -1482.0315
1558386.415502 5119208.790378 -1459.6228
1558386.415502 5119007.685662 -1469.7805
1558386.415502 5118806.580946 -1484.3218
1558386.415502 5118605.476231 -1488.5972
1558386.415502 5118404.371515 -1486.0431
1558386.415502 5118203.266799 -1481.8727
1558386.415502 5118002.162084 -1478.8560
1558386.415502 5117801.057368 -1477.6842
1558386.415502 5117599.952653 -1478.1058
1558386.415502 5117398.847937 -1479.6216
1558386.415502 5117197.743221 -1481.7737
1558586.710955 5119409.895093 -1449.9418
1558586.710955 5119208.790378 -1455.3752
1558586.710955 5119007.685662 -1471.3694
1558586.710955 5118806.580946 -1470.9470
1558586.710955 5118605.476231 -1488.4873
1558586.710955 5118404.371515 -1482.9868
1558586.710955 5118203.266799 -1477.4478
1558586.710955 5118002.162084 -1474.7223
1558586.710955 5117801.057368 -1474.6338
1558586.710955 5117599.952653 -1476.2778
1558586.710955 5117398.847937 -1478.8378
1558586.710955 5117197.743221 -1481.7552
1558586.710955 5116996.638506 -1484.7080
1558787.006408 5119610.999809 -1445.5789
1558787.006408 5119409.895093 -1449.5344
1558787.006408 5119208.790378 -1454.2395
1558787.006408 5119007.685662 -1461.0911
1558787.006408 5118806.580946 -1469.0613
1558787.006408 5118605.476231 -1471.4810
1558787.006408 5118404.371515 -1475.0999
1558787.006408 5118203.266799 -1470.0854
1558787.006408 5118002.162084 -1469.3428
1558787.006408 5117801.057368 -1471.4148
1558787.006408 5117599.952653 -1474.8308
1558787.006408 5117398.847937 -1478.6505
1558787.006408 5117197.743221 -1482.3585
1558787.006408 5116996.638506 -1485.7375
1558787.006408 5116795.533790 -1488.7534
1558987.301860 5119610.999809 -1447.5824
1558987.301860 5119409.895093 -1451.5197
1558987.301860 5119208.790378 -1456.1497
1558987.301860 5119007.685662 -1462.2180
1558987.301860 5118806.580946 -1469.8048
1558987.301860 5118605.476231 -1471.7631
1558987.301860 5118404.371515 -1472.5610
1558987.301860 5118203.266799 -1463.1017
1558987.301860 5118002.162084 -1465.3104
1558987.301860 5117801.057368 -1469.8011
1558987.301860 5117599.952653 -1474.8823
1558987.301860 5117398.847937 -1479.7314
1558987.301860 5117197.743221 -1483.9651
1558987.301860 5116996.638506 -1487.5137
1558987.301860 5116795.533790 -1490.4878
1558987.301860 5116594.429074 -1493.0530
1559187.597313 5119409.895093 -1454.9146
1559187.597313 5119208.790378 -1459.5237
1559187.597313 5119007.685662 -1465.0728
1559187.597313 5118806.580946 -1471.1654
1559187.597313 5118605.476231 -1475.4138
1559187.597313 5118404.371515 -1472.6335
1559187.597313 5118203.266799 -1474.7081
1559187.597313 5118002.162084 -1466.6412
1559187.597313 5117801.057368 -1471.7506
1559187.597313 5117599.952653 -1477.3529
1559187.597313 5117398.847937 -1482.5062
1559187.597313 5117197.743221 -1486.7371
1559187.597313 5116996.638506 -1490.0480
1559187.597313 5116795.533790 -1492.6812
1559187.597313 5116594.429074 -1494.9054
1559187.597313 5116393.324359 -1496.9164
1559387.892766 5119208.790378 -1463.0824
1559387.892766 5119007.685662 -1467.9878
1559387.892766 5118806.580946 -1472.9932
1559387.892766 5118605.476231 -1476.7313
1559387.892766 5118404.371515 -1477.3560
1559387.892766 5118203.266799 -1476.4940
1559387.892766 5118002.162084 -1474.4429
1559387.892766 5117801.057368 -1477.0304
1559387.892766 5117599.952653 -1481.8698
1559387.892766 5117398.847937 -1486.6703
1559387.892766 5117197.743221 -1490.3885
1559387.892766 5116996.638506 -1493.0554
1559387.892766 5116795.533790 -1495.0669
1559387.892766 5116594.429074 -1496.7877
1559387.892766 5116393.324359 -1498.4288
1559387.892766 5116192.219643 -1500.0675
1559588.188219 5119007.685662 -1470.2606
1559588.188219 5118806.580946 -1474.2021
1559588.188219 5118605.476231 -1477.2233
1559588.188219 5118404.371515 -1478.5690
1559588.188219 5118203.266799 -1478.5438
1559588.188219 5118002.162084 -1478.2195
1559588.188219 5117801.057368 -1480.9320
1559588.188219 5117599.952653 -1486.3248
1559588.188219 5117398.847937 -1491.1260
1559588.188219 5117197.743221 -1494.1610
1559588.188219 5116996.638506 -1495.9418
1559588.188219 5116795.533790 -1497.1866
1559588.188219 5116594.429074 -1498.3695
1559588.188219 5116393.324359 -1499.6663
1559588.188219 5116192.219643 -1501.0747
1559588.188219 5115991.114927 -1502.5380
1559788.483671 5118806.580946 -1474.6699
1559788.483671 5118605.476231 -1476.7607
1559788.483671 5118404.371515 -1477.7634
1559788.483671 5118203.266799 -1477.9940
1559788.483671 5118002.162084 -1478.6040
1559788.483671 5117801.057368 -1481.0059
1559788.483671 5117599.952653 -1489.2688
1559788.483671 5117398.847937 -1494.7284
1559788.483671 5117197.743221 -1497.0546
1559788.483671 5116996.638506 -1497.9264
1559788.483671 5116795.533790 -1498.4945
1559788.483671 5116594.429074 -1499.3108
1559788.483671 5116393.324359 -1500.4371
1559788.483671 5116192.219643 -1501.7316
1559788.483671 5115991.114927 -1503.0647
1559788.483671 5115790.010212 -1504.3901
1559988.779124 5118605.476231 -1475.8740
1559988.779124 5118404.371515 -1476.1588
1559988.779124 5118203.266799 -1475.9453
1559988.779124 5118002.162084 -1476.3964
1559988.779124 5117801.057368 -1479.8086
1559988.779124 5117599.952653 -1488.8796
1559988.779124 5117398.847937 -1495.9987
1559988.779124 5117197.743221 -1497.8362
1559988.779124 5116996.638506 -1498.2268
1559988.779124 5116795.533790 -1498.5570
1559988.779124 5116594.429074 -1499.4366
1559988.779124 5116393.324359 -1500.7141
1559988.779124 5116192.219643 -1502.0549
1559988.779124 5115991.114927 -1503.2885
1559988.779124 5115790.010212 -1504.4279
1559988.779124 5115588.905496 -1505.5704
1560189.074577 5118404.371515 -1474.8103
1560189.074577 5118203.266799 -1473.7368
1560189.074577 5118002.162084 -1472.5162
1560189.074577 5117801.057368 -1471.9550
1560189.074577 5117599.952653 -1490.7228
1560189.074577 5117398.847937 -1492.1250
1560189.074577 5117197.743221 -1495.3743
1560189.074577 5116996.638506 -1496.6229
1560189.074577 5116795.533790 -1497.4437
1560189.074577 5116594.429074 -1498.9921
1560189.074577 5116393.324359 -1500.7856
1560189.074577 5116192.219643 -1502.2633
1560189.074577 5115991.114927 -1503.3125
1560189.074577 5115790.010212 -1504.1340
1560189.074577 5115588.905496 -1504.9882
1560189.074577 5115387.800780 -1506.0521
1560389.370030 5118203.266799 -1473.7921
1560389.370030 5118002.162084 -1472.8514
1560389.370030 5117801.057368 -1473.2533
1560389.370030 5117599.952653 -1477.6140
1560389.370030 5117398.847937 -1493.4343
1560389.370030 5117197.743221 -1493.8242
1560389.370030 5116996.638506 -1494.8853
1560389.370030 5116795.533790 -1496.2317
1560389.370030 5116594.429074 -1498.8868
1560389.370030 5116393.324359 -1501.3527
1560389.370030 5116192.219643 -1502.7705
1560389.370030 5115991.114927 -1503.3022
1560389.370030 5115790.010212 -1503.5206
1560389.370030 5115588.905496 -1503.9225
1560389.370030 5115387.800780 -1504.7659
1560389.370030 5115186.696065 -1506.0979
1560589.665482 5118002.162084 -1476.2457
1560589.665482 5117801.057368 -1477.9846
1560589.665482 5117599.952653 -1482.6409
1560589.665482 5117398.847937 -1490.1329
1560589.665482 5117197.743221 -1495.0350
1560589.665482 5116996.638506 -1497.6473
1560589.665482 5116795.533790 -1496.8293
1560589.665482 5116594.429074 -1500.6910
1560589.665482 5116393.324359 -1503.3969
1560589.665482 5116192.219643 -1504.0022
1560589.665482 5115991.114927 -1503.3320
1560589.665482 5115790.010212 -1502.5177
1560589.665482 5115588.905496 -1502.2908
1560589.665482 5115387.800780 -1502.9063
1560589.665482 5115186.696065 -1504.3113
1560589.665482 5114985.591349 -1506.3136
1560789.960935 5118002.162084 -1481.0531
1560789.960935 5117801.057368 -1483.8252
1560789.960935 5117599.952653 -1488.6201
1560789.960935 5117398.847937 -1494.7972
1560789.960935 5117197.743221 -1499.5443
1560789.960935 5116996.638506 -1498.8220
1560789.960935 5116795.533790 -1503.7493
1560789.960935 5116594.429074 -1506.4098
1560789.960935 5116393.324359 -1507.5535
1560789.960935 5116192.219643 -1505.8862
1560789.960935 5115991.114927 -1503.1090
1560789.960935 5115790.010212 -1500.8801
1560789.960935 5115588.905496 -1499.9873
1560789.960935 5115387.800780 -1500.4918
1560789.960935 5115186.696065 -1502.1259
1560789.960935 5114985.591349 -1504.5355
1560789.960935 5114784.486633 -1507.3901
1560990.256388 5117801.057368 -1489.5917
1560990.256388 5117599.952653 -1494.6852
1560990.256388 5117398.847937 -1501.1571
1560990.256388 5117197.743221 -1508.3986
1560990.256388 5116996.638506 -1516.9525
1560990.256388 5116795.533790 -1508.6097
1560990.256388 5116594.429074 -1512.5765
1560990.256388 5116393.324359 -1512.0265
1560990.256388 5116192.219643 -1506.9836
1560990.256388 5115991.114927 -1501.7593
1560990.256388 5115790.010212 -1498.2419
1560990.256388 5115588.905496 -1497.0093
1560990.256388 5115387.800780 -1497.7120
1560990.256388 5115186.696065 -1499.8024
1560990.256388 5114985.591349 -1502.7689
1560990.256388 5114784.486633 -1506.1929
1560990.256388 5114583.381918 -1509.7579
1561190.551840 5117599.952653 -1499.2573
1561190.551840 5117398.847937 -1505.0214
1561190.551840 5117197.743221 -1510.9569
1561190.551840 5116996.638506 -1515.7646
1561190.551840 5116795.533790 -1515.6973
1561190.551840 5116594.429074 -1511.1938
1561190.551840 5116393.324359 -1506.0662
1561190.551840 5116192.219643 -1504.4063
1561190.551840 5115991.114927 -1498.4099
1561190.551840 5115790.010212 -1494.6406
1561190.551840 5115588.905496 -1493.8147
1561190.551840 5115387.800780 -1495.1191
1561190.551840 5115186.696065 -1497.8445
1561190.551840 5114985.591349 -1501.4319
1561190.551840 5114784.486633 -1505.4331
1561190.551840 5114583.381918 -1509.5133
1561190.551840 5114382.277202 -1513.4409
1561390.847293 5117398.847937 -1506.6537
1561390.847293 5117197.743221 -1510.4507
1561390.847293 5116996.638506 -1511.9515
1561390.847293 5116795.533790 -1508.7400
1561390.847293 5116594.429074 -1500.0370
1561390.847293 5116393.324359 -1504.3917
1561390.847293 5116192.219643 -1501.2600
1561390.847293 5115991.114927 -1494.8185
1561390.847293 5115790.010212 -1491.6830
1561390.847293 5115588.905496 -1491.8376
1561390.847293 5115387.800780 -1493.7717
1561390.847293 5115186.696065 -1496.9933
1561390.847293 5114985.591349 -1501.0516
1561390.847293 5114784.486633 -1505.4929
1561390.847293 5114583.381918 -1509.9652
1561390.847293 5114382.277202 -1514.2321
1561591.142746 5117197.743221 -1510.0107
1561591.142746 5116996.638506 -1510.6511
1561591.142746 5116795.533790 -1508.5935
1561591.142746 5116594.429074 -1504.9268
1561591.142746 5116393.324359 -1504.5280
1561591.142746 5116192.219643 -1497.5005
1561591.142746 5115991.114927 -1498.7020
1561591.142746 5115790.010212 -1493.1721
1561591.142746 5115588.905496 -1493.5610
1561591.142746 5115387.800780 -1494.9924
1561591.142746 5115186.696065 -1497.9966
1561591.142746 5114985.591349 -1502.1053
1561591.142746 5114784.486633 -1506.6940
1561591.142746 5114583.381918 -1511.3335
1561591.142746 5114382.277202 -1515.7700
1561591.142746 5114181.172486 -1519.8363
1561791.438199 5116996.638506 -1511.6479
1561791.438199 5116795.533790 -1511.8035
1561791.438199 5116594.429074 -1512.0839
1561791.438199 5116393.324359 -1514.5436
1561791.438199 5116192.219643 -1518.2938
1561791.438199 5115991.114927 -1500.3135
1561791.438199 5115790.010212 -1504.7672
1561791.438199 5115588.905496 -1501.2595
1561791.438199 5115387.800780 -1499.2886
1561791.438199 5115186.696065 -1501.0778
1561791.438199 5114985.591349 -1504.7869
1561791.438199 5114784.486633 -1509.1779
1561791.438199 5114583.381918 -1513.6997
1561791.438199 5114382.277202 -1518.0999
1561791.438199 5114181.172486 -1522.1915
1561791.438199 5113980.067771 -1525.7922
1561991.733651 5116795.533790 -1515.3989
1561991.733651 5116594.429074 -1517.8717
1561991.733651 5116393.324359 -1521.5449
1561991.733651 5116192.219643 -1525.3002
1561991.733651 5115991.114927 -1525.5798
1561991.733651 5115790.010212 -1509.0132
1561991.733651 5115588.905496 -1510.5356
1561991.733651 5115387.800780 -1504.3942
1561991.733651 5115186.696065 -1505.5734
1561991.733651 5114985.591349 -1508.9341
1561991.733651 5114784.486633 -1512.8418
1561991.733651 5114583.381918 -1516.9427
1561991.733651 5114382.277202 -1521.1091
1561991.733651 5114181.172486 -1525.1313
1561991.733651 5113980.067771 -1528.7119
1561991.733651 5113778.963055 -1531.5911
1562192.029104 5116594.429074 -1521.3407
1562192.029104 5116393.324359 -1525.0814
1562192.029104 5116192.219643 -1528.1624
1562192.029104 5115991.114927 -1528.4742
1562192.029104 5115790.010212 -1524.5027
1562192.029104 5115588.905496 -1506.8204
1562192.029104 5115387.800780 -1509.3850
1562192.029104 5115186.696065 -1511.3491
1562192.029104 5114985.591349 -1514.4036
1562192.029104 5114784.486633 -1517.3539
1562192.029104 5114583.381918 -1520.6917
1562192.029104 5114382.277202 -1524.4958
1562192.029104 5114181.172486 -1528.4684
1562192.029104 5113980.067771 -1532.0690
1562192.029104 5113778.963055 -1534.8500
1562192.029104 5113577.858339 -1536.6195
1562392.324557 5116393.324359 -1526.1599
1562392.324557 5116192.219643 -1528.5177
1562392.324557 5115991.114927 -1528.5736
1562392.324557 5115790.010212 -1525.4087
1562392.324557 5115588.905496 -1519.4816
1562392.324557 5115387.800780 -1511.7156
1562392.324557 5115186.696065 -1519.3617
1562392.324557 5114985.591349 -1520.8208
1562392.324557 5114784.486633 -1521.9132
1562392.324557 5114583.381918 -1524.2405
1562392.324557 5114382.277202 -1527.7599
1562392.324557 5114181.172486 -1531.9296
1562392.324557 5113980.067771 -1535.7380
1562392.324557 5113778.963055 -1538.4521
1562392.324557 5113577.858339 -1539.8452
1562392.324557 5113376.753624 -1540.0629
1562592.620009 5116192.219643 -1527.8361
1562592.620009 5115991.114927 -1528.1082
1562592.620009 5115790.010212 -1526.4679
1562592.620009 5115588.905496 -1523.8779
1562592.620009 5115387.800780 -1523.1561
1562592.620009 5115186.696065 -1524.0082
1562592.620009 5114985.591349 -1526.1943
1562592.620009 5114784.486633 -1524.8278
1562592.620009 5114583.381918 -1526.6194
1562592.620009 5114382.277202 -1530.3015
1562592.620009 5114181.172486 -1535.2633
1562592.620009 5113980.067771 -1539.6272
1562592.620009 5113778.963055 -1542.3105
1562592.620009 5113577.858339 -1543.1791
1562592.620009 5113376.753624 -1542.6168
1562592.620009 5113175.648908 -1541.1426
1562792.915462 5115991.114927 -1527.3936
1562792.915462 5115790.010212 -1526.9221
1562792.915462 5115588.905496 -1526.0930
1562792.915462 5115387.800780 -1526.2043
1562792.915462 5115186.696065 -1527.5272
1562792.915462 5114985.591349 -1525.9523
1562792.915462 5114784.486633 -1525.3623
1562792.915462 5114583.381918 -1527.4132
1562792.915462 5114382.277202 -1531.6869
1562792.915462 5114181.172486 -1538.4220
1562792.915462 5113980.067771 -1543.7446
1562792.915462 5113778.963055 -1546.3071
1562792.915462 5113577.858339 -1546.3793
1562792.915462 5113376.753624 -1544.7888
1562792.915462 5113175.648908 -1542.3396
1562792.915462 5112974.544192 -1539.6019
1562993.210915 5115790.010212 -1526.5646
1562993.210915 5115588.905496 -1526.3447
1562993.210915 5115387.800780 -1526.2413
1562993.210915 5115186.696065 -1526.0549
1562993.210915 5114985.591349 -1524.5863
1562993.210915 5114784.486633 -1525.1373
1562993.210915 5114583.381918 -1526.2947
1562993.210915 5114382.277202 -1531.6410
1562993.210915 5114181.172486 -1541.7001
1562993.210915 5113980.067771 -1548.1206
1562993.210915 5113778.963055 -1550.1478
1562993.210915 5113577.858339 -1548.9908
1562993.210915 5113376.753624 -1546.1227
1562993.210915 5113175.648908 -1542.6393
1562993.210915 5112974.544192 -1539.1630
1562993.210915 5112773.439477 -1535.9901
1563193.506368 5115588.905496 -1525.6450
1563193.506368 5115387.800780 -1525.3345
1563193.506368 5115186.696065 -1524.8372
1563193.506368 5114985.591349 -1524.3528
1563193.506368 5114784.486633 -1525.6160
1563193.506368 5114583.381918 -1529.0515
1563193.506368 5114382.277202 -1530.4376
1563193.506368 5114181.172486 -1545.6820
1563193.506368 5113980.067771 -1552.2565
1563193.506368 5113778.963055 -1552.9927
1563193.506368 5113577.858339 -1550.2013
1563193.506368 5113376.753624 -1545.9888
1563193.506368 5113175.648908 -1541.6375
1563193.506368 5112974.544192 -1537.6726
1563193.506368 5112773.439477 -1534.2572
1563193.506368 5112572.334761 -1531.4141
1563393.801820 5115387.800780 -1524.1666
1563393.801820 5115186.696065 -1523.3702
1563393.801820 5114985.591349 -1522.5804
1563393.801820 5114784.486633 -1522.4844
1563393.801820 5114583.381918 -1523.3490
1563393.801820 5114382.277202 -1531.0618
1563393.801820 5114181.172486 -1532.5573
1563393.801820 5113980.067771 -1553.3002
1563393.801820 5113778.963055 -1553.0242
1563393.801820 5113577.858339 -1548.8740
1563393.801820 5113376.753624 -1543.7473
1563393.801820 5113175.648908 -1539.0764
1563393.801820 5112974.544192 -1535.0944
1563393.801820 5112773.439477 -1531.7849
1563393.801820 5112572.334761 -1529.1180
1563393.801820 5112371.230045 -1527.0106
1563594.097273 5115186.696065 -1522.2317
1563594.097273 5114985.591349 -1521.0376
1563594.097273 5114784.486633 -1520.0394
1563594.097273 5114583.381918 -1519.7219
1563594.097273 5114382.277202 -1521.6892
1563594.097273 5114181.172486 -1534.6196
1563594.097273 5113980.067771 -1536.4099
1563594.097273 5113778.963055 -1548.6223
1563594.097273 5113577.858339 -1544.3794
1563594.097273 5113376.753624 -1539.2697
1563594.097273 5113175.648908 -1535.1960
1563594.097273 5112974.544192 -1531.7709
1563594.097273 5112773.439477 -1528.8838
1563594.097273 5112572.334761 -1526.6090
1563594.097273 5112371.230045 -1524.9058
1563594.097273 5112170.125330 -1523.5878
1563794.392726 5115186.696065 -1521.9663
1563794.392726 5114985.591349 -1520.8297
1563794.392726 5114784.486633 -1519.9170
1563794.392726 5114583.381918 -1519.9198
1563794.392726 5114382.277202 -1522.2571
1563794.392726 5114181.172486 -1529.1094
1563794.392726 5113980.067771 -1539.0913
1563794.392726 5113778.963055 -1539.7274
1563794.392726 5113577.858339 -1538.2113
1563794.392726 5113376.753624 -1533.6466
1563794.392726 5113175.648908 -1531.1600
1563794.392726 5112974.544192 -1528.5682
1563794.392726 5112773.439477 -1526.1031
1563794.392726 5112572.334761 -1524.2688
1563794.392726 5112371.230045 -1523.0917
1563794.392726 5112170.125330 -1522.2776
1563794.392726 5111969.020614 -1521.4767
1563994.688178 5114985.591349 -1521.9348
1563994.688178 5114784.486633 -1521.6368
1563994.688178 5114583.381918 -1522.3977
1563994.688178 5114382.277202 -1525.1467
1563994.688178 5114181.172486 -1530.5465
1563994.688178 5113980.067771 -1536.9751
1563994.688178 5113778.963055 -1539.9487
1563994.688178 5113577.858339 -1540.4331
1563994.688178 5113376.753624 -1529.3320
1563994.688178 5113175.648908 -1529.2743
1563994.688178 5112974.544192 -1526.7084
1563994.688178 5112773.439477 -1524.0083
1563994.688178 5112572.334761 -1522.4504
1563994.688178 5112371.230045 -1521.8947
1563994.688178 5112170.125330 -1521.7140
1563994.688178 5111969.020614 -1521.3297
1563994.688178 5111767.915898 -1520.4110
1564194.983631 5114784.486633 -1524.2218
1564194.983631 5114583.381918 -1525.6735
1564194.983631 5114382.277202 -1528.6968
1564194.983631 5114181.172486 -1533.3971
1564194.983631 5113980.067771 -1538.6404
1564194.983631 5113778.963055 -1541.9313
1564194.983631 5113577.858339 -1540.2350
1564194.983631 5113376.753624 -1540.8292
1564194.983631 5113175.648908 -1532.7297
1564194.983631 5112974.544192 -1526.8295
1564194.983631 5112773.439477 -1522.6333
1564194.983631 5112572.334761 -1521.2913
1564194.983631 5112371.230045 -1521.5955
1564194.983631 5112170.125330 -1522.2241
1564194.983631 5111969.020614 -1522.2753
1564194.983631 5111767.915898 -1521.3508
1564194.983631 5111566.811183 -1519.4626
1564395.279084 5114583.381918 -1528.7169
1564395.279084 5114382.277202 -1531.7747
1564395.279084 5114181.172486 -1535.8784
1564395.279084 5113980.067771 -1540.1753
1564395.279084 5113778.963055 -1543.0895
1564395.279084 5113577.858339 -1542.9431
1564395.279084 5113376.753624 -1540.5244
1564395.279084 5113175.648908 -1540.3228
1564395.279084 5112974.544192 -1526.4620
1564395.279084 5112773.439477 -1521.0134
1564395.279084 5112572.334761 -1520.7913
1564395.279084 5112371.230045 -1522.5065
1564395.279084 5112170.125330 -1524.1403
1564395.279084 5111969.020614 -1524.5503
1564395.279084 5111767.915898 -1523.3733
1564395.279084 5111566.811183 -1520.8083
1564595.574537 5114382.277202 -1533.8326
1564595.574537 5114181.172486 -1537.3131
1564595.574537 5113980.067771 -1540.7465
1564595.574537 5113778.963055 -1543.0770
1564595.574537 5113577.858339 -1543.2153
1564595.574537 5113376.753624 -1540.6636
1564595.574537 5113175.648908 -1536.5840
1564595.574537 5112974.544192 -1532.9506
1564595.574537 5112773.439477 -1519.2070
1564595.574537 5112572.334761 -1521.7339
1564595.574537 5112371.230045 -1525.1814
1564595.574537 5112170.125330 -1527.7659
1564595.574537 5111969.020614 -1528.2338
1564595.574537 5111767.915898 -1526.3728
1564595.574537 5111566.811183 -1522.6995
1564595.574537 5111365.706467 -1517.9885
1564795.869989 5114181.172486 -1537.5447
1564795.869989 5113980.067771 -1540.2047
1564795.869989 5113778.963055 -1541.9967
1564795.869989 5113577.858339 -1542.2771
1564795.869989 5113376.753624 -1540.7830
1564795.869989 5113175.648908 -1537.6511
1564795.869989 5112974.544192 -1531.9207
1564795.869989 5112773.439477 -1530.1404
1564795.869989 5112572.334761 -1526.2233
1564795.869989 5112371.230045 -1529.9984
1564795.869989 5112170.125330 -1533.0345
1564795.869989 5111969.020614 -1533.0049
1564795.869989 5111767.915898 -1529.8457
1564795.869989 5111566.811183 -1524.5602
1564795.869989 5111365.706467 -1518.2966
1564795.869989 5111164.601751 -1511.9727
1564996.165442 5113980.067771 -1538.5337
1564996.165442 5113778.963055 -1539.7296
1564996.165442 5113577.858339 -1539.7983
1564996.165442 5113376.753624 -1538.5453
1564996.165442 5113175.648908 -1535.9517
1564996.165442 5112974.544192 -1531.8497
1564996.165442 5112773.439477 -1528.2571
1564996.165442 5112572.334761 -1529.2163
1564996.165442 5112371.230045 -1534.9448
1564996.165442 5112170.125330 -1538.8789
1564996.165442 5111969.020614 -1537.8232
1564996.165442 5111767.915898 -1532.6821
1564996.165442 5111566.811183 -1525.3507
1564996.165442 5111365.706467 -1517.3936
1564996.165442 5111164.601751 -1509.8239
1564996.165442 5110963.497036 -1503.2053
1565196.460895 5113778.963055 -1536.3707
1565196.460895 5113577.858339 -1535.9659
1565196.460895 5113376.753624 -1534.5292
1565196.460895 5113175.648908 -1532.1622
1565196.460895 5112974.544192 -1529.2749
1565196.460895 5112773.439477 -1527.3501
1565196.460895 5112572.334761 -1530.9490
1565196.460895 5112371.230045 -1538.6228
1565196.460895 5112170.125330 -1543.8438
1565196.460895 5111969.020614 -1540.7980
1565196.460895 5111767.915898 -1532.9972
1565196.460895 5111566.811183 -1523.5332
1565196.460895 5111365.706467 -1514.1696
1565196.460895 5111164.601751 -1505.7837
1565196.460895 5110963.497036 -1498.7551
1565196.460895 5110762.392320 -1493.1978
1565396.756348 5113577.858339 -1531.1178
1565396.756348 5113376.753624 -1529.2393
1565396.756348 5113175.648908 -1526.7932
1565396.756348 5112974.544192 -1524.5410
1565396.756348 5112773.439477 -1524.1600
1565396.756348 5112572.334761 -1528.3455
1565396.756348 5112371.230045 -1533.0770
1565396.756348 5112170.125330 -1545.0326
1565396.756348 5111969.020614 -1538.3887
1565396.756348 5111767.915898 -1527.9427
1565396.756348 5111566.811183 -1517.2379
1565396.756348 5111365.706467 -1507.5258
1565396.756348 5111164.601751 -1499.2576
1565396.756348 5110963.497036 -1492.5502
1565396.756348 5110762.392320 -1487.3749
1565396.756348 5110561.287604 -1483.6522
1565597.051800 5113376.753624 -1522.9740
1565597.051800 5113175.648908 -1519.8420
1565597.051800 5112974.544192 -1516.8684
1565597.051800 5112773.439477 -1515.2776
1565597.051800 5112572.334761 -1516.6753
1565597.051800 5112371.230045 -1532.0353
1565597.051800 5112170.125330 -1527.0406
1565597.051800 5111969.020614 -1524.1720
1565597.051800 5111767.915898 -1514.1610
1565597.051800 5111566.811183 -1505.0355
1565597.051800 5111365.706467 -1496.9789
1565597.051800 5111164.601751 -1490.1829
1565597.051800 5110963.497036 -1484.6923
1565597.051800 5110762.392320 -1480.4709
1565597.051800 5110561.287604 -1477.4926
1565597.051800 5110360.182889 -1475.7253
1565797.347253 5113175.648908 -1511.9230
1565797.347253 5112974.544192 -1507.2802
1565797.347253 5112773.439477 -1502.8984
1565797.347253 5112572.334761 -1499.4176
1565797.347253 5112371.230045 -1497.1414
1565797.347253 5112170.125330 -1509.0107
1565797.347253 5111969.020614 -1492.5806
1565797.347253 5111767.915898 -1491.0465
1565797.347253 5111566.811183 -1487.8456
1565797.347253 5111365.706467 -1483.5692
1565797.347253 5111164.601751 -1479.4395
1565797.347253 5110963.497036 -1475.8696
1565797.347253 5110762.392320 -1472.9830
1565797.347253 5110561.287604 -1470.9430
1565797.347253 5110360.182889 -1469.8951
1565797.347253 5110159.078173 -1469.8782
1565997.642706 5112974.544192 -1497.7305
1565997.642706 5112773.439477 -1490.6085
1565997.642706 5112572.334761 -1482.7914
1565997.642706 5112371.230045 -1473.9402
1565997.642706 5112170.125330 -1463.4550
1565997.642706 5111969.020614 -1480.9124
1565997.642706 5111767.915898 -1474.6206
1565997.642706 5111566.811183 -1470.9677
1565997.642706 5111365.706467 -1470.2770
1565997.642706 5111164.601751 -1468.8807
1565997.642706 5110963.497036 -1467.3162
1565997.642706 5110762.392320 -1465.7092
1565997.642706 5110561.287604 -1464.4999
1565997.642706 5110360.182889 -1464.0897
1565997.642706 5110159.078173 -1464.6482
1565997.642706 5109957.973457 -1466.1531
1566197.938158 5112773.439477 -1481.4005
1566197.938158 5112572.334761 -1471.9434
1566197.938158 5112371.230045 -1462.0092
1566197.938158 5112170.125330 -1453.0557
1566197.938158 5111969.020614 -1449.6528
1566197.938158 5111767.915898 -1468.5405
1566197.938158 5111566.811183 -1462.8730
1566197.938158 5111365.706467 -1460.3213
1566197.938158 5111164.601751 -1460.5594
1566197.938158 5110963.497036 -1460.4427
1566197.938158 5110762.392320 -1459.5229
1566197.938158 5110561.287604 -1458.6819
1566197.938158 5110360.182889 -1458.6409
1566197.938158 5110159.078173 -1459.6345
1566197.938158 5109957.973457 -1461.6229
1566197.938158 5109756.868742 -1464.4751
1566398.233611 5112572.334761 -1466.7415
1566398.233611 5112371.230045 -1457.9940
1566398.233611 5112170.125330 -1451.5070
1566398.233611 5111969.020614 -1450.1152
1566398.233611 5111767.915898 -1455.1124
1566398.233611 5111566.811183 -1459.4596
1566398.233611 5111365.706467 -1456.5470
1566398.233611 5111164.601751 -1455.8271
1566398.233611 5110963.497036 -1456.3876
1566398.233611 5110762.392320 -1455.0475
1566398.233611 5110561.287604 -1453.8472
1566398.233611 5110360.182889 -1453.8395
1566398.233611 5110159.078173 -1455.1027
1566398.233611 5109957.973457 -1457.4486
1566398.233611 5109756.868742 -1460.7274
1566398.233611 5109555.764026 -1464.8176
1566598.529064 5112572.334761 -1465.3794
1566598.529064 5112371.230045 -1458.1560
1566598.529064 5112170.125330 -1453.2673
1566598.529064 5111969.020614 -1452.1007
1566598.529064 5111767.915898 -1454.4386
1566598.529064 5111566.811183 -1456.5557
1566598.529064 5111365.706467 -1455.7791
1566598.529064 5111164.601751 -1455.2844
1566598.529064 5110963.497036 -1455.6187
1566598.529064 5110762.392320 -1452.3053
1566598.529064 5110561.287604 -1450.0782
1566598.529064 5110360.182889 -1449.9598
1566598.529064 5110159.078173 -1451.3972
1566598.529064 5109957.973457 -1453.9304
1566598.529064 5109756.868742 -1457.4536
1566598.529064 5109555.764026 -1461.9780
1566598.529064 5109354.659310 -1467.3608
1566798.824517 5112371.230045 -1460.2494
1566798.824517 5112170.125330 -1456.2300
1566798.824517 5111969.020614 -1454.7156
1566798.824517 5111767.915898 -1455.1418
1566798.824517 5111566.811183 -1455.3977
1566798.824517 5111365.706467 -1453.6881
1566798.824517 5111164.601751 -1454.9563
1566798.824517 5110963.497036 -1457.4209
1566798.824517 5110762.392320 -1450.5474
1566798.824517 5110561.287604 -1447.4080
1566798.824517 5110360.182889 -1447.5029
1566798.824517 5110159.078173 -1449.0735
1566798.824517 5109957.973457 -1451.4797
1566798.824517 5109756.868742 -1454.9115
1566798.824517 5109555.764026 -1459.7081
1566798.824517 5109354.659310 -1465.7853
1566798.824517 5109153.554595 -1472.6321
1566999.119969 5112170.125330 -1459.6791
1566999.119969 5111969.020614 -1457.9885
1566999.119969 5111767.915898 -1457.6647
1566999.119969 5111566.811183 -1457.7329
1566999.119969 5111365.706467 -1457.6281
1566999.119969 5111164.601751 -1458.3380
1566999.119969 5110963.497036 -1459.3604
1566999.119969 5110762.392320 -1456.6670
1566999.119969 5110561.287604 -1447.0596
1566999.119969 5110360.182889 -1447.6648
1566999.119969 5110159.078173 -1448.9725
1566999.119969 5109957.973457 -1450.5642
1566999.119969 5109756.868742 -1453.3147
1566999.119969 5109555.764026 -1458.1875
1566999.119969 5109354.659310 -1465.0830
1566999.119969 5109153.554595 -1473.1270
1566999.119969 5108952.449879 -1481.2360
1567199.415422 5111969.020614 -1461.5864
1567199.415422 5111767.915898 -1461.1555
1567199.415422 5111566.811183 -1461.5575
1567199.415422 5111365.706467 -1462.6812
1567199.415422 5111164.601751 -1464.8885
1567199.415422 5110963.497036 -1467.6969
1567199.415422 5110762.392320 -1455.1219
1567199.415422 5110561.287604 -1456.2697
1567199.415422 5110360.182889 -1451.9602
1567199.415422 5110159.078173 -1451.7699
1567199.415422 5109957.973457 -1451.4269
1567199.415422 5109756.868742 -1452.6594
1567199.415422 5109555.764026 -1457.5430
1567199.415422 5109354.659310 -1465.6211
1567199.415422 5109153.554595 -1475.2787
1567199.415422 5108952.449879 -1484.8163
1567399.710875 5111767.915898 -1464.6421
1567399.710875 5111566.811183 -1465.1365
1567399.710875 5111365.706467 -1466.3351
1567399.710875 5111164.601751 -1467.8333
1567399.710875 5110963.497036 -1468.1260
1567399.710875 5110762.392320 -1463.5624
1567399.710875 5110561.287604 -1458.5127
1567399.710875 5110360.182889 -1459.9316
1567399.710875 5110159.078173 -1456.6754
1567399.710875 5109957.973457 -1453.7539
1567399.710875 5109756.868742 -1452.5865
1567399.710875 5109555.764026 -1457.9586
1567399.710875 5109354.659310 -1468.0195
1567399.710875 5109153.554595 -1479.8909
1567399.710875 5108952.449879 -1491.0808
1567399.710875 5108751.345164 -1500.0349
1567600.006327 5111566.811183 -1468.1080
1567600.006327 5111365.706467 -1469.0325
1567600.006327 5111164.601751 -1469.8961
1567600.006327 5110963.497036 -1469.5610
1567600.006327 5110762.392320 -1466.7281
1567600.006327 5110561.287604 -1462.8489
1567600.006327 5110360.182889 -1462.2627
1567600.006327 5110159.078173 -1466.3590
1567600.006327 5109957.973457 -1457.4282
1567600.006327 5109756.868742 -1452.6389
1567600.006327 5109555.764026 -1460.2440
1567600.006327 5109354.659310 -1473.4987
1567600.006327 5109153.554595 -1488.1489
1567600.006327 5108952.449879 -1500.9711
1567600.006327 5108751.345164 -1510.2068
1567600.006327 5108550.240448 -1515.5939
1567800.301780 5111365.706467 -1471.4628
1567800.301780 5111164.601751 -1472.3060
1567800.301780 5110963.497036 -1472.5675
1567800.301780 5110762.392320 -1471.8698
1567800.301780 5110561.287604 -1471.0264
1567800.301780 5110360.182889 -1471.4603
1567800.301780 5110159.078173 -1467.8446
1567800.301780 5109957.973457 -1469.2826
1567800.301780 5109756.868742 -1453.1285
1567800.301780 5109555.764026 -1467.3788
1567800.301780 5109354.659310 -1484.2653
1567800.301780 5109153.554595 -1501.5343
1567800.301780 5108952.449879 -1515.3813
1567800.301780 5108751.345164 -1523.8552
1567800.301780 5108550.240448 -1527.3046
1567800.301780 5108349.135732 -1527.0945
1568000.597233 5111164.601751 -1475.2003
1568000.597233 5110963.497036 -1476.5625
1568000.597233 5110762.392320 -1477.9299
1568000.597233 5110561.287604 -1479.5730
1568000.597233 5110360.182889 -1481.4259
1568000.597233 5110159.078173 -1481.2422
1568000.597233 5109957.973457 -1474.6549
1568000.597233 5109756.868742 -1485.5991
1568000.597233 5109555.764026 -1487.8429
1568000.597233 5109354.659310 -1502.7344
1568000.597233 5109153.554595 -1520.9950
1568000.597233 5108952.449879 -1534.5874
1568000.597233 5108751.345164 -1540.5900
1568000.597233 5108550.240448 -1540.5339
1568000.597233 5108349.135732 -1536.8330
1568000.597233 5108148.031017 -1531.4015
1568200.892686 5110963.497036 -1480.8601
1568200.892686 5110762.392320 -1484.1510
1568200.892686 5110561.287604 -1488.3778
1568200.892686 5110360.182889 -1493.5813
1568200.892686 5110159.078173 -1499.3519
1568200.892686 5109957.973457 -1505.8693
1568200.892686 5109756.868742 -1510.8877
1568200.892686 5109555.764026 -1545.5430
1568200.892686 5109354.659310 -1524.8907
1568200.892686 5109153.554595 -1544.9312
1568200.892686 5108952.449879 -1557.4093
1568200.892686 5108751.345164 -1558.6729
1568200.892686 5108550.240448 -1553.3724
1568200.892686 5108349.135732 -1545.3218
1568200.892686 5108148.031017 -1536.6099
1568200.892686 5107946.926301 -1528.3358
1568401.188138 5110762.392320 -1489.5480
1568401.188138 5110561.287604 -1495.7775
1568401.188138 5110360.182889 -1503.6969
1568401.188138 5110159.078173 -1513.5691
1568401.188138 5109957.973457 -1526.1083
1568401.188138 5109756.868742 -1542.1655
1568401.188138 5109555.764026 -1546.1290
1568401.188138 5109354.659310 -1529.1813
1568401.188138 5109153.554595 -1569.9137
1568401.188138 5108952.449879 -1580.9979
1568401.188138 5108751.345164 -1574.3650
1568401.188138 5108550.240448 -1562.5527
1568401.188138 5108349.135732 -1550.2405
1568401.188138 5108148.031017 -1538.7686
1568401.188138 5107946.926301 -1528.6503
1568401.188138 5107745.821585 -1520.1986
1568601.483591 5110561.287604 -1500.5535
1568601.483591 5110360.182889 -1509.3127
1568601.483591 5110159.078173 -1519.4327
1568601.483591 5109957.973457 -1529.9382
1568601.483591 5109756.868742 -1537.7350
1568601.483591 5109555.764026 -1535.0958
1568601.483591 5109354.659310 -1525.8384
1568601.483591 5109153.554595 -1567.0046
1568601.483591 5108952.449879 -1599.9258
1568601.483591 5108751.345164 -1580.9211
1568601.483591 5108550.240448 -1563.7328
1568601.483591 5108349.135732 -1549.2823
1568601.483591 5108148.031017 -1536.6667
1568601.483591 5107946.926301 -1525.7729
1568601.483591 5107745.821585 -1516.8740
1568601.483591 5107544.716870 -1510.0653
1568801.779044 5110360.182889 -1511.3448
1568801.779044 5110159.078173 -1520.6608
1568801.779044 5109957.973457 -1529.7736
1568801.779044 5109756.868742 -1537.2030
1568801.779044 5109555.764026 -1543.0442
1568801.779044 5109354.659310 -1558.1052
1568801.779044 5109153.554595 -1589.8647
1568801.779044 5108952.449879 -1575.0059
1568801.779044 5108751.345164 -1568.1895
1568801.779044 5108550.240448 -1553.8560
1568801.779044 5108349.135732 -1541.8848
1568801.779044 5108148.031017 -1530.2866
1568801.779044 5107946.926301 -1519.7010
1568801.779044 5107745.821585 -1511.1293
1568801.779044 5107544.716870 -1504.8350
1568801.779044 5107343.612154 -1500.5514
1569002.074497 5110159.078173 -1519.5701
1569002.074497 5109957.973457 -1528.0641
1569002.074497 5109756.868742 -1536.3130
1569002.074497 5109555.764026 -1545.5757
1569002.074497 5109354.659310 -1560.0151
1569002.074497 5109153.554595 -1578.8682
1569002.074497 5108952.449879 -1554.6791
1569002.074497 5108751.345164 -1543.1636
1569002.074497 5108550.240448 -1538.8693
1569002.074497 5108349.135732 -1531.5352
1569002.074497 5108148.031017 -1521.2942
1569002.074497 5107946.926301 -1511.1439
1569002.074497 5107745.821585 -1503.3934
1569002.074497 5107544.716870 -1498.2388
1569002.074497 5107343.612154 -1495.0745
1569002.074497 5107142.507438 -1493.3000
1569202.369949 5109957.973457 -1524.7257
1569202.369949 5109756.868742 -1532.4961
1569202.369949 5109555.764026 -1540.6974
1569202.369949 5109354.659310 -1549.4360
1569202.369949 5109153.554595 -1554.5302
1569202.369949 5108952.449879 -1543.9740
1569202.369949 5108751.345164 -1534.0197
1569202.369949 5108550.240448 -1523.4120
1569202.369949 5108349.135732 -1522.6892
1569202.369949 5108148.031017 -1511.3654
1569202.369949 5107946.926301 -1500.7577
1569202.369949 5107745.821585 -1494.3171
1569202.369949 5107544.716870 -1491.0052
1569202.369949 5107343.612154 -1489.4204
1569202.369949 5107142.507438 -1488.7827
1569202.369949 5106941.402723 -1488.7600
1569402.665402 5109756.868742 -1526.5270
1569402.665402 5109555.764026 -1532.4631
1569402.665402 5109354.659310 -1536.9769
1569402.665402 5109153.554595 -1537.4072
1569402.665402 5108952.449879 -1530.7854
1569402.665402 5108751.345164 -1523.2561
1569402.665402 5108550.240448 -1513.4525
1569402.665402 5108349.135732 -1506.3687
1569402.665402 5108148.031017 -1499.7367
1569402.665402 5107946.926301 -1488.5247
1569402.665402 5107745.821585 -1484.8990
1569402.665402 5107544.716870 -1484.3345
1569402.665402 5107343.612154 -1484.5482
1569402.665402 5107142.507438 -1484.9725
1569402.665402 5106941.402723 -1485.5824
1569402.665402 5106740.298007 -1486.4525
1569602.960855 5109756.868742 -1519.8613
1569602.960855 5109555.764026 -1523.7448
1569602.960855 5109354.659310 -1525.7717
1569602.960855 5109153.554595 -1524.5588
1569602.960855 5108952.449879 -1519.3593
1569602.960855 5108751.345164 -1512.1825
1569602.960855 5108550.240448 -1503.6725
1569602.960855 5108349.135732 -1500.2057
1569602.960855 5108148.031017 -1492.0881
1569602.960855 5107946.926301 -1475.6019
1569602.960855 5107745.821585 -1477.6965
1569602.960855 5107544.716870 -1480.1804
1569602.960855 5107343.612154 -1481.5760
1569602.960855 5107142.507438 -1482.4706
1569602.960855 5106941.402723 -1483.3279
1569602.960855 5106740.298007 -1484.3647
1569602.960855 5106539.193291 -1485.7255
1569803.256307 5109555.764026 -1515.9319
1569803.256307 5109354.659310 -1516.6162
1569803.256307 5109153.554595 -1514.9612
1569803.256307 5108952.449879 -1510.8779
1569803.256307 5108751.345164 -1505.3950
1569803.256307 5108550.240448 -1499.6449
1569803.256307 5108349.135732 -1495.1464
1569803.256307 5108148.031017 -1488.2750
1569803.256307 5107946.926301 -1483.6952
1569803.256307 5107745.821585 -1478.2383
1569803.256307 5107544.716870 -1480.6282
1569803.256307 5107343.612154 -1481.0476
1569803.256307 5107142.507438 -1481.3850
1569803.256307 5106941.402723 -1482.0499
1569803.256307 5106740.298007 -1483.0381
1569803.256307 5106539.193291 -1484.4144
1569803.256307 5106338.088576 -1486.3292
1570003.551760 5109354.659310 -1509.4684
1570003.551760 5109153.554595 -1507.7916
1570003.551760 5108952.449879 -1504.5754
1570003.551760 5108751.345164 -1500.4529
1570003.551760 5108550.240448 -1496.2046
1570003.551760 5108349.135732 -1492.3314
1570003.551760 5108148.031017 -1487.5808
1570003.551760 5107946.926301 -1481.8125
1570003.551760 5107745.821585 -1482.3418
1570003.551760 5107544.716870 -1483.7390
1570003.551760 5107343.612154 -1481.3849
1570003.551760 5107142.507438 -1480.9174
1570003.551760 5106941.402723 -1481.4329
1570003.551760 5106740.298007 -1482.3661
1570003.551760 5106539.193291 -1483.7157
1570003.551760 5106338.088576 -1485.7014
1570003.551760 5106136.983860 -1488.5160
1570203.847213 5109153.554595 -1502.4032
1570203.847213 5108952.449879 -1499.7244
1570203.847213 5108751.345164 -1496.3677
1570203.847213 5108550.240448 -1492.7440
1570203.847213 5108349.135732 -1488.9760
1570203.847213 5108148.031017 -1484.5491
1570203.847213 5107946.926301 -1479.4926
1570203.847213 5107745.821585 -1479.5811
1570203.847213 5107544.716870 -1479.5663
1570203.847213 5107343.612154 -1479.4036
1570203.847213 5107142.507438 -1480.1044
1570203.847213 5106941.402723 -1481.1943
1570203.847213 5106740.298007 -1482.2083
1570203.847213 5106539.193291 -1483.5203
1570203.847213 5106338.088576 -1485.6027
1570203.847213 5106136.983860 -1488.7242
1570404.142666 5108952.449879 -1495.9648
1570404.142666 5108751.345164 -1492.9957
1570404.142666 5108550.240448 -1489.6984
1570404.142666 5108349.135732 -1486.2064
1570404.142666 5108148.031017 -1482.6127
1570404.142666 5107946.926301 -1479.6714
1570404.142666 5107745.821585 -1479.6783
1570404.142666 5107544.716870 -1481.4495
1570404.142666 5107343.612154 -1481.0984
1570404.142666 5107142.507438 -1480.1437
1570404.142666 5106941.402723 -1481.6436
1570404.142666 5106740.298007 -1482.4612
1570404.142666 5106539.193291 -1483.6121
1570404.142666 5106338.088576 -1485.8638
1570404.142666 5106136.983860 -1489.4846
1570404.142666 5105935.879144 -1494.4082
1570604.438118 5108751.345164 -1490.3320
1570604.438118 5108550.240448 -1487.2122
1570604.438118 5108349.135732 -1483.9459
1570604.438118 5108148.031017 -1480.8345
1570604.438118 5107946.926301 -1478.5647
1570604.438118 5107745.821585 -1478.1620
1570604.438118 5107544.716870 -1479.2816
1570604.438118 5107343.612154 -1479.1078
1570604.438118 5107142.507438 -1482.1598
1570604.438118 5106941.402723 -1482.4575
1570604.438118 5106740.298007 -1482.5662
1570604.438118 5106539.193291 -1483.5120
1570604.438118 5106338.088576 -1486.1870
1570604.438118 5106136.983860 -1490.6715
1570604.438118 5105935.879144 -1496.6647
1570604.438118 5105734.774429 -1503.7623
1570804.733571 5108550.240448 -1485.3071
1570804.733571 5108349.135732 -1482.0764
1570804.733571 5108148.031017 -1478.9371
1570804.733571 5107946.926301 -1476.3085
1570804.733571 5107745.821585 -1474.6448
1570804.733571 5107544.716870 -1474.0316
1570804.733571 5107343.612154 -1474.7635
1570804.733571 5107142.507438 -1478.9227
1570804.733571 5106941.402723 -1480.3435
1570804.733571 5106740.298007 -1481.2260
1570804.733571 5106539.193291 -1482.5558
1570804.733571 5106338.088576 -1486.2734
1570804.733571 5106136.983860 -1492.1903
1570804.733571 5105935.879144 -1499.7123
1570804.733571 5105734.774429 -1508.2820
1570804.733571 5105533.669713 -1517.3064
1571005.029024 5108349.135732 -1480.7687
1571005.029024 5108148.031017 -1477.3817
1571005.029024 5107946.926301 -1474.0603
1571005.029024 5107745.821585 -1470.8284
1571005.029024 5107544.716870 -1467.3402
1571005.029024 5107343.612154 -1470.5000
1571005.029024 5107142.507438 -1475.7927
1571005.029024 5106941.402723 -1475.6915
1571005.029024 5106740.298007 -1479.0187
1571005.029024 5106539.193291 -1480.7556
1571005.029024 5106338.088576 -1486.1857
1571005.029024 5106136.983860 -1494.1184
1571005.029024 5105935.879144 -1503.5879
1571005.029024 5105734.774429 -1514.0195
1571005.029024 5105533.669713 -1524.6157
1571005.029024 5105332.564997 -1534.6074
1571205.324476 5108148.031017 -1476.8572
1571205.324476 5107946.926301 -1473.3364
1571205.324476 5107745.821585 -1469.8925
1571205.324476 5107544.716870 -1466.8033
1571205.324476 5107343.612154 -1465.1262
1571205.324476 5107142.507438 -1468.2798
1571205.324476 5106941.402723 -1480.0035
1571205.324476 5106740.298007 -1481.4320
1571205.324476 5106539.193291 -1478.8961
1571205.324476 5106338.088576 -1486.4644
1571205.324476 5106136.983860 -1496.6808
1571205.324476 5105935.879144 -1508.2505
1571205.324476 5105734.774429 -1520.9473
1571205.324476 5105533.669713 -1533.5039
1571205.324476 5105332.564997 -1544.7004
1571205.324476 5105131.460282 -1554.0239
1571405.619929 5107946.926301 -1474.3337
1571405.619929 5107745.821585 -1471.4132
1571405.619929 5107544.716870 -1469.4810
1571405.619929 5107343.612154 -1469.8596
1571405.619929 5107142.507438 -1474.6355
1571405.619929 5106941.402723 -1484.2423
1571405.619929 5106740.298007 -1480.9167
1571405.619929 5106539.193291 -1478.9417
1571405.619929 5106338.088576 -1487.6681
1571405.619929 5106136.983860 -1499.8252
1571405.619929 5105935.879144 -1513.2208
1571405.619929 5105734.774429 -1528.8533
1571405.619929 5105533.669713 -1543.9908
1571405.619929 5105332.564997 -1556.5159
1571405.619929 5105131.460282 -1565.9768
1571405.619929 5104930.355566 -1572.8879
1571605.915382 5107745.821585 -1474.1815
1571605.915382 5107544.716870 -1472.7236
1571605.915382 5107343.612154 -1472.9753
1571605.915382 5107142.507438 -1475.3777
1571605.915382 5106941.402723 -1478.3955
1571605.915382 5106740.298007 -1476.5325
1571605.915382 5106539.193291 -1479.8596
1571605.915382 5106338.088576 -1489.2510
1571605.915382 5106136.983860 -1502.2081
1571605.915382 5105935.879144 -1517.0525
1571605.915382 5105734.774429 -1537.4214
1571605.915382 5105533.669713 -1556.2018
1571605.915382 5105332.564997 -1570.0100
1571605.915382 5105131.460282 -1579.0758
1571605.915382 5104930.355566 -1584.8169
1571605.915382 5104729.250850 -1588.5537
1571806.210835 5107544.716870 -1476.1672
1571806.210835 5107343.612154 -1475.5040
1571806.210835 5107142.507438 -1475.4844
1571806.210835 5106941.402723 -1474.9259
1571806.210835 5106740.298007 -1472.1848
1571806.210835 5106539.193291 -1470.0054
1571806.210835 5106338.088576 -1491.6958
1571806.210835 5106136.983860 -1501.3785
1571806.210835 5105935.879144 -1517.5845
1571806.210835 5105734.774429 -1547.0790
1571806.210835 5105533.669713 -1570.6699
1571806.210835 5105332.564997 -1584.9797
1571806.210835 5105131.460282 -1592.6149
1571806.210835 5104930.355566 -1596.5140
1571806.210835 5104729.250850 -1598.5469
1571806.210835 5104528.146135 -1599.7523
1572006.506287 5107343.612154 -1479.0298
1572006.506287 5107142.507438 -1477.8127
1572006.506287 5106941.402723 -1476.2911
1572006.506287 5106740.298007 -1474.7137
1572006.506287 5106539.193291 -1476.0297
1572006.506287 5106338.088576 -1486.1555
1572006.506287 5106136.983860 -1512.8287
1572006.506287 5105935.879144 -1520.9374
1572006.506287 5105734.774429 -1560.8943
1572006.506287 5105533.669713 -1588.1050
1572006.506287 5105332.564997 -1600.4260
1572006.506287 5105131.460282 -1605.1315
1572006.506287 5104930.355566 -1606.7188
1572006.506287 5104729.250850 -1607.0637
1572006.506287 5104528.146135 -1606.9767
1572006.506287 5104327.041419 -1606.9261
1572206.801740 5107142.507438 -1482.9697
1572206.801740 5106941.402723 -1481.7518
1572206.801740 5106740.298007 -1481.3778
1572206.801740 5106539.193291 -1483.8096
1572206.801740 5106338.088576 -1491.5109
1572206.801740 5106136.983860 -1504.2773
1572206.801740 5105935.879144 -1544.1201
1572206.801740 5105734.774429 -1573.2377
1572206.801740 5105533.669713 -1605.7710
1572206.801740 5105332.564997 -1612.9503
1572206.801740 5105131.460282 -1614.0828
1572206.801740 5104930.355566 -1613.9427
1572206.801740 5104729.250850 -1613.2850
1572206.801740 5104528.146135 -1612.3831
1572206.801740 5104327.041419 -1611.6687
1572206.801740 5104125.936703 -1611.4575
1572407.097193 5106941.402723 -1490.4116
1572407.097193 5106740.298007 -1491.3627
1572407.097193 5106539.193291 -1494.8135
1572407.097193 5106338.088576 -1502.1497
1572407.097193 5106136.983860 -1514.1349
1572407.097193 5105935.879144 -1533.0360
1572407.097193 5105734.774429 -1585.2207
1572407.097193 5105533.669713 -1601.2003
1572407.097193 5105332.564997 -1616.8647
1572407.097193 5105131.460282 -1617.0352
1572407.097193 5104930.355566 -1617.5010
1572407.097193 5104729.250850 -1617.0941
1572407.097193 5104528.146135 -1615.9058
1572407.097193 5104327.041419 -1614.8511
1572407.097193 5104125.936703 -1614.4982
1572407.097193 5103924.831988 -1614.8960
1572607.392646 5106941.402723 -1501.3497
1572607.392646 5106740.298007 -1503.8923
1572607.392646 5106539.193291 -1508.9309
1572607.392646 5106338.088576 -1517.7228
1572607.392646 5106136.983860 -1531.7338
1572607.392646 5105935.879144 -1553.4576
1572607.392646 5105734.774429 -1586.1960
1572607.392646 5105533.669713 -1611.5435
1572607.392646 5105332.564997 -1614.5085
1572607.392646 5105131.460282 -1616.0950
1572607.392646 5104930.355566 -1619.3202
1572607.392646 5104729.250850 -1619.6375
1572607.392646 5104528.146135 -1617.9800
1572607.392646 5104327.041419 -1616.6163
1572607.392646 5104125.936703 -1616.4176
1572607.392646 5103924.831988 -1617.2131
1572607.392646 5103723.727272 -1618.5443
1572807.688098 5106740.298007 -1517.6421
1572807.688098 5106539.193291 -1524.2791
1572807.688098 5106338.088576 -1534.4792
1572807.688098 5106136.983860 -1549.4314
1572807.688098 5105935.879144 -1570.2074
1572807.688098 5105734.774429 -1596.0580
1572807.688098 5105533.669713 -1618.7982
1572807.688098 5105332.564997 -1615.7841
1572807.688098 5105131.460282 -1616.2538
1572807.688098 5104930.355566 -1623.4055
1572807.688098 5104729.250850 -1622.5333
1572807.688098 5104528.146135 -1618.9526
1572807.688098 5104327.041419 -1617.0857
1572807.688098 5104125.936703 -1617.4495
1572807.688098 5103924.831988 -1619.0872
1572807.688098 5103723.727272 -1621.0879
1572807.688098 5103522.622556 -1622.9886
1573007.983551 5106539.193291 -1539.0334
1573007.983551 5106338.088576 -1549.8229
1573007.983551 5106136.983860 -1564.2188
1573007.983551 5105935.879144 -1582.1418
1573007.983551 5105734.774429 -1601.6458
1573007.983551 5105533.669713 -1617.3154
1573007.983551 5105332.564997 -1622.7581
1573007.983551 5105131.460282 -1621.0922
1573007.983551 5104930.355566 -1625.4988
1573007.983551 5104729.250850 -1625.1440
1573007.983551 5104528.146135 -1618.0394
1573007.983551 5104327.041419 -1616.2153
1573007.983551 5104125.936703 -1618.0360
1573007.983551 5103924.831988 -1621.0527
1573007.983551 5103723.727272 -1623.8806
1573007.983551 5103522.622556 -1626.1300
1573007.983551 5103321.517841 -1627.8933
1573208.279004 5106338.088576 -1562.7700
1573208.279004 5106136.983860 -1575.8278
1573208.279004 5105935.879144 -1590.7141
1573208.279004 5105734.774429 -1605.5840
1573208.279004 5105533.669713 -1617.1842
1573208.279004 5105332.564997 -1622.7178
1573208.279004 5105131.460282 -1623.8009
1573208.279004 5104930.355566 -1624.9713
1573208.279004 5104729.250850 -1624.8296
1573208.279004 5104528.146135 -1614.0645
1573208.279004 5104327.041419 -1614.7371
1573208.279004 5104125.936703 -1619.2792
1573208.279004 5103924.831988 -1623.9451
1573208.279004 5103723.727272 -1627.3612
1573208.279004 5103522.622556 -1629.6299
1573208.279004 5103321.517841 -1631.2423
1573408.574456 5106136.983860 -1584.7791
1573408.574456 5105935.879144 -1597.1356
1573408.574456 5105734.774429 -1608.9436
1573408.574456 5105533.669713 -1618.3910
1573408.574456 5105332.564997 -1624.3174
1573408.574456 5105131.460282 -1627.6121
1573408.574456 5104930.355566 -1630.1399
1573408.574456 5104729.250850 -1626.1252
1573408.574456 5104528.146135 -1623.5217
1573408.574456 5104327.041419 -1616.5610
1573408.574456 5104125.936703 -1623.2053
1573408.574456 5103924.831988 -1628.5881
1573408.574456 5103723.727272 -1631.6401
1573408.574456 5103522.622556 -1633.2876
1573408.574456 5103321.517841 -1634.4648
1573408.574456 5103120.413125 -1635.6033
1573608.869909 5105935.879144 -1601.9850
1573608.869909 5105734.774429 -1611.7059
1573608.869909 5105533.669713 -1619.7651
1573608.869909 5105332.564997 -1625.6470
1573608.869909 5105131.460282 -1629.7625
1573608.869909 5104930.355566 -1632.7612
1573608.869909 5104729.250850 -1633.6267
1573608.869909 5104528.146135 -1625.0742
1573608.869909 5104327.041419 -1623.1547
1573608.869909 5104125.936703 -1630.0763
1573608.869909 5103924.831988 -1634.3572
1573608.869909 5103723.727272 -1635.7742
1573608.869909 5103522.622556 -1636.2488
1573608.869909 5103321.517841 -1636.9731
1573608.869909 5103120.413125 -1638.1064
1573608.869909 5102919.308409 -1639.4441
1573809.165362 5105734.774429 -1613.6763
1573809.165362 5105533.669713 -1620.5250
1573809.165362 5105332.564997 -1625.7396
1573809.165362 5105131.460282 -1629.3318
1573809.165362 5104930.355566 -1631.2610
1573809.165362 5104729.250850 -1630.7424
1573809.165362 5104528.146135 -1626.7449
1573809.165362 5104327.041419 -1626.9174
1573809.165362 5104125.936703 -1625.1558
1573809.165362 5103924.831988 -1637.5208
1573809.165362 5103723.727272 -1637.3345
1573809.165362 5103522.622556 -1637.0504
1573809.165362 5103321.517841 -1638.0337
1573809.165362 5103120.413125 -1639.7682
1573809.165362 5102919.308409 -1641.6470
1573809.165362 5102718.203694 -1643.2906
1574009.460815 5105533.669713 -1620.5891
1574009.460815 5105332.564997 -1624.8492
1574009.460815 5105131.460282 -1627.4648
1574009.460815 5104930.355566 -1628.1929
1574009.460815 5104729.250850 -1626.6340
1574009.460815 5104528.146135 -1622.9084
1574009.460815 5104327.041419 -1619.7502
1574009.460815 5104125.936703 -1624.6857
1574009.460815 5103924.831988 -1624.5739
1574009.460815 5103723.727272 -1633.8347
1574009.460815 5103522.622556 -1634.6217
1574009.460815 5103321.517841 -1637.4286
1574009.460815 5103120.413125 -1640.6353
1574009.460815 5102919.308409 -1643.4783
1574009.460815 5102718.203694 -1645.5913
1574009.460815 5102517.098978 -1646.9531
1574209.756267 5105332.564997 -1623.6229
1574209.756267 5105131.460282 -1625.4047
1574209.756267 5104930.355566 -1625.4069
1574209.756267 5104729.250850 -1623.5602
1574209.756267 5104528.146135 -1620.3715
1574209.756267 5104327.041419 -1617.6200
1574209.756267 5104125.936703 -1617.8661
1574209.756267 5103924.831988 -1625.0291
1574209.756267 5103723.727272 -1624.5594
1574209.756267 5103522.622556 -1630.2744
1574209.756267 5103321.517841 -1636.3713
1574209.756267 5103120.413125 -1641.3630
1574209.756267 5102919.308409 -1645.2386
1574209.756267 5102718.203694 -1647.7482
1574209.756267 5102517.098978 -1649.0406
1574209.756267 5102315.994262 -1649.5627
1574410.051720 5105131.460282 -1623.8856
1574410.051720 5104930.355566 -1623.6835
1574410.051720 5104729.250850 -1622.1415
1574410.051720 5104528.146135 -1619.9036
1574410.051720 5104327.041419 -1618.3412
1574410.051720 5104125.936703 -1619.2318
1574410.051720 5103924.831988 -1623.6543
1574410.051720 5103723.727272 -1627.3660
1574410.051720 5103522.622556 -1629.5239
1574410.051720 5103321.517841 -1637.4946
1574410.051720 5103120.413125 -1642.6553
1574410.051720 5102919.308409 -1647.1145
1574410.051720 5102718.203694 -1649.7150
1574410.051720 5102517.098978 -1650.6392
1574410.051720 5102315.994262 -1650.6559
1574410.051720 5102114.889547 -1650.4512
1574610.347173 5104930.355566 -1623.0916
1574610.347173 5104729.250850 -1622.0900
1574610.347173 5104528.146135 -1620.7623
1574610.347173 5104327.041419 -1620.1038
1574610.347173 5104125.936703 -1621.2003
1574610.347173 5103924.831988 -1624.4731
1574610.347173 5103723.727272 -1628.6304
1574610.347173 5103522.622556 -1632.4095
1574610.347173 5103321.517841 -1631.0532
1574610.347173 5103120.413125 -1643.0928
1574610.347173 5102919.308409 -1648.5675
1574610.347173 5102718.203694 -1651.0962
1574610.347173 5102517.098978 -1651.3314
1574610.347173 5102315.994262 -1650.6708
1574610.347173 5102114.889547 -1650.0437
1574610.347173 5101913.784831 -1649.8813
1574810.642625 5104729.250850 -1622.9629
1574810.642625 5104528.146135 -1622.3087
1574810.642625 5104327.041419 -1622.1217
1574810.642625 5104125.936703 -1623.0186
1574810.642625 5103924.831988 -1625.1732
1574810.642625 5103723.727272 -1628.0635
1574810.642625 5103522.622556 -1631.3175
1574810.642625 5103321.517841 -1634.2642
1574810.642625 5103120.413125 -1639.9321
1574810.642625 5102919.308409 -1648.8923
1574810.642625 5102718.203694 -1651.2028
1574810.642625 5102517.098978 -1650.4724
1574810.642625 5102315.994262 -1649.1633
1574810.642625 5102114.889547 -1648.3145
1574810.642625 5101913.784831 -1648.2480
1574810.642625 5101712.680115 -1648.9510
1575010.938078 5104528.146135 -1624.2386
1575010.938078 5104327.041419 -1624.2499
1575010.938078 5104125.936703 -1624.7957
1575010.938078 5103924.831988 -1625.9205
1575010.938078 5103723.727272 -1627.3303
1575010.938078 5103522.622556 -1628.7346
1575010.938078 5103321.517841 -1630.2844
1575010.938078 5103120.413125 -1633.8334
1575010.938078 5102919.308409 -1635.8732
1575010.938078 5102718.203694 -1648.8591
1575010.938078 5102517.098978 -1647.2729
1575010.938078 5102315.994262 -1645.8568
1575010.938078 5102114.889547 -1645.2897
1575010.938078 5101913.784831 -1645.6956
1575010.938078 5101712.680115 -1646.9667
1575010.938078 5101511.575400 -1648.8585
1575211.233531 5104327.041419 -1626.5956
1575211.233531 5104125.936703 -1626.8944
1575211.233531 5103924.831988 -1627.3660
1575211.233531 5103723.727272 -1627.8702
1575211.233531 5103522.622556 -1628.3224
1575211.233531 5103321.517841 -1629.0483
1575211.233531 5103120.413125 -1631.3278
1575211.233531 5102919.308409 -1638.3303
1575211.233531 5102718.203694 -1641.3976
1575211.233531 5102517.098978 -1641.5214
1575211.233531 5102315.994262 -1641.2944
1575211.233531 5102114.889547 -1641.6268
1575211.233531 5101913.784831 -1642.8064
1575211.233531 5101712.680115 -1644.8187
1575211.233531 5101511.575400 -1647.4065
1575211.233531 5101310.470684 -1650.2450
1575411.528984 5104125.936703 -1629.5339
1575411.528984 5103924.831988 -1629.8079
1575411.528984 5103723.727272 -1630.0635
1575411.528984 5103522.622556 -1630.3678
1575411.528984 5103321.517841 -1631.0483
1575411.528984 5103120.413125 -1632.7738
1575411.528984 5102919.308409 -1635.9694
1575411.528984 5102718.203694 -1637.8015
1575411.528984 5102517.098978 -1637.5160
1575411.528984 5102315.994262 -1637.9606
1575411.528984 5102114.889547 -1638.8956
1575411.528984 5101913.784831 -1640.6219
1575411.528984 5101712.680115 -1643.2538
1575411.528984 5101511.575400 -1646.4523
1575411.528984 5101310.470684 -1649.8065
1575411.528984 5101109.365968 -1653.0309
1575611.824436 5104125.936703 -1632.6998
1575611.824436 5103924.831988 -1633.1453
1575611.824436 5103723.727272 -1633.6265
1575611.824436 5103522.622556 -1634.2813
1575611.824436 5103321.517841 -1635.3525
1575611.824436 5103120.413125 -1637.0775
1575611.824436 5102919.308409 -1639.1826
1575611.824436 5102718.203694 -1640.0237
1575611.824436 5102517.098978 -1640.7733
1575611.824436 5102315.994262 -1638.5468
1575611.824436 5102114.889547 -1638.8765
1575611.824436 5101913.784831 -1640.2797
1575611.824436 5101712.680115 -1643.0973
1575611.824436 5101511.575400 -1646.6144
1575611.824436 5101310.470684 -1650.2134
1575611.824436 5101109.365968 -1653.6006
1575611.824436 5100908.261253 -1656.6619
1575812.119889 5103924.831988 -1637.0549
1575812.119889 5103723.727272 -1638.0248
1575812.119889 5103522.622556 -1639.2897
1575812.119889 5103321.517841 -1641.0507
1575812.119889 5103120.413125 -1643.4385
1575812.119889 5102919.308409 -1646.2921
1575812.119889 5102718.203694 -1648.9698
1575812.119889 5102517.098978 -1642.9370
1575812.119889 5102315.994262 -1645.0277
1575812.119889 5102114.889547 -1642.8953
1575812.119889 5101913.784831 -1642.5568
1575812.119889 5101712.680115 -1645.0387
1575812.119889 5101511.575400 -1648.4357
1575812.119889 5101310.470684 -1651.8204
1575812.119889 5101109.365968 -1654.9858
1575812.119889 5100908.261253 -1657.9033
1575812.119889 5100707.156537 -1660.5409
1576012.415342 5103723.727272 -1642.6776
1576012.415342 5103522.622556 -1644.5861
1576012.415342 5103321.517841 -1647.0333
1576012.415342 5103120.413125 -1650.0845
1576012.415342 5102919.308409 -1653.5515
1576012.415342 5102718.203694 -1656.7810
1576012.415342 5102517.098978 -1658.3188
1576012.415342 5102315.994262 -1655.3152
1576012.415342 5102114.889547 -1652.4263
1576012.415342 5101913.784831 -1647.5341
1576012.415342 5101712.680115 -1649.5690
1576012.415342 5101511.575400 -1652.2568
1576012.415342 5101310.470684 -1654.7378
1576012.415342 5101109.365968 -1657.1903
1576012.415342 5100908.261253 -1659.6809
1576012.415342 5100707.156537 -1662.1150
1576012.415342 5100506.051821 -1664.3672
1576212.710795 5103522.622556 -1649.5410
1576212.710795 5103321.517841 -1652.4988
1576212.710795 5103120.413125 -1655.9967
1576212.710795 5102919.308409 -1659.8469
1576212.710795 5102718.203694 -1663.5475
1576212.710795 5102517.098978 -1666.2534
1576212.710795 5102315.994262 -1667.1016
1576212.710795 5102114.889547 -1655.2767
1576212.710795 5101913.784831 -1657.1930
1576212.710795 5101712.680115 -1657.1953
1576212.710795 5101511.575400 -1657.9609
1576212.710795 5101310.470684 -1658.5795
1576212.710795 5101109.365968 -1659.8763
1576212.710795 5100908.261253 -1661.7877
1576212.710795 5100707.156537 -1663.9796
1576212.710795 5100506.051821 -1666.1572
1576413.006247 5103321.517841 -1656.9946
1576413.006247 5103120.413125 -1660.6512
1576413.006247 5102919.308409 -1664.5479
1576413.006247 5102718.203694 -1668.2755
1576413.006247 5102517.098978 -1671.2131
1576413.006247 5102315.994262 -1672.6381
1576413.006247 5102114.889547 -1671.7322
1576413.006247 5101913.784831 -1664.0167
1576413.006247 5101712.680115 -1665.2673
1576413.006247 5101511.575400 -1663.9211
1576413.006247 5101310.470684 -1662.0844
1576413.006247 5101109.365968 -1662.3389
1576413.006247 5100908.261253 -1663.8761
1576413.006247 5100707.156537 -1665.9705
1576413.006247 5100506.051821 -1668.1575
1576413.006247 5100304.947106 -1670.1863
1576613.301700 5103120.413125 -1663.9253
1576613.301700 5102919.308409 -1667.5729
1576613.301700 5102718.203694 -1670.9475
1576613.301700 5102517.098978 -1673.5171
1576613.301700 5102315.994262 -1674.6326
1576613.301700 5102114.889547 -1673.6191
1576613.301700 5101913.784831 -1670.2090
1576613.301700 5101712.680115 -1667.1826
1576613.301700 5101511.575400 -1665.1681
1576613.301700 5101310.470684 -1663.5011
1576613.301700 5101109.365968 -1663.9919
1576613.301700 5100908.261253 -1665.7146
1576613.301700 5100707.156537 -1667.9531
1576613.301700 5100506.051821 -1670.2655
1576613.301700 5100304.947106 -1672.4216
1576613.301700 5100103.842390 -1674.2734
1576813.597153 5102919.308409 -1669.1954
1576813.597153 5102718.203694 -1672.0601
1576813.597153 5102517.098978 -1674.1313
1576813.597153 5102315.994262 -1674.9401
1576813.597153 5102114.889547 -1674.1466
1576813.597153 5101913.784831 -1671.9468
1576813.597153 5101712.680115 -1669.7378
1576813.597153 5101511.575400 -1665.9298
1576813.597153 5101310.470684 -1666.7452
1576813.597153 5101109.365968 -1665.6243
1576813.597153 5100908.261253 -1667.4545
1576813.597153 5100707.156537 -1669.8364
1576813.597153 5100506.051821 -1672.3112
1576813.597153 5100304.947106 -1674.6892
1576813.597153 5100103.842390 -1676.7565
1576813.597153 5099902.737674 -1678.3379
1577013.892605 5102718.203694 -1672.1361
1577013.892605 5102517.098978 -1673.7490
1577013.892605 5102315.994262 -1674.3391
1577013.892605 5102114.889547 -1673.7817
1577013.892605 5101913.784831 -1672.3433
1577013.892605 5101712.680115 -1670.7749
1577013.892605 5101511.575400 -1669.5361
1577013.892605 5101310.470684 -1666.6548
1577013.892605 5101109.365968 -1667.9413
1577013.892605 5100908.261253 -1668.8231
1577013.892605 5100707.156537 -1671.2279
1577013.892605 5100506.051821 -1673.9053
1577013.892605 5100304.947106 -1676.6925
1577013.892605 5100103.842390 -1679.1851
1577013.892605 5099902.737674 -1681.0171
1577013.892605 5099701.632959 -1682.1089
1577214.188058 5102517.098978 -1672.7971
1577214.188058 5102315.994262 -1673.1809
1577214.188058 5102114.889547 -1672.7017
1577214.188058 5101913.784831 -1671.5686
1577214.188058 5101712.680115 -1670.2198
1577214.188058 5101511.575400 -1669.0411
1577214.188058 5101310.470684 -1668.2615
1577214.188058 5101109.365968 -1667.8286
1577214.188058 5100908.261253 -1665.1897
1577214.188058 5100707.156537 -1671.1322
1577214.188058 5100506.051821 -1674.3555
1577214.188058 5100304.947106 -1678.0028
1577214.188058 5100103.842390 -1681.3058
1577214.188058 5099902.737674 -1683.5774
1577214.188058 5099701.632959 -1684.7603
1577214.188058 5099500.528243 -1685.1024
1577414.483511 5102315.994262 -1671.7305
1577414.483511 5102114.889547 -1671.1677
1577414.483511 5101913.784831 -1669.9999
1577414.483511 5101712.680115 -1668.4392
1577414.483511 5101511.575400 -1666.6479
1577414.483511 5101310.470684 -1664.6228
1577414.483511 5101109.365968 -1662.2354
1577414.483511 5100908.261253 -1664.8523
1577414.483511 5100707.156537 -1665.9702
1577414.483511 5100506.051821 -1672.9674
1577414.483511 5100304.947106 -1678.2321
1577414.483511 5100103.842390 -1682.9003
1577414.483511 5099902.737674 -1685.7788
1577414.483511 5099701.632959 -1687.0856
1577414.483511 5099500.528243 -1687.2855
1577414.483511 5099299.423528 -1686.8435
1577614.778964 5102114.889547 -1669.5388
1577614.778964 5101913.784831 -1668.2289
1577614.778964 5101712.680115 -1666.4304
1577614.778964 5101511.575400 -1664.2726
1577614.778964 5101310.470684 -1661.9453
1577614.778964 5101109.365968 -1660.0038
1577614.778964 5100908.261253 -1660.2477
1577614.778964 5100707.156537 -1667.2194
1577614.778964 5100506.051821 -1670.2595
1577614.778964 5100304.947106 -1677.2802
1577614.778964 5100103.842390 -1683.8307
1577614.778964 5099902.737674 -1687.2605
1577614.778964 5099701.632959 -1688.6973
1577614.778964 5099500.528243 -1688.8087
1577614.778964 5099299.423528 -1688.1307
1577614.778964 5099098.318812 -1687.1926
1577815.074416 5101913.784831 -1666.7192
1577815.074416 5101712.680115 -1664.8099
1577815.074416 5101511.575400 -1662.5596
1577815.074416 5101310.470684 -1660.2852
1577815.074416 5101109.365968 -1658.6621
1577815.074416 5100908.261253 -1658.9373
1577815.074416 5100707.156537 -1662.2914
1577815.074416 5100506.051821 -1668.1527
1577815.074416 5100304.947106 -1669.3842
1577815.074416 5100103.842390 -1683.6521
1577815.074416 5099902.737674 -1687.2266
1577815.074416 5099701.632959 -1689.0280
1577815.074416 5099500.528243 -1689.3081
1577815.074416 5099299.423528 -1688.5244
1577815.074416 5099098.318812 -1687.4032
1577815.074416 5098897.214096 -1686.4949
1578015.369869 5101712.680115 -1663.8370
1578015.369869 5101511.575400 -1661.6368
1578015.369869 5101310.470684 -1659.4257
1578015.369869 5101109.365968 -1657.7056
1578015.369869 5100908.261253 -1657.1147
1578015.369869 5100707.156537 -1657.9634
1578015.369869 5100506.051821 -1659.6398
1578015.369869 5100304.947106 -1673.2299
1578015.369869 5100103.842390 -1675.0135
1578015.369869 5099902.737674 -1684.0094
1578015.369869 5099701.632959 -1687.5413
1578015.369869 5099500.528243 -1688.6055
1578015.369869 5099299.423528 -1687.8766
1578015.369869 5099098.318812 -1686.6768
1578015.369869 5098897.214096 -1685.7972
1578015.369869 5098696.109381 -1685.5017
1578215.665322 5101511.575400 -1661.5557
1578215.665322 5101310.470684 -1659.4631
1578215.665322 5101109.365968 -1657.6720
1578215.665322 5100908.261253 -1656.5771
1578215.665322 5100707.156537 -1656.4858
1578215.665322 5100506.051821 -1657.7648
1578215.665322 5100304.947106 -1662.1215
1578215.665322 5100103.842390 -1673.6770
1578215.665322 5099902.737674 -1673.3207
1578215.665322 5099701.632959 -1684.9572
1578215.665322 5099500.528243 -1687.1188
1578215.665322 5099299.423528 -1686.2725
1578215.665322 5099098.318812 -1685.0349
1578215.665322 5098897.214096 -1684.3771
1578215.665322 5098696.109381 -1684.4264
1578215.665322 5098495.004665 -1685.0182
1578415.960774 5101310.470684 -1660.4530
1578415.960774 5101109.365968 -1658.7992
1578415.960774 5100908.261253 -1657.6597
1578415.960774 5100707.156537 -1657.3895
1578415.960774 5100506.051821 -1658.4904
1578415.960774 5100304.947106 -1661.8140
1578415.960774 5100103.842390 -1667.6233
1578415.960774 5099902.737674 -1677.6687
1578415.960774 5099701.632959 -1679.5222
1578415.960774 5099500.528243 -1685.5652
1578415.960774 5099299.423528 -1683.8715
1578415.960774 5099098.318812 -1682.7028
1578415.960774 5098897.214096 -1682.5447
1578415.960774 5098696.109381 -1683.1573
1578415.960774 5098495.004665 -1684.1460
1578415.960774 5098293.899949 -1685.3885
1578616.256227 5101310.470684 -1662.2932
1578616.256227 5101109.365968 -1660.9707
1578616.256227 5100908.261253 -1660.0874
1578616.256227 5100707.156537 -1659.9797
1578616.256227 5100506.051821 -1661.0509
1578616.256227 5100304.947106 -1663.6967
1578616.256227 5100103.842390 -1667.8414
1578616.256227 5099902.737674 -1672.5842
1578616.256227 5099701.632959 -1680.5138
1578616.256227 5099500.528243 -1681.7322
1578616.256227 5099299.423528 -1680.7919
1578616.256227 5099098.318812 -1680.4008
1578616.256227 5098897.214096 -1681.0236
1578616.256227 5098696.109381 -1682.3101
1578616.256227 5098495.004665 -1683.5637
1578616.256227 5098293.899949 -1684.8599
1578616.256227 5098092.795234 -1686.4620
1578816.551680 5101109.365968 -1663.8949
1578816.551680 5100908.261253 -1663.4261
1578816.551680 5100707.156537 -1663.6552
1578816.551680 5100506.051821 -1664.8921
1578816.551680 5100304.947106 -1667.3735
1578816.551680 5100103.842390 -1671.0652
1578816.551680 5099902.737674 -1675.5914
1578816.551680 5099701.632959 -1680.5638
1578816.551680 5099500.528243 -1681.4380
1578816.551680 5099299.423528 -1686.2577
1578816.551680 5099098.318812 -1680.4312
1578816.551680 5098897.214096 -1681.0490
1578816.551680 5098696.109381 -1682.7380
1578816.551680 5098495.004665 -1683.7109
1578816.551680 5098293.899949 -1684.5972
1578816.551680 5098092.795234 -1686.0797
1578816.551680 5097891.690518 -1688.2108
1579016.847133 5100908.261253 -1667.2307
1579016.847133 5100707.156537 -1667.8530
1579016.847133 5100506.051821 -1669.3522
1579016.847133 5100304.947106 -1671.9121
1579016.847133 5100103.842390 -1675.5677
1579016.847133 5099902.737674 -1680.1680
1579016.847133 5099701.632959 -1685.3765
1579016.847133 5099500.528243 -1690.1353
1579016.847133 5099299.423528 -1688.5406
1579016.847133 5099098.318812 -1687.9435
1579016.847133 5098897.214096 -1683.1904
1579016.847133 5098696.109381 -1685.1005
1579016.847133 5098495.004665 -1684.7200
1579016.847133 5098293.899949 -1684.5156
1579016.847133 5098092.795234 -1685.7506
1579016.847133 5097891.690518 -1688.1241
1579217.142585 5100707.156537 -1672.0936
1579217.142585 5100506.051821 -1673.8159
1579217.142585 5100304.947106 -1676.4187
1579217.142585 5100103.842390 -1679.9160
1579217.142585 5099902.737674 -1684.1415
1579217.142585 5099701.632959 -1688.6343
1579217.142585 5099500.528243 -1692.3368
1579217.142585 5099299.423528 -1693.3108
1579217.142585 5099098.318812 -1687.0225
1579217.142585 5098897.214096 -1686.8727
1579217.142585 5098696.109381 -1689.4432
1579217.142585 5098495.004665 -1685.9265
1579217.142585 5098293.899949 -1684.1117
1579217.142585 5098092.795234 -1685.4316
1579217.142585 5097891.690518 -1688.3763
1579217.142585 5097690.585802 -1691.7179
1579417.438038 5100506.051821 -1677.8918
1579417.438038 5100304.947106 -1680.4082
1579417.438038 5100103.842390 -1683.5536
1579417.438038 5099902.737674 -1687.0820
1579417.438038 5099701.632959 -1690.4346
1579417.438038 5099500.528243 -1692.5844
1579417.438038 5099299.423528 -1692.0704
1579417.438038 5099098.318812 -1687.9652
1579417.438038 5098897.214096 -1688.1364
1579417.438038 5098696.109381 -1692.2427
1579417.438038 5098495.004665 -1685.3723
1579417.438038 5098293.899949 -1682.7769
1579417.438038 5098092.795234 -1685.4841
1579417.438038 5097891.690518 -1689.4891
1579417.438038 5097690.585802 -1693.2539
1579417.438038 5097489.481087 -1696.4886
1579617.733491 5100304.947106 -1683.7695
1579617.733491 5100103.842390 -1686.5072
1579617.733491 5099902.737674 -1689.3807
1579617.733491 5099701.632959 -1691.9065
1579617.733491 5099500.528243 -1693.3832
1579617.733491 5099299.423528 -1693.1389
1579617.733491 5099098.318812 -1691.3517
1579617.733491 5098897.214096 -1690.4310
1579617.733491 5098696.109381 -1691.6200
1579617.733491 5098495.004665 -1691.6984
1579617.733491 5098293.899949 -1681.9359
1579617.733491 5098092.795234 -1687.6506
1579617.733491 5097891.690518 -1692.4320
1579617.733491 5097690.585802 -1695.9584
1579617.733491 5097489.481087 -1698.7368
1579617.733491 5097288.376371 -1701.1066
1579818.028943 5100103.842390 -1688.9548
1579818.028943 5099902.737674 -1691.3665
1579818.028943 5099701.632959 -1693.4816
1579818.028943 5099500.528243 -1694.9440
1579818.028943 5099299.423528 -1695.6132
1579818.028943 5099098.318812 -1696.0083
1579818.028943 5098897.214096 -1697.5304
1579818.028943 5098696.109381 -1700.7616
1579818.028943 5098495.004665 -1696.1454
1579818.028943 5098293.899949 -1696.2480
1579818.028943 5098092.795234 -1695.0371
1579818.028943 5097891.690518 -1697.7162
1579818.028943 5097690.585802 -1699.5670
1579818.028943 5097489.481087 -1701.2949
1579818.028943 5097288.376371 -1703.0327
1579818.028943 5097087.271655 -1704.7726
1580018.324396 5099902.737674 -1693.1476
1580018.324396 5099701.632959 -1695.0693
1580018.324396 5099500.528243 -1696.6481
1580018.324396 5099299.423528 -1697.9067
1580018.324396 5099098.318812 -1699.1711
1580018.324396 5098897.214096 -1700.8644
1580018.324396 5098696.109381 -1702.4259
1580018.324396 5098495.004665 -1700.8969
1580018.324396 5098293.899949 -1696.6818
1580018.324396 5098092.795234 -1697.3059
1580018.324396 5097891.690518 -1702.1586
1580018.324396 5097690.585802 -1702.3226
1580018.324396 5097489.481087 -1703.2839
1580018.324396 5097288.376371 -1704.6044
1580018.324396 5097087.271655 -1706.0543
1580018.324396 5096886.166940 -1707.5973
1580218.619849 5099701.632959 -1696.5227
1580218.619849 5099500.528243 -1698.1101
1580218.619849 5099299.423528 -1699.5100
1580218.619849 5099098.318812 -1700.8015
1580218.619849 5098897.214096 -1701.9302
1580218.619849 5098696.109381 -1702.2756
1580218.619849 5098495.004665 -1700.6805
1580218.619849 5098293.899949 -1697.8528
1580218.619849 5098092.795234 -1698.8080
1580218.619849 5097891.690518 -1700.7877
1580218.619849 5097690.585802 -1702.4658
1580218.619849 5097489.481087 -1704.1188
1580218.619849 5097288.376371 -1705.6112
1580218.619849 5097087.271655 -1706.9863
1580218.619849 5096886.166940 -1708.3784
1580218.619849 5096685.062224 -1709.9517
1580418.915302 5099500.528243 -1699.2913
1580418.915302 5099299.423528 -1700.5779
1580418.915302 5099098.318812 -1701.6152
1580418.915302 5098897.214096 -1702.2266
1580418.915302 5098696.109381 -1702.0262
1580418.915302 5098495.004665 -1700.6891
1580418.915302 5098293.899949 -1698.9337
1580418.915302 5098092.795234 -1698.8105
1580418.915302 5097891.690518 -1700.6597
1580418.915302 5097690.585802 -1702.4154
1580418.915302 5097489.481087 -1704.7529
1580418.915302 5097288.376371 -1706.4200
1580418.915302 5097087.271655 -1707.7013
1580418.915302 5096886.166940 -1708.9066
1580418.915302 5096685.062224 -1710.3442
1580418.915302 5096483.957508 -1712.2147
1580619.210754 5099299.423528 -1701.4243
1580619.210754 5099098.318812 -1702.2114
1580619.210754 5098897.214096 -1702.5327
1580619.210754 5098696.109381 -1702.2112
1580619.210754 5098495.004665 -1701.2513
1580619.210754 5098293.899949 -1700.1985
1580619.210754 5098092.795234 -1700.0404
1580619.210754 5097891.690518 -1701.0692
1580619.210754 5097690.585802 -1703.8931
1580619.210754 5097489.481087 -1705.9532
1580619.210754 5097288.376371 -1707.3621
1580619.210754 5097087.271655 -1708.3575
1580619.210754 5096886.166940 -1709.2571
1580619.210754 5096685.062224 -1710.5012
1580619.210754 5096483.957508 -1712.3812
1580619.210754 5096282.852793 -1714.9067
1580819.506207 5099098.318812 -1702.9287
1580819.506207 5098897.214096 -1703.1528
1580819.506207 5098696.109381 -1702.9204
1580819.506207 5098495.004665 -1702.3398
1580819.506207 5098293.899949 -1701.7949
1580819.506207 5098092.795234 -1701.8241
1580819.506207 5097891.690518 -1702.7048
1580819.506207 5097690.585802 -1705.9968
1580819.506207 5097489.481087 -1708.1442
1580819.506207 5097288.376371 -1708.2676
1580819.506207 5097087.271655 -1708.9877
1580819.506207 5096886.166940 -1709.5176
1580819.506207 5096685.062224 -1710.5200
1580819.506207 5096483.957508 -1712.4515
1580819.506207 5096282.852793 -1715.2345
1580819.506207 5096081.748077 -1718.5869
1581019.801660 5098897.214096 -1704.1635
1581019.801660 5098696.109381 -1704.1085
1581019.801660 5098495.004665 -1703.8749
1581019.801660 5098293.899949 -1703.7328
1581019.801660 5098092.795234 -1704.0221
1581019.801660 5097891.690518 -1705.0037
1581019.801660 5097690.585802 -1706.8484
1581019.801660 5097489.481087 -1708.8992
1581019.801660 5097288.376371 -1708.8204
1581019.801660 5097087.271655 -1709.6614
1581019.801660 5096886.166940 -1709.9198
1581019.801660 5096685.062224 -1710.6351
1581019.801660 5096483.957508 -1712.7048
1581019.801660 5096282.852793 -1715.8232
1581019.801660 5096081.748077 -1719.5245
1581019.801660 5095880.643361 -1723.4827
1581220.097113 5098696.109381 -1705.6959
1581220.097113 5098495.004665 -1705.7662
1581220.097113 5098293.899949 -1705.9283
1581220.097113 5098092.795234 -1706.3571
1581220.097113 5097891.690518 -1707.0972
1581220.097113 5097690.585802 -1707.9016
1581220.097113 5097489.481087 -1707.9484
1581220.097113 5097288.376371 -1708.2354
1581220.097113 5097087.271655 -1710.9598
1581220.097113 5096886.166940 -1711.2023
1581220.097113 5096685.062224 -1711.3875
1581220.097113 5096483.957508 -1713.6873
1581220.097113 5096282.852793 -1717.1425
1581220.097113 5096081.748077 -1721.0724
1581220.097113 5095880.643361 -1725.1840
1581220.097113 5095679.538646 -1729.3322
1581420.392565 5098495.004665 -1707.9640
1581420.392565 5098293.899949 -1708.4263
1581420.392565 5098092.795234 -1709.0898
1581420.392565 5097891.690518 -1709.9509
1581420.392565 5097690.585802 -1710.8345
1581420.392565 5097489.481087 -1711.4468
1581420.392565 5097288.376371 -1711.9940
1581420.392565 5097087.271655 -1713.6426
1581420.392565 5096886.166940 -1716.5468
1581420.392565 5096685.062224 -1713.8745
1581420.392565 5096483.957508 -1716.3280
1581420.392565 5096282.852793 -1719.8163
1581420.392565 5096081.748077 -1723.5850
1581420.392565 5095880.643361 -1727.5313
1581420.392565 5095679.538646 -1731.5912
1581420.392565 5095478.433930 -1735.6812
1581620.688018 5098495.004665 -1710.4039
1581620.688018 5098293.899949 -1711.1978
1581620.688018 5098092.795234 -1712.2382
1581620.688018 5097891.690518 -1713.5867
1581620.688018 5097690.585802 -1715.2936
1581620.688018 5097489.481087 -1717.5405
1581620.688018 5097288.376371 -1720.9670
1581620.688018 5097087.271655 -1726.5828
1581620.688018 5096886.166940 -1721.0952
1581620.688018 5096685.062224 -1721.9685
1581620.688018 5096483.957508 -1721.7643
1581620.688018 5096282.852793 -1724.3027
1581620.688018 5096081.748077 -1727.1842
1581620.688018 5095880.643361 -1730.5488
1581620.688018 5095679.538646 -1734.2742
1581620.688018 5095478.433930 -1738.2332
1581620.688018 5095277.329214 -1742.2565
1581820.983471 5098293.899949 -1714.1001
1581820.983471 5098092.795234 -1715.5322
1581820.983471 5097891.690518 -1717.3821
1581820.983471 5097690.585802 -1719.7649
1581820.983471 5097489.481087 -1722.8352
1581820.983471 5097288.376371 -1726.7085
1581820.983471 5097087.271655 -1730.8086
1581820.983471 5096886.166940 -1731.9675
1581820.983471 5096685.062224 -1725.6758
1581820.983471 5096483.957508 -1729.2407
1581820.983471 5096282.852793 -1729.9149
1581820.983471 5096081.748077 -1731.3851
1581820.983471 5095880.643361 -1733.9965
1581820.983471 5095679.538646 -1737.2544
1581820.983471 5095478.433930 -1741.0135
1581820.983471 5095277.329214 -1745.0363
1581820.983471 5095076.224499 -1748.9834
1582021.278923 5098092.795234 -1718.7083
1582021.278923 5097891.690518 -1720.8862
1582021.278923 5097690.585802 -1723.5815
1582021.278923 5097489.481087 -1726.7960
1582021.278923 5097288.376371 -1730.3064
1582021.278923 5097087.271655 -1733.3114
1582021.278923 5096886.166940 -1734.1941
1582021.278923 5096685.062224 -1732.4368
1582021.278923 5096483.957508 -1731.5752
1582021.278923 5096282.852793 -1734.2671
1582021.278923 5096081.748077 -1735.2899
1582021.278923 5095880.643361 -1737.6019
1582021.278923 5095679.538646 -1740.3776
1582021.278923 5095478.433930 -1743.9360
1582021.278923 5095277.329214 -1748.0286
1582021.278923 5095076.224499 -1752.0620
1582221.574376 5097891.690518 -1723.9651
1582221.574376 5097690.585802 -1726.7181
1582221.574376 5097489.481087 -1729.8113
1582221.574376 5097288.376371 -1732.9600
1582221.574376 5097087.271655 -1735.6031
1582221.574376 5096886.166940 -1737.1066
1582221.574376 5096685.062224 -1737.7635
1582221.574376 5096483.957508 -1739.6616
1582221.574376 5096282.852793 -1736.9568
1582221.574376 5096081.748077 -1739.8733
1582221.574376 5095880.643361 -1741.7118
1582221.574376 5095679.538646 -1743.5870
1582221.574376 5095478.433930 -1746.9175
1582221.574376 5095277.329214 -1751.2662
1582221.574376 5095076.224499 -1755.4355
1582221.574376 5094875.119783 -1758.9291
1582421.869829 5097690.585802 -1729.3573
1582421.869829 5097489.481087 -1732.2728
1582421.869829 5097288.376371 -1735.1809
1582421.869829 5097087.271655 -1737.7426
1582421.869829 5096886.166940 -1739.6912
1582421.869829 5096685.062224 -1741.1724
1582421.869829 5096483.957508 -1742.6056
1582421.869829 5096282.852793 -1742.9907
1582421.869829 5096081.748077 -1742.6779
1582421.869829 5095880.643361 -1745.8118
1582421.869829 5095679.538646 -1746.6367
1582421.869829 5095478.433930 -1749.8242
1582421.869829 5095277.329214 -1754.8562
1582421.869829 5095076.224499 -1759.1749
1582421.869829 5094875.119783 -1762.3212
1582421.869829 5094674.015067 -1764.7965
1582622.165282 5097489.481087 -1734.4410
1582622.165282 5097288.376371 -1737.1885
1582622.165282 5097087.271655 -1739.7340
1582622.165282 5096886.166940 -1741.9464
1582622.165282 5096685.062224 -1743.8829
1582622.165282 5096483.957508 -1745.7019
1582622.165282 5096282.852793 -1747.3983
1582622.165282 5096081.748077 -1749.7502
1582622.165282 5095880.643361 -1749.1547
1582622.165282 5095679.538646 -1752.1433
1582622.165282 5095478.433930 -1752.6130
1582622.165282 5095277.329214 -1759.0552
1582622.165282 5095076.224499 -1763.2681
1582622.165282 5094875.119783 -1765.6011
1582622.165282 5094674.015067 -1767.4150
1582622.165282 5094472.910352 -1769.4058
1582822.460734 5097288.376371 -1739.1021
1582822.460734 5097087.271655 -1741.6129
1582822.460734 5096886.166940 -1743.9330
1582822.460734 5096685.062224 -1746.0767
1582822.460734 5096483.957508 -1748.1332
1582822.460734 5096282.852793 -1750.2262
1582822.460734 5096081.748077 -1752.6310
1582822.460734 5095880.643361 -1755.0454
1582822.460734 5095679.538646 -1754.4514
1582822.460734 5095478.433930 -1755.4805
1582822.460734 5095277.329214 -1763.9971
1582822.460734 5095076.224499 -1767.1814
1582822.460734 5094875.119783 -1768.0746
1582822.460734 5094674.015067 -1769.2346
1582822.460734 5094472.910352 -1771.1945
1582822.460734 5094271.805636 -1773.7632
1583022.756187 5097087.271655 -1743.4485
1583022.756187 5096886.166940 -1745.7460
1583022.756187 5096685.062224 -1747.8705
1583022.756187 5096483.957508 -1749.8153
1583022.756187 5096282.852793 -1751.5553
1583022.756187 5096081.748077 -1752.9708
1583022.756187 5095880.643361 -1753.5518
1583022.756187 5095679.538646 -1752.5409
1583022.756187 5095478.433930 -1757.5173
1583022.756187 5095277.329214 -1761.3085
1583022.756187 5095076.224499 -1768.7877
1583022.756187 5094875.119783 -1768.4537
1583022.756187 5094674.015067 -1769.8328
1583022.756187 5094472.910352 -1772.4871
1583022.756187 5094271.805636 -1775.7338
1583022.756187 5094070.700920 -1779.1477
1583223.051640 5096886.166940 -1747.5558
1583223.051640 5096685.062224 -1749.5641
1583223.051640 5096483.957508 -1751.2908
1583223.051640 5096282.852793 -1752.6232
1583223.051640 5096081.748077 -1753.3734
1583223.051640 5095880.643361 -1753.2915
1583223.051640 5095679.538646 -1752.5284
1583223.051640 5095478.433930 -1753.1614
1583223.051640 5095277.329214 -1761.2002
1583223.051640 5095076.224499 -1763.1089
1583223.051640 5094875.119783 -1766.1696
1583223.051640 5094674.015067 -1769.8226
1583223.051640 5094472.910352 -1774.0208
1583223.051640 5094271.805636 -1778.2067
1583223.051640 5094070.700920 -1782.1622
1583223.051640 5093869.596205 -1785.8555
1583423.347092 5096685.062224 -1751.4634
1583423.347092 5096483.957508 -1753.0820
1583423.347092 5096282.852793 -1754.2909
1583423.347092 5096081.748077 -1754.9957
1583423.347092 5095880.643361 -1755.2162
1583423.347092 5095679.538646 -1755.3853
1583423.347092 5095478.433930 -1756.7452
1583423.347092 5095277.329214 -1760.5411
1583423.347092 5095076.224499 -1765.7330
1583423.347092 5094875.119783 -1771.8989
1583423.347092 5094674.015067 -1772.4904
1583423.347092 5094472.910352 -1777.4705
1583423.347092 5094271.805636 -1782.0209
1583423.347092 5094070.700920 -1786.1178
1583423.347092 5093869.596205 -1789.8567
1583423.347092 5093668.491489 -1793.3434
1583623.642545 5096483.957508 -1755.4249
1583623.642545 5096282.852793 -1756.8087
1583623.642545 5096081.748077 -1757.9124
1583623.642545 5095880.643361 -1758.9163
1583623.642545 5095679.538646 -1760.3118
1583623.642545 5095478.433930 -1762.9487
1583623.642545 5095277.329214 -1767.5594
1583623.642545 5095076.224499 -1773.7610
1583623.642545 5094875.119783 -1777.9265
1583623.642545 5094674.015067 -1784.7264
1583623.642545 5094472.910352 -1783.8217
1583623.642545 5094271.805636 -1787.5083
1583623.642545 5094070.700920 -1791.0972
1583623.642545 5093869.596205 -1794.5320
1583623.642545 5093668.491489 -1797.8347
1583823.937998 5096282.852793 -1760.0366
1583823.937998 5096081.748077 -1761.7129
1583823.937998 5095880.643361 -1763.5621
1583823.937998 5095679.538646 -1766.0048
1583823.937998 5095478.433930 -1769.5820
1583823.937998 5095277.329214 -1774.6245
1583823.937998 5095076.224499 -1780.7111
1583823.937998 5094875.119783 -1786.2960
1583823.937998 5094674.015067 -1788.6853
1583823.937998 5094472.910352 -1791.2067
1583823.937998 5094271.805636 -1793.7487
1583823.937998 5094070.700920 -1796.6013
1583823.937998 5093869.596205 -1799.5839
1584024.233451 5096081.748077 -1765.9263
1584024.233451 5095880.643361 -1768.4677
1584024.233451 5095679.538646 -1771.6171
1584024.233451 5095478.433930 -1775.6699
1584024.233451 5095277.329214 -1780.6924
1584024.233451 5095076.224499 -1786.2397
1584024.233451 5094875.119783 -1791.2678
1584024.233451 5094674.015067 -1794.6881
1584024.233451 5094472.910352 -1797.0784
1584024.233451 5094271.805636 -1799.4041
1584024.233451 5094070.700920 -1801.9124
1584024.233451 5093869.596205 -1804.5946
1584224.528903 5095880.643361 -1773.2258
1584224.528903 5095679.538646 -1776.7804
1584224.528903 5095478.433930 -1780.9915
1584224.528903 5095277.329214 -1785.7980
1584224.528903 5095076.224499 -1790.8206
1584224.528903 5094875.119783 -1795.4049
1584224.528903 5094674.015067 -1798.9976
1584224.528903 5094472.910352 -1801.7699
1584224.528903 5094271.805636 -1804.2456
1584224.528903 5094070.700920 -1806.7217
1584424.824356 5095679.538646 -1781.4117
1584424.824356 5095478.433930 -1785.6177
1584424.824356 5095277.329214 -1790.1729
1584424.824356 5095076.224499 -1794.7902
1584424.824356 5094875.119783 -1799.0663
1584424.824356 5094674.015067 -1802.6985
1584424.824356 5094472.910352 -1805.7280
1584424.824356 5094271.805636 -1808.4220
1584625.119809 5095679.538646 -1785.5626
1584625.119809 5095478.433930 -1789.6984
1584625.119809 5095277.329214 -1794.0337
1584625.119809 5095076.224499 -1798.3613
1584625.119809 5094875.119783 -1802.4296
1584625.119809 5094674.015067 -1806.0594
1584625.119809 5094472.910352 -1809.2500
1584825.415262 5095478.433930 -1793.3890
1584825.415262 5095277.329214 -1797.5544
1584825.415262 5095076.224499 -1801.6830
1584825.415262 5094875.119783 -1805.6141
1584825.415262 5094674.015067 -1809.2328
1585025.710714 5095277.329214 -1800.8702
1585025.710714 5095076.224499 -1804.8682
1585025.710714 5094875.119783 -1808.7109
1585025.710714 5094674.015067 -1812.3212
1585226.006167 5095076.224499 -1808.0009
1585226.006167 5094875.119783 -1811.7885
