1557384.938239 5118203.266799 -1276.0682
1557384.938239 5118002.162084 -1276.7723
1557585.233691 5118404.371515 -1277.6058
1557585.233691 5118203.266799 -1278.6870
1557585.233691 5118002.162084 -1279.0530
1557585.233691 5117801.057368 -1279.1320
1557785.529144 5118605.476231 -1278.5000
1557785.529144 5118404.371515 -1280.6870
1557785.529144 5118203.266799 -1281.3661
1557785.529144 5118002.162084 -1281.2366
1557785.529144 5117801.057368 -1280.8927
1557785.529144 5117599.952653 -1280.7028
1557985.824597 5118806.580946 -1277.1108
1557985.824597 5118605.476231 -1281.9497
1557985.824597 5118404.371515 -1283.8733
1557985.824597 5118203.266799 -1283.8575
1557985.824597 5118002.162084 -1283.0558
1557985.824597 5117801.057368 -1282.2515
1557985.824597 5117599.952653 -1281.8204
1557985.824597 5117398.847937 -1281.8641
1558186.120050 5119007.685662 -1270.0602
1558186.120050 5118806.580946 -1279.9810
1558186.120050 5118605.476231 -1285.6124
1558186.120050 5118404.371515 -1286.7904
1558186.120050 5118203.266799 -1285.6825
1558186.120050 5118002.162084 -1284.0969
1558186.120050 5117801.057368 -1282.9301
1558186.120050 5117599.952653 -1282.4427
1558186.120050 5117398.847937 -1282.5865
1558186.120050 5117197.743221 -1283.2117
1558386.415502 5119208.790378 -1258.5577
1558386.415502 5119007.685662 -1268.5872
1558386.415502 5118806.580946 -1282.8088
1558386.415502 5118605.476231 -1289.0504
1558386.415502 5118404.371515 -1288.6262
1558386.415502 5118203.266799 -1286.0677
1558386.415502 5118002.162084 -1283.8490
1558386.415502 5117801.057368 -1282.6835
1558386.415502 5117599.952653 -1282.5072
1558386.415502 5117398.847937 -1283.0375
1558386.415502 5117197.743221 -1284.0009
1558586.710955 5119409.895093 -1249.9431
1558586.710955 5119208.790378 -1255.4801
1558586.710955 5119007.685662 -1271.0720
1558586.710955 5118806.580946 -1273.8146
1558586.710955 5118605.476231 -1290.7855
1558586.710955 5118404.371515 -1287.8663
1558586.710955 5118203.266799 -1284.0663
1558586.710955 5118002.162084 -1281.9509
1558586.710955 5117801.057368 -1281.5096
1558586.710955 5117599.952653 -1282.1700
1558586.710955 5117398.847937 -1283.4126
1558586.710955 5117197.743221 -1284.8900
1558586.710955 5116996.638506 -1286.4110
1558787.006408 5119610.999809 -1246.5222
1558787.006408 5119409.895093 -1250.5671
1558787.006408 5119208.790378 -1255.2786
1558787.006408 5119007.685662 -1261.9578
1558787.006408 5118806.580946 -1272.6672
1558787.006408 5118605.476231 -1279.2076
1558787.006408 5118404.371515 -1282.8145
1558787.006408 5118203.266799 -1279.3894
1558787.006408 5118002.162084 -1278.8026
1558787.006408 5117801.057368 -1279.9716
1558787.006408 5117599.952653 -1281.9353
1558787.006408 5117398.847937 -1284.0985
1558787.006408 5117197.743221 -1286.1501
1558787.006408 5116996.638506 -1287.9774
1558787.006408 5116795.533790 -1289.5868
1558987.301860 5119610.999809 -1249.6438
1558987.301860 5119409.895093 -1253.7722
1558987.301860 5119208.790378 -1258.6876
1558987.301860 5119007.685662 -1265.3597
1558987.301860 5118806.580946 -1274.5663
1558987.301860 5118605.476231 -1281.8640
1558987.301860 5118404.371515 -1281.4856
1558987.301860 5118203.266799 -1274.6869
1558987.301860 5118002.162084 -1276.4131
1558987.301860 5117801.057368 -1279.3876
1558987.301860 5117599.952653 -1282.6150
1558987.301860 5117398.847937 -1285.5803
1558987.301860 5117197.743221 -1288.0602
1558987.301860 5116996.638506 -1290.0461
1558987.301860 5116795.533790 -1291.6489
1558987.301860 5116594.429074 -1293.0137
1559187.597313 5119409.895093 -1258.3799
1559187.597313 5119208.790378 -1263.4871
1559187.597313 5119007.685662 -1269.9761
1559187.597313 5118806.580946 -1277.8324
1559187.597313 5118605.476231 -1284.8073
1559187.597313 5118404.371515 -1282.6831
1559187.597313 5118203.266799 -1285.2966
1559187.597313 5118002.162084 -1277.8302
1559187.597313 5117801.057368 -1281.1532
1559187.597313 5117599.952653 -1284.8640
1559187.597313 5117398.847937 -1288.1648
1559187.597313 5117197.743221 -1290.7428
1559187.597313 5116996.638506 -1292.6360
1559187.597313 5116795.533790 -1294.0480
1559187.597313 5116594.429074 -1295.2015
1559187.597313 5116393.324359 -1296.2660
1559387.892766 5119208.790378 -1268.0380
1559387.892766 5119007.685662 -1273.7046
1559387.892766 5118806.580946 -1279.7700
1559387.892766 5118605.476231 -1284.4996
1559387.892766 5118404.371515 -1284.9297
1559387.892766 5118203.266799 -1283.1458
1559387.892766 5118002.162084 -1282.2943
1559387.892766 5117801.057368 -1284.8112
1559387.892766 5117599.952653 -1288.3870
1559387.892766 5117398.847937 -1291.6361
1559387.892766 5117197.743221 -1294.0000
1559387.892766 5116996.638506 -1295.5533
1559387.892766 5116795.533790 -1296.6041
1559387.892766 5116594.429074 -1297.4486
1559387.892766 5116393.324359 -1298.2798
1559387.892766 5116192.219643 -1299.1877
1559588.188219 5119007.685662 -1276.3201
1559588.188219 5118806.580946 -1280.7559
1559588.188219 5118605.476231 -1284.0206
1559588.188219 5118404.371515 -1285.0165
1559588.188219 5118203.266799 -1284.5574
1559588.188219 5118002.162084 -1284.9824
1559588.188219 5117801.057368 -1287.9591
1559588.188219 5117599.952653 -1291.9198
1559588.188219 5117398.847937 -1295.2430
1559588.188219 5117197.743221 -1297.2966
1559588.188219 5116996.638506 -1298.3831
1559588.188219 5116795.533790 -1298.9967
1559588.188219 5116594.429074 -1299.5199
1559588.188219 5116393.324359 -1300.1432
1559588.188219 5116192.219643 -1300.9172
1559588.188219 5115991.114927 -1301.8286
1559788.483671 5118806.580946 -1281.1826
1559788.483671 5118605.476231 -1283.3550
1559788.483671 5118404.371515 -1284.2657
1559788.483671 5118203.266799 -1284.5614
1559788.483671 5118002.162084 -1285.7806
1559788.483671 5117801.057368 -1287.6912
1559788.483671 5117599.952653 -1294.1366
1559788.483671 5117398.847937 -1298.0132
1559788.483671 5117197.743221 -1299.8923
1559788.483671 5116996.638506 -1300.5771
1559788.483671 5116795.533790 -1300.8379
1559788.483671 5116594.429074 -1301.1600
1559788.483671 5116393.324359 -1301.6998
1559788.483671 5116192.219643 -1302.4323
1559788.483671 5115991.114927 -1303.2950
1559788.483671 5115790.010212 -1304.2537
1559988.779124 5118605.476231 -1282.6396
1559988.779124 5118404.371515 -1283.0593
1559988.779124 5118203.266799 -1283.1149
1559988.779124 5118002.162084 -1283.8719
1559988.779124 5117801.057368 -1286.7134
1559988.779124 5117599.952653 -1293.1459
1559988.779124 5117398.847937 -1298.7059
1559988.779124 5117197.743221 -1300.9633
1559988.779124 5116996.638506 -1301.6244
1559988.779124 5116795.533790 -1301.8162
1559988.779124 5116594.429074 -1302.2087
1559988.779124 5116393.324359 -1302.8873
1559988.779124 5116192.219643 -1303.7083
1559988.779124 5115991.114927 -1304.5682
1559988.779124 5115790.010212 -1305.4591
1559988.779124 5115588.905496 -1306.4203
1560189.074577 5118404.371515 -1282.0803
1560189.074577 5118203.266799 -1281.4199
1560189.074577 5118002.162084 -1280.6736
1560189.074577 5117801.057368 -1280.3179
1560189.074577 5117599.952653 -1291.3990
1560189.074577 5117398.847937 -1295.1984
1560189.074577 5117197.743221 -1300.0482
1560189.074577 5116996.638506 -1301.4583
1560189.074577 5116795.533790 -1301.9449
1560189.074577 5116594.429074 -1302.7573
1560189.074577 5116393.324359 -1303.8342
1560189.074577 5116192.219643 -1304.8491
1560189.074577 5115991.114927 -1305.6899
1560189.074577 5115790.010212 -1306.4497
1560189.074577 5115588.905496 -1307.2711
1560189.074577 5115387.800780 -1308.2479
1560389.370030 5118203.266799 -1281.5100
1560389.370030 5118002.162084 -1280.8579
1560389.370030 5117801.057368 -1281.1311
1560389.370030 5117599.952653 -1284.3044
1560389.370030 5117398.847937 -1297.6807
1560389.370030 5117197.743221 -1299.5883
1560389.370030 5116996.638506 -1301.2697
1560389.370030 5116795.533790 -1301.8335
1560389.370030 5116594.429074 -1303.2823
1560389.370030 5116393.324359 -1304.9274
1560389.370030 5116192.219643 -1306.0966
1560389.370030 5115991.114927 -1306.7542
1560389.370030 5115790.010212 -1307.2178
1560389.370030 5115588.905496 -1307.7941
1560389.370030 5115387.800780 -1308.6438
1560389.370030 5115186.696065 -1309.7914
1560589.665482 5118002.162084 -1283.7404
1560589.665482 5117801.057368 -1285.2982
1560589.665482 5117599.952653 -1289.3846
1560589.665482 5117398.847937 -1296.4645
1560589.665482 5117197.743221 -1301.8754
1560589.665482 5116996.638506 -1304.1155
1560589.665482 5116795.533790 -1302.5209
1560589.665482 5116594.429074 -1304.6105
1560589.665482 5116393.324359 -1306.7534
1560589.665482 5116192.219643 -1307.7467
1560589.665482 5115991.114927 -1307.8251
1560589.665482 5115790.010212 -1307.7136
1560589.665482 5115588.905496 -1307.9148
1560589.665482 5115387.800780 -1308.6122
1560589.665482 5115186.696065 -1309.7842
1560589.665482 5114985.591349 -1311.3114
1560789.960935 5118002.162084 -1287.8341
1560789.960935 5117801.057368 -1290.3602
1560789.960935 5117599.952653 -1294.8474
1560789.960935 5117398.847937 -1301.1243
1560789.960935 5117197.743221 -1307.0775
1560789.960935 5116996.638506 -1304.4042
1560789.960935 5116795.533790 -1306.5494
1560789.960935 5116594.429074 -1307.6965
1560789.960935 5116393.324359 -1309.7891
1560789.960935 5116192.219643 -1309.8884
1560789.960935 5115991.114927 -1308.7709
1560789.960935 5115790.010212 -1307.7826
1560789.960935 5115588.905496 -1307.5427
1560789.960935 5115387.800780 -1308.1279
1560789.960935 5115186.696065 -1309.3978
1560789.960935 5114985.591349 -1311.1459
1560789.960935 5114784.486633 -1313.1591
1560990.256388 5117801.057368 -1295.0135
1560990.256388 5117599.952653 -1299.3444
1560990.256388 5117398.847937 -1304.6957
1560990.256388 5117197.743221 -1309.8054
1560990.256388 5116996.638506 -1313.0708
1560990.256388 5116795.533790 -1309.2640
1560990.256388 5116594.429074 -1310.6733
1560990.256388 5116393.324359 -1313.4161
1560990.256388 5116192.219643 -1311.9385
1560990.256388 5115991.114927 -1309.0840
1560990.256388 5115790.010212 -1307.1696
1560990.256388 5115588.905496 -1306.6426
1560990.256388 5115387.800780 -1307.2700
1560990.256388 5115186.696065 -1308.7511
1560990.256388 5114985.591349 -1310.8015
1560990.256388 5114784.486633 -1313.1560
1560990.256388 5114583.381918 -1315.5846
1561190.551840 5117599.952653 -1302.6102
1561190.551840 5117398.847937 -1306.7856
1561190.551840 5117197.743221 -1310.3672
1561190.551840 5116996.638506 -1312.0914
1561190.551840 5116795.533790 -1311.0094
1561190.551840 5116594.429074 -1311.8854
1561190.551840 5116393.324359 -1312.7157
1561190.551840 5116192.219643 -1312.4746
1561190.551840 5115991.114927 -1308.0366
1561190.551840 5115790.010212 -1305.8027
1561190.551840 5115588.905496 -1305.4634
1561190.551840 5115387.800780 -1306.3470
1561190.551840 5115186.696065 -1308.1182
1561190.551840 5114985.591349 -1310.5044
1561190.551840 5114784.486633 -1313.2174
1561190.551840 5114583.381918 -1315.9939
1561190.551840 5114382.277202 -1318.6294
1561390.847293 5117398.847937 -1308.2162
1561390.847293 5117197.743221 -1310.6724
1561390.847293 5116996.638506 -1311.5780
1561390.847293 5116795.533790 -1310.5216
1561390.847293 5116594.429074 -1308.5558
1561390.847293 5116393.324359 -1314.0940
1561390.847293 5116192.219643 -1312.3076
1561390.847293 5115991.114927 -1305.8905
1561390.847293 5115790.010212 -1304.5946
1561390.847293 5115588.905496 -1304.9075
1561390.847293 5115387.800780 -1305.9967
1561390.847293 5115186.696065 -1307.9308
1561390.847293 5114985.591349 -1310.5653
1561390.847293 5114784.486633 -1313.5786
1561390.847293 5114583.381918 -1316.6539
1561390.847293 5114382.277202 -1319.5554
1561591.142746 5117197.743221 -1311.6730
1561591.142746 5116996.638506 -1312.7590
1561591.142746 5116795.533790 -1312.9744
1561591.142746 5116594.429074 -1313.2944
1561591.142746 5116393.324359 -1315.3522
1561591.142746 5116192.219643 -1308.1212
1561591.142746 5115991.114927 -1308.1782
1561591.142746 5115790.010212 -1306.4373
1561591.142746 5115588.905496 -1306.6211
1561591.142746 5115387.800780 -1307.0137
1561591.142746 5115186.696065 -1308.6387
1561591.142746 5114985.591349 -1311.2998
1561591.142746 5114784.486633 -1314.4752
1561591.142746 5114583.381918 -1317.7394
1561591.142746 5114382.277202 -1320.8137
1561591.142746 5114181.172486 -1323.5309
1561791.438199 5116996.638506 -1314.8944
1561791.438199 5116795.533790 -1316.2966
1561791.438199 5116594.429074 -1318.0389
1561791.438199 5116393.324359 -1320.4835
1561791.438199 5116192.219643 -1322.0105
1561791.438199 5115991.114927 -1309.3600
1561791.438199 5115790.010212 -1314.1676
1561791.438199 5115588.905496 -1311.6235
1561791.438199 5115387.800780 -1309.5997
1561791.438199 5115186.696065 -1310.4280
1561791.438199 5114985.591349 -1312.9243
1561791.438199 5114784.486633 -1316.0874
1561791.438199 5114583.381918 -1319.3735
1561791.438199 5114382.277202 -1322.4824
1561791.438199 5114181.172486 -1325.2367
1561791.438199 5113980.067771 -1327.5316
1561991.733651 5116795.533790 -1319.3025
1561991.733651 5116594.429074 -1321.6543
1561991.733651 5116393.324359 -1324.0205
1561991.733651 5116192.219643 -1325.1321
1561991.733651 5115991.114927 -1323.0260
1561991.733651 5115790.010212 -1315.4033
1561991.733651 5115588.905496 -1318.0442
1561991.733651 5115387.800780 -1312.7445
1561991.733651 5115186.696065 -1313.2695
1561991.733651 5114985.591349 -1315.5835
1561991.733651 5114784.486633 -1318.4933
1561991.733651 5114583.381918 -1321.5709
1561991.733651 5114382.277202 -1324.5463
1561991.733651 5114181.172486 -1327.2269
1561991.733651 5113980.067771 -1329.4736
1561991.733651 5113778.963055 -1331.1943
1562192.029104 5116594.429074 -1324.2686
1562192.029104 5116393.324359 -1326.7166
1562192.029104 5116192.219643 -1328.3113
1562192.029104 5115991.114927 -1328.4447
1562192.029104 5115790.010212 -1327.9366
1562192.029104 5115588.905496 -1317.4707
1562192.029104 5115387.800780 -1321.4177
1562192.029104 5115186.696065 -1318.0032
1562192.029104 5114985.591349 -1319.4485
1562192.029104 5114784.486633 -1321.5559
1562192.029104 5114583.381918 -1324.1428
1562192.029104 5114382.277202 -1326.8416
1562192.029104 5114181.172486 -1329.3824
1562192.029104 5113980.067771 -1331.5488
1562192.029104 5113778.963055 -1333.1783
1562192.029104 5113577.858339 -1334.1989
1562392.324557 5116393.324359 -1328.5093
1562392.324557 5116192.219643 -1330.5114
1562392.324557 5115991.114927 -1331.7831
1562392.324557 5115790.010212 -1332.5490
1562392.324557 5115588.905496 -1332.5649
1562392.324557 5115387.800780 -1323.1938
1562392.324557 5115186.696065 -1325.0831
1562392.324557 5114985.591349 -1323.6764
1562392.324557 5114784.486633 -1324.4758
1562392.324557 5114583.381918 -1326.5726
1562392.324557 5114382.277202 -1329.0303
1562392.324557 5114181.172486 -1331.4841
1562392.324557 5113980.067771 -1333.6261
1562392.324557 5113778.963055 -1335.1824
1562392.324557 5113577.858339 -1336.0299
1562392.324557 5113376.753624 -1336.2083
1562592.620009 5116192.219643 -1331.2865
1562592.620009 5115991.114927 -1332.6115
1562592.620009 5115790.010212 -1333.0696
1562592.620009 5115588.905496 -1332.0353
1562592.620009 5115387.800780 -1328.2726
1562592.620009 5115186.696065 -1324.3177
1562592.620009 5114985.591349 -1324.4319
1562592.620009 5114784.486633 -1325.6395
1562592.620009 5114583.381918 -1328.1965
1562592.620009 5114382.277202 -1330.6978
1562592.620009 5114181.172486 -1333.2666
1562592.620009 5113980.067771 -1335.5582
1562592.620009 5113778.963055 -1337.1176
1562592.620009 5113577.858339 -1337.7692
1562592.620009 5113376.753624 -1337.6156
1562592.620009 5113175.648908 -1336.8855
1562792.915462 5115991.114927 -1331.9337
1562792.915462 5115790.010212 -1331.8530
1562792.915462 5115588.905496 -1330.3101
1562792.915462 5115387.800780 -1327.0778
1562792.915462 5115186.696065 -1323.5703
1562792.915462 5114985.591349 -1324.4504
1562792.915462 5114784.486633 -1325.6244
1562792.915462 5114583.381918 -1329.1205
1562792.915462 5114382.277202 -1331.5410
1562792.915462 5114181.172486 -1334.4882
1562792.915462 5113980.067771 -1337.2416
1562792.915462 5113778.963055 -1338.9211
1562792.915462 5113577.858339 -1339.3269
1562792.915462 5113376.753624 -1338.7346
1562792.915462 5113175.648908 -1337.5389
1562792.915462 5112974.544192 -1336.0618
1562993.210915 5115790.010212 -1330.2938
1562993.210915 5115588.905496 -1328.7356
1562993.210915 5115387.800780 -1326.2444
1562993.210915 5115186.696065 -1323.9510
1562993.210915 5114985.591349 -1323.7112
1562993.210915 5114784.486633 -1324.6212
1562993.210915 5114583.381918 -1327.0770
1562993.210915 5114382.277202 -1330.9561
1562993.210915 5114181.172486 -1334.9124
1562993.210915 5113980.067771 -1338.6803
1562993.210915 5113778.963055 -1340.5759
1562993.210915 5113577.858339 -1340.5887
1562993.210915 5113376.753624 -1339.3962
1562993.210915 5113175.648908 -1337.6443
1562993.210915 5112974.544192 -1335.7527
1562993.210915 5112773.439477 -1333.9324
1563193.506368 5115588.905496 -1327.5674
1563193.506368 5115387.800780 -1325.6248
1563193.506368 5115186.696065 -1323.8789
1563193.506368 5114985.591349 -1323.2390
1563193.506368 5114784.486633 -1323.8512
1563193.506368 5114583.381918 -1327.8016
1563193.506368 5114382.277202 -1327.7852
1563193.506368 5114181.172486 -1334.6196
1563193.506368 5113980.067771 -1340.1024
1563193.506368 5113778.963055 -1342.0686
1563193.506368 5113577.858339 -1341.3479
1563193.506368 5113376.753624 -1339.3521
1563193.506368 5113175.648908 -1337.0005
1563193.506368 5112974.544192 -1334.7474
1563193.506368 5112773.439477 -1332.7592
1563193.506368 5112572.334761 -1331.0426
1563393.801820 5115387.800780 -1325.2943
1563393.801820 5115186.696065 -1323.8307
1563393.801820 5114985.591349 -1322.9984
1563393.801820 5114784.486633 -1323.0925
1563393.801820 5114583.381918 -1324.4280
1563393.801820 5114382.277202 -1327.8768
1563393.801820 5114181.172486 -1330.8031
1563393.801820 5113980.067771 -1341.7496
1563393.801820 5113778.963055 -1343.0822
1563393.801820 5113577.858339 -1341.1443
1563393.801820 5113376.753624 -1338.2659
1563393.801820 5113175.648908 -1335.4305
1563393.801820 5112974.544192 -1332.9844
1563393.801820 5112773.439477 -1330.9966
1563393.801820 5112572.334761 -1329.3983
1563393.801820 5112371.230045 -1328.0496
1563594.097273 5115186.696065 -1324.1080
1563594.097273 5114985.591349 -1323.2312
1563594.097273 5114784.486633 -1322.9949
1563594.097273 5114583.381918 -1323.6843
1563594.097273 5114382.277202 -1325.7687
1563594.097273 5114181.172486 -1333.0898
1563594.097273 5113980.067771 -1334.6877
1563594.097273 5113778.963055 -1342.2720
1563594.097273 5113577.858339 -1339.2054
1563594.097273 5113376.753624 -1335.8834
1563594.097273 5113175.648908 -1332.9487
1563594.097273 5112974.544192 -1330.5825
1563594.097273 5112773.439477 -1328.7960
1563594.097273 5112572.334761 -1327.4784
1563594.097273 5112371.230045 -1326.4385
1563594.097273 5112170.125330 -1325.4529
1563794.392726 5115186.696065 -1324.8389
1563794.392726 5114985.591349 -1324.1021
1563794.392726 5114784.486633 -1323.8536
1563794.392726 5114583.381918 -1324.3516
1563794.392726 5114382.277202 -1325.9432
1563794.392726 5114181.172486 -1329.1775
1563794.392726 5113980.067771 -1335.1704
1563794.392726 5113778.963055 -1335.9144
1563794.392726 5113577.858339 -1335.4064
1563794.392726 5113376.753624 -1332.7041
1563794.392726 5113175.648908 -1330.0861
1563794.392726 5112974.544192 -1327.9663
1563794.392726 5112773.439477 -1326.4867
1563794.392726 5112572.334761 -1325.5552
1563794.392726 5112371.230045 -1324.9316
1563794.392726 5112170.125330 -1324.3148
1563794.392726 5111969.020614 -1323.4327
1563994.688178 5114985.591349 -1325.5200
1563994.688178 5114784.486633 -1325.5295
1563994.688178 5114583.381918 -1326.2402
1563994.688178 5114382.277202 -1327.9288
1563994.688178 5114181.172486 -1330.8295
1563994.688178 5113980.067771 -1334.6733
1563994.688178 5113778.963055 -1338.2218
1563994.688178 5113577.858339 -1339.7195
1563994.688178 5113376.753624 -1330.9888
1563994.688178 5113175.648908 -1328.0580
1563994.688178 5112974.544192 -1325.8265
1563994.688178 5112773.439477 -1324.5094
1563994.688178 5112572.334761 -1323.9556
1563994.688178 5112371.230045 -1323.8108
1563994.688178 5112170.125330 -1323.6345
1563994.688178 5111969.020614 -1323.0330
1563994.688178 5111767.915898 -1321.7701
1564194.983631 5114784.486633 -1327.5557
1564194.983631 5114583.381918 -1328.6066
1564194.983631 5114382.277202 -1330.5507
1564194.983631 5114181.172486 -1333.4734
1564194.983631 5113980.067771 -1337.0261
1564194.983631 5113778.963055 -1339.8696
1564194.983631 5113577.858339 -1338.3708
1564194.983631 5113376.753624 -1338.2920
1564194.983631 5113175.648908 -1327.8251
1564194.983631 5112974.544192 -1324.6746
1564194.983631 5112773.439477 -1323.2021
1564194.983631 5112572.334761 -1322.9478
1564194.983631 5112371.230045 -1323.3296
1564194.983631 5112170.125330 -1323.6641
1564194.983631 5111969.020614 -1323.3577
1564194.983631 5111767.915898 -1322.0835
1564194.983631 5111566.811183 -1319.8226
1564395.279084 5114583.381918 -1330.7141
1564395.279084 5114382.277202 -1332.7528
1564395.279084 5114181.172486 -1335.4988
1564395.279084 5113980.067771 -1338.5437
1564395.279084 5113778.963055 -1340.8480
1564395.279084 5113577.858339 -1340.7124
1564395.279084 5113376.753624 -1336.6270
1564395.279084 5113175.648908 -1333.5150
1564395.279084 5112974.544192 -1324.4209
1564395.279084 5112773.439477 -1322.6388
1564395.279084 5112572.334761 -1322.6498
1564395.279084 5112371.230045 -1323.6504
1564395.279084 5112170.125330 -1324.5986
1564395.279084 5111969.020614 -1324.5890
1564395.279084 5111767.915898 -1323.1783
1564395.279084 5111566.811183 -1320.4174
1564595.574537 5114382.277202 -1334.0056
1564595.574537 5114181.172486 -1336.3264
1564595.574537 5113980.067771 -1338.6428
1564595.574537 5113778.963055 -1340.1293
1564595.574537 5113577.858339 -1339.6533
1564595.574537 5113376.753624 -1336.3176
1564595.574537 5113175.648908 -1330.1873
1564595.574537 5112974.544192 -1327.4702
1564595.574537 5112773.439477 -1322.7833
1564595.574537 5112572.334761 -1323.0234
1564595.574537 5112371.230045 -1324.8108
1564595.574537 5112170.125330 -1326.5417
1564595.574537 5111969.020614 -1326.8077
1564595.574537 5111767.915898 -1325.0472
1564595.574537 5111566.811183 -1321.4906
1564595.574537 5111365.706467 -1316.7537
1564795.869989 5114181.172486 -1335.9569
1564795.869989 5113980.067771 -1337.5156
1564795.869989 5113778.963055 -1338.2533
1564795.869989 5113577.858339 -1337.4607
1564795.869989 5113376.753624 -1334.7103
1564795.869989 5113175.648908 -1330.4121
1564795.869989 5112974.544192 -1326.4615
1564795.869989 5112773.439477 -1325.8884
1564795.869989 5112572.334761 -1323.8541
1564795.869989 5112371.230045 -1326.6879
1564795.869989 5112170.125330 -1329.4625
1564795.869989 5111969.020614 -1329.9175
1564795.869989 5111767.915898 -1327.4404
1564795.869989 5111566.811183 -1322.6855
1564795.869989 5111365.706467 -1316.6660
1564795.869989 5111164.601751 -1310.2761
1564996.165442 5113980.067771 -1335.4629
1564996.165442 5113778.963055 -1335.6110
1564996.165442 5113577.858339 -1334.6324
1564996.165442 5113376.753624 -1332.4012
1564996.165442 5113175.648908 -1329.3514
1564996.165442 5112974.544192 -1326.5350
1564996.165442 5112773.439477 -1325.5109
1564996.165442 5112572.334761 -1325.9432
1564996.165442 5112371.230045 -1328.9269
1564996.165442 5112170.125330 -1333.1230
1564996.165442 5111969.020614 -1333.5001
1564996.165442 5111767.915898 -1329.6860
1564996.165442 5111566.811183 -1323.2434
1564996.165442 5111365.706467 -1315.7227
1564996.165442 5111164.601751 -1308.1844
1564996.165442 5110963.497036 -1301.2539
1565196.460895 5113778.963055 -1332.3643
1565196.460895 5113577.858339 -1331.2183
1565196.460895 5113376.753624 -1329.3065
1565196.460895 5113175.648908 -1327.0525
1565196.460895 5112974.544192 -1325.2389
1565196.460895 5112773.439477 -1324.7112
1565196.460895 5112572.334761 -1325.6355
1565196.460895 5112371.230045 -1329.3999
1565196.460895 5112170.125330 -1336.8621
1565196.460895 5111969.020614 -1336.4935
1565196.460895 5111767.915898 -1330.3645
1565196.460895 5111566.811183 -1321.8389
1565196.460895 5111365.706467 -1312.9091
1565196.460895 5111164.601751 -1304.5426
1565196.460895 5110963.497036 -1297.1681
1565196.460895 5110762.392320 -1290.9622
1565396.756348 5113577.858339 -1327.1434
1565396.756348 5113376.753624 -1325.2352
1565396.756348 5113175.648908 -1323.2396
1565396.756348 5112974.544192 -1321.8088
1565396.756348 5112773.439477 -1321.6447
1565396.756348 5112572.334761 -1323.1791
1565396.756348 5112371.230045 -1328.2412
1565396.756348 5112170.125330 -1340.3374
1565396.756348 5111969.020614 -1336.4303
1565396.756348 5111767.915898 -1326.7903
1565396.756348 5111566.811183 -1316.5122
1565396.756348 5111365.706467 -1307.0226
1565396.756348 5111164.601751 -1298.6852
1565396.756348 5110963.497036 -1291.5609
1565396.756348 5110762.392320 -1285.6442
1565396.756348 5110561.287604 -1280.9364
1565597.051800 5113376.753624 -1320.0900
1565597.051800 5113175.648908 -1317.7539
1565597.051800 5112974.544192 -1316.0313
1565597.051800 5112773.439477 -1315.9663
1565597.051800 5112572.334761 -1319.2498
1565597.051800 5112371.230045 -1333.1541
1565597.051800 5112170.125330 -1332.1975
1565597.051800 5111969.020614 -1326.2938
1565597.051800 5111767.915898 -1314.4945
1565597.051800 5111566.811183 -1305.1624
1565597.051800 5111365.706467 -1297.2225
1565597.051800 5111164.601751 -1290.3527
1565597.051800 5110963.497036 -1284.4141
1565597.051800 5110762.392320 -1279.3700
1565597.051800 5110561.287604 -1275.2871
1565597.051800 5110360.182889 -1272.2572
1565797.347253 5113175.648908 -1310.5735
1565797.347253 5112974.544192 -1307.1687
1565797.347253 5112773.439477 -1304.1720
1565797.347253 5112572.334761 -1301.7683
1565797.347253 5112371.230045 -1299.0128
1565797.347253 5112170.125330 -1303.6064
1565797.347253 5111969.020614 -1288.1449
1565797.347253 5111767.915898 -1289.9132
1565797.347253 5111566.811183 -1287.8217
1565797.347253 5111365.706467 -1284.1779
1565797.347253 5111164.601751 -1280.1995
1565797.347253 5110963.497036 -1276.2426
1565797.347253 5110762.392320 -1272.4968
1565797.347253 5110561.287604 -1269.2664
1565797.347253 5110360.182889 -1266.8436
1565797.347253 5110159.078173 -1265.4058
1565997.642706 5112974.544192 -1297.1678
1565997.642706 5112773.439477 -1290.8480
1565997.642706 5112572.334761 -1283.2842
1565997.642706 5112371.230045 -1273.5415
1565997.642706 5112170.125330 -1261.2859
1565997.642706 5111969.020614 -1272.7249
1565997.642706 5111767.915898 -1265.7463
1565997.642706 5111566.811183 -1270.7981
1565997.642706 5111365.706467 -1270.9161
1565997.642706 5111164.601751 -1269.9065
1565997.642706 5110963.497036 -1268.0592
1565997.642706 5110762.392320 -1265.6116
1565997.642706 5110561.287604 -1263.2003
1565997.642706 5110360.182889 -1261.3781
1565997.642706 5110159.078173 -1260.4540
1565997.642706 5109957.973457 -1260.5386
1566197.938158 5112773.439477 -1279.9276
1566197.938158 5112572.334761 -1270.2502
1566197.938158 5112371.230045 -1259.4364
1566197.938158 5112170.125330 -1249.3510
1566197.938158 5111969.020614 -1245.6987
1566197.938158 5111767.915898 -1262.6512
1566197.938158 5111566.811183 -1258.9508
1566197.938158 5111365.706467 -1260.0424
1566197.938158 5111164.601751 -1261.1250
1566197.938158 5110963.497036 -1260.9087
1566197.938158 5110762.392320 -1259.2671
1566197.938158 5110561.287604 -1257.3696
1566197.938158 5110360.182889 -1256.0231
1566197.938158 5110159.078173 -1255.5842
1566197.938158 5109957.973457 -1256.1622
1566197.938158 5109756.868742 -1257.7473
1566398.233611 5112572.334761 -1262.8367
1566398.233611 5112371.230045 -1253.2233
1566398.233611 5112170.125330 -1245.8353
1566398.233611 5111969.020614 -1244.0907
1566398.233611 5111767.915898 -1249.5088
1566398.233611 5111566.811183 -1255.1989
1566398.233611 5111365.706467 -1252.5565
1566398.233611 5111164.601751 -1254.7081
1566398.233611 5110963.497036 -1255.3893
1566398.233611 5110762.392320 -1253.6427
1566398.233611 5110561.287604 -1251.8535
1566398.233611 5110360.182889 -1250.8820
1566398.233611 5110159.078173 -1250.9193
1566398.233611 5109957.973457 -1251.9875
1566398.233611 5109756.868742 -1254.0752
1566398.233611 5109555.764026 -1257.1395
1566598.529064 5112572.334761 -1259.3246
1566598.529064 5112371.230045 -1251.1373
1566598.529064 5112170.125330 -1245.2683
1566598.529064 5111969.020614 -1243.4341
1566598.529064 5111767.915898 -1245.6582
1566598.529064 5111566.811183 -1248.4280
1566598.529064 5111365.706467 -1250.7136
1566598.529064 5111164.601751 -1247.2374
1566598.529064 5110963.497036 -1251.1140
1566598.529064 5110762.392320 -1248.2163
1566598.529064 5110561.287604 -1246.5210
1566598.529064 5110360.182889 -1246.0787
1566598.529064 5110159.078173 -1246.6583
1566598.529064 5109957.973457 -1248.1971
1566598.529064 5109756.868742 -1250.7302
1566598.529064 5109555.764026 -1254.3125
1566598.529064 5109354.659310 -1258.8943
1566798.824517 5112371.230045 -1251.0446
1566798.824517 5112170.125330 -1245.7770
1566798.824517 5111969.020614 -1243.0691
1566798.824517 5111767.915898 -1242.4431
1566798.824517 5111566.811183 -1241.7433
1566798.824517 5111365.706467 -1238.8982
1566798.824517 5111164.601751 -1240.6926
1566798.824517 5110963.497036 -1244.8116
1566798.824517 5110762.392320 -1241.8977
1566798.824517 5110561.287604 -1241.5428
1566798.824517 5110360.182889 -1242.0603
1566798.824517 5110159.078173 -1243.2034
1566798.824517 5109957.973457 -1245.0864
1566798.824517 5109756.868742 -1247.9004
1566798.824517 5109555.764026 -1251.8990
1566798.824517 5109354.659310 -1257.1472
1566798.824517 5109153.554595 -1263.3859
1566999.119969 5112170.125330 -1247.0155
1566999.119969 5111969.020614 -1243.6770
1566999.119969 5111767.915898 -1241.6427
1566999.119969 5111566.811183 -1240.0121
1566999.119969 5111365.706467 -1238.5098
1566999.119969 5111164.601751 -1239.3127
1566999.119969 5110963.497036 -1244.9982
1566999.119969 5110762.392320 -1238.4939
1566999.119969 5110561.287604 -1238.9919
1566999.119969 5110360.182889 -1239.9193
1566999.119969 5110159.078173 -1241.1617
1566999.119969 5109957.973457 -1243.0372
1566999.119969 5109756.868742 -1245.7946
1566999.119969 5109555.764026 -1250.0210
1566999.119969 5109354.659310 -1255.9640
1566999.119969 5109153.554595 -1263.2548
1566999.119969 5108952.449879 -1271.1251
1567199.415422 5111969.020614 -1245.3074
1567199.415422 5111767.915898 -1242.8129
1567199.415422 5111566.811183 -1241.1370
1567199.415422 5111365.706467 -1240.4541
1567199.415422 5111164.601751 -1241.6298
1567199.415422 5110963.497036 -1244.3418
1567199.415422 5110762.392320 -1240.3160
1567199.415422 5110561.287604 -1242.4442
1567199.415422 5110360.182889 -1240.2236
1567199.415422 5110159.078173 -1240.8556
1567199.415422 5109957.973457 -1242.3746
1567199.415422 5109756.868742 -1244.5680
1567199.415422 5109555.764026 -1248.7604
1567199.415422 5109354.659310 -1255.5121
1567199.415422 5109153.554595 -1264.1694
1567199.415422 5108952.449879 -1273.4629
1567399.710875 5111767.915898 -1245.0798
1567399.710875 5111566.811183 -1243.4342
1567399.710875 5111365.706467 -1242.7909
1567399.710875 5111164.601751 -1243.1969
1567399.710875 5110963.497036 -1243.7393
1567399.710875 5110762.392320 -1241.9485
1567399.710875 5110561.287604 -1241.2889
1567399.710875 5110360.182889 -1241.9282
1567399.710875 5110159.078173 -1241.9722
1567399.710875 5109957.973457 -1243.4399
1567399.710875 5109756.868742 -1244.2794
1567399.710875 5109555.764026 -1248.1345
1567399.710875 5109354.659310 -1256.0417
1567399.710875 5109153.554595 -1266.6316
1567399.710875 5108952.449879 -1277.7261
1567399.710875 5108751.345164 -1287.6222
1567600.006327 5111566.811183 -1246.2927
1567600.006327 5111365.706467 -1245.5223
1567600.006327 5111164.601751 -1245.4077
1567600.006327 5110963.497036 -1245.3158
1567600.006327 5110762.392320 -1244.4348
1567600.006327 5110561.287604 -1243.6855
1567600.006327 5110360.182889 -1243.9307
1567600.006327 5110159.078173 -1248.8412
1567600.006327 5109957.973457 -1247.2578
1567600.006327 5109756.868742 -1244.8224
1567600.006327 5109555.764026 -1248.1412
1567600.006327 5109354.659310 -1258.0623
1567600.006327 5109153.554595 -1271.5193
1567600.006327 5108952.449879 -1284.8090
1567600.006327 5108751.345164 -1295.6875
1567600.006327 5108550.240448 -1303.4581
1567800.301780 5111365.706467 -1248.8108
1567800.301780 5111164.601751 -1248.6533
1567800.301780 5110963.497036 -1248.7612
1567800.301780 5110762.392320 -1248.9022
1567800.301780 5110561.287604 -1249.5052
1567800.301780 5110360.182889 -1251.1355
1567800.301780 5110159.078173 -1252.5947
1567800.301780 5109957.973457 -1255.3710
1567800.301780 5109756.868742 -1245.2941
1567800.301780 5109555.764026 -1249.1194
1567800.301780 5109354.659310 -1262.8038
1567800.301780 5109153.554595 -1280.3867
1567800.301780 5108952.449879 -1295.9536
1567800.301780 5108751.345164 -1307.0815
1567800.301780 5108550.240448 -1313.7931
1567800.301780 5108349.135732 -1317.0214
1568000.597233 5111164.601751 -1252.7980
1568000.597233 5110963.497036 -1253.4669
1568000.597233 5110762.392320 -1254.5706
1568000.597233 5110561.287604 -1256.1768
1568000.597233 5110360.182889 -1258.1320
1568000.597233 5110159.078173 -1259.2897
1568000.597233 5109957.973457 -1253.6256
1568000.597233 5109756.868742 -1259.2301
1568000.597233 5109555.764026 -1253.9417
1568000.597233 5109354.659310 -1273.1616
1568000.597233 5109153.554595 -1295.7374
1568000.597233 5108952.449879 -1312.5385
1568000.597233 5108751.345164 -1322.1104
1568000.597233 5108550.240448 -1326.1492
1568000.597233 5108349.135732 -1326.5913
1568000.597233 5108148.031017 -1324.8796
1568200.892686 5110963.497036 -1258.9858
1568200.892686 5110762.392320 -1261.0806
1568200.892686 5110561.287604 -1263.7855
1568200.892686 5110360.182889 -1266.7493
1568200.892686 5110159.078173 -1269.0361
1568200.892686 5109957.973457 -1269.2058
1568200.892686 5109756.868742 -1265.3459
1568200.892686 5109555.764026 -1283.7729
1568200.892686 5109354.659310 -1293.8224
1568200.892686 5109153.554595 -1320.4370
1568200.892686 5108952.449879 -1335.0565
1568200.892686 5108751.345164 -1339.8154
1568200.892686 5108550.240448 -1339.1447
1568200.892686 5108349.135732 -1335.7728
1568200.892686 5108148.031017 -1331.1097
1568200.892686 5107946.926301 -1325.9789
1568401.188138 5110762.392320 -1268.1190
1568401.188138 5110561.287604 -1272.1992
1568401.188138 5110360.182889 -1277.0634
1568401.188138 5110159.078173 -1282.5249
1568401.188138 5109957.973457 -1288.8447
1568401.188138 5109756.868742 -1298.0148
1568401.188138 5109555.764026 -1309.0380
1568401.188138 5109354.659310 -1328.1279
1568401.188138 5109153.554595 -1354.6140
1568401.188138 5108952.449879 -1360.5510
1568401.188138 5108751.345164 -1356.5703
1568401.188138 5108550.240448 -1349.8734
1568401.188138 5108349.135732 -1342.5707
1568401.188138 5108148.031017 -1335.1794
1568401.188138 5107946.926301 -1328.0522
1568401.188138 5107745.821585 -1321.5577
1568601.483591 5110561.287604 -1280.5784
1568601.483591 5110360.182889 -1287.3048
1568601.483591 5110159.078173 -1295.5038
1568601.483591 5109957.973457 -1305.6530
1568601.483591 5109756.868742 -1318.6542
1568601.483591 5109555.764026 -1334.7067
1568601.483591 5109354.659310 -1350.1469
1568601.483591 5109153.554595 -1370.9493
1568601.483591 5108952.449879 -1378.6272
1568601.483591 5108751.345164 -1365.2277
1568601.483591 5108550.240448 -1354.3380
1568601.483591 5108349.135732 -1344.8755
1568601.483591 5108148.031017 -1335.9032
1568601.483591 5107946.926301 -1327.4962
1568601.483591 5107745.821585 -1320.0739
1568601.483591 5107544.716870 -1313.9032
1568801.779044 5110360.182889 -1295.9828
1568801.779044 5110159.078173 -1305.7113
1568801.779044 5109957.973457 -1317.5438
1568801.779044 5109756.868742 -1331.8649
1568801.779044 5109555.764026 -1348.7852
1568801.779044 5109354.659310 -1368.2526
1568801.779044 5109153.554595 -1380.6895
1568801.779044 5108952.449879 -1368.8408
1568801.779044 5108751.345164 -1358.7029
1568801.779044 5108550.240448 -1350.2419
1568801.779044 5108349.135732 -1341.9628
1568801.779044 5108148.031017 -1332.9048
1568801.779044 5107946.926301 -1324.0029
1568801.779044 5107745.821585 -1316.2716
1568801.779044 5107544.716870 -1310.0822
1568801.779044 5107343.612154 -1305.3748
1569002.074497 5110159.078173 -1312.2635
1569002.074497 5109957.973457 -1323.8126
1569002.074497 5109756.868742 -1336.7437
1569002.074497 5109555.764026 -1350.2174
1569002.074497 5109354.659310 -1362.0580
1569002.074497 5109153.554595 -1366.5974
1569002.074497 5108952.449879 -1349.7303
1569002.074497 5108751.345164 -1342.7776
1569002.074497 5108550.240448 -1341.6825
1569002.074497 5108349.135732 -1335.7676
1569002.074497 5108148.031017 -1326.8463
1569002.074497 5107946.926301 -1317.7046
1569002.074497 5107745.821585 -1310.2269
1569002.074497 5107544.716870 -1304.6570
1569002.074497 5107343.612154 -1300.6444
1569002.074497 5107142.507438 -1297.8384
1569202.369949 5109957.973457 -1325.4502
1569202.369949 5109756.868742 -1335.7135
1569202.369949 5109555.764026 -1344.9292
1569202.369949 5109354.659310 -1350.8513
1569202.369949 5109153.554595 -1350.1826
1569202.369949 5108952.449879 -1341.1375
1569202.369949 5108751.345164 -1336.8087
1569202.369949 5108550.240448 -1330.0197
1569202.369949 5108349.135732 -1328.2251
1569202.369949 5108148.031017 -1318.2192
1569202.369949 5107946.926301 -1308.7213
1569202.369949 5107745.821585 -1302.2521
1569202.369949 5107544.716870 -1298.0907
1569202.369949 5107343.612154 -1295.3060
1569202.369949 5107142.507438 -1293.4244
1569202.369949 5106941.402723 -1292.2654
1569402.665402 5109756.868742 -1331.5497
1569402.665402 5109555.764026 -1337.2705
1569402.665402 5109354.659310 -1339.6469
1569402.665402 5109153.554595 -1337.2651
1569402.665402 5108952.449879 -1330.6542
1569402.665402 5108751.345164 -1324.6938
1569402.665402 5108550.240448 -1317.7759
1569402.665402 5108349.135732 -1307.8169
1569402.665402 5108148.031017 -1306.1816
1569402.665402 5107946.926301 -1297.0493
1569402.665402 5107745.821585 -1293.1465
1569402.665402 5107544.716870 -1291.3234
1569402.665402 5107343.612154 -1290.1099
1569402.665402 5107142.507438 -1289.2467
1569402.665402 5106941.402723 -1288.7799
1569402.665402 5106740.298007 -1288.7745
1569602.960855 5109756.868742 -1326.1904
1569602.960855 5109555.764026 -1329.3848
1569602.960855 5109354.659310 -1329.6827
1569602.960855 5109153.554595 -1326.5160
1569602.960855 5108952.449879 -1320.4551
1569602.960855 5108751.345164 -1313.2927
1569602.960855 5108550.240448 -1305.1752
1569602.960855 5108349.135732 -1301.1731
1569602.960855 5108148.031017 -1294.5028
1569602.960855 5107946.926301 -1284.2344
1569602.960855 5107745.821585 -1285.1525
1569602.960855 5107544.716870 -1285.9784
1569602.960855 5107343.612154 -1285.9808
1569602.960855 5107142.507438 -1285.8271
1569602.960855 5106941.402723 -1285.8871
1569602.960855 5106740.298007 -1286.2881
1569602.960855 5106539.193291 -1287.1132
1569803.256307 5109555.764026 -1322.2168
1569803.256307 5109354.659310 -1321.3198
1569803.256307 5109153.554595 -1317.8737
1569803.256307 5108952.449879 -1312.3650
1569803.256307 5108751.345164 -1305.8710
1569803.256307 5108550.240448 -1299.3881
1569803.256307 5108349.135732 -1294.5570
1569803.256307 5108148.031017 -1289.2611
1569803.256307 5107946.926301 -1283.0061
1569803.256307 5107745.821585 -1282.7058
1569803.256307 5107544.716870 -1283.7744
1569803.256307 5107343.612154 -1283.4186
1569803.256307 5107142.507438 -1283.3453
1569803.256307 5106941.402723 -1283.7273
1569803.256307 5106740.298007 -1284.4470
1569803.256307 5106539.193291 -1285.5155
1569803.256307 5106338.088576 -1287.0604
1570003.551760 5109354.659310 -1314.5220
1570003.551760 5109153.554595 -1311.0604
1570003.551760 5108952.449879 -1306.1263
1570003.551760 5108751.345164 -1300.5005
1570003.551760 5108550.240448 -1295.0649
1570003.551760 5108349.135732 -1290.6205
1570003.551760 5108148.031017 -1286.6349
1570003.551760 5107946.926301 -1282.2964
1570003.551760 5107745.821585 -1284.1798
1570003.551760 5107544.716870 -1283.3549
1570003.551760 5107343.612154 -1281.3033
1570003.551760 5107142.507438 -1281.3425
1570003.551760 5106941.402723 -1282.2073
1570003.551760 5106740.298007 -1283.2799
1570003.551760 5106539.193291 -1284.5446
1570003.551760 5106338.088576 -1286.2279
1570003.551760 5106136.983860 -1288.5699
1570203.847213 5109153.554595 -1305.7010
1570203.847213 5108952.449879 -1301.2194
1570203.847213 5108751.345164 -1296.1945
1570203.847213 5108550.240448 -1291.2207
1570203.847213 5108349.135732 -1286.6877
1570203.847213 5108148.031017 -1282.3855
1570203.847213 5107946.926301 -1278.1080
1570203.847213 5107745.821585 -1277.2544
1570203.847213 5107544.716870 -1276.1627
1570203.847213 5107343.612154 -1277.2971
1570203.847213 5107142.507438 -1279.3595
1570203.847213 5106941.402723 -1281.3181
1570203.847213 5106740.298007 -1282.8003
1570203.847213 5106539.193291 -1284.1742
1570203.847213 5106338.088576 -1285.9240
1570203.847213 5106136.983860 -1288.4204
1570404.142666 5108952.449879 -1297.3394
1570404.142666 5108751.345164 -1292.7042
1570404.142666 5108550.240448 -1287.9999
1570404.142666 5108349.135732 -1283.5238
1570404.142666 5108148.031017 -1279.4242
1570404.142666 5107946.926301 -1276.1379
1570404.142666 5107745.821585 -1275.1792
1570404.142666 5107544.716870 -1276.3772
1570404.142666 5107343.612154 -1275.6897
1570404.142666 5107142.507438 -1278.8684
1570404.142666 5106941.402723 -1281.5088
1570404.142666 5106740.298007 -1283.0057
1570404.142666 5106539.193291 -1284.2563
1570404.142666 5106338.088576 -1285.9928
1570404.142666 5106136.983860 -1288.6742
1570404.142666 5105935.879144 -1292.5013
1570604.438118 5108751.345164 -1289.9824
1570604.438118 5108550.240448 -1285.4969
1570604.438118 5108349.135732 -1281.1589
1570604.438118 5108148.031017 -1277.2556
1570604.438118 5107946.926301 -1274.2640
1570604.438118 5107745.821585 -1272.9067
1570604.438118 5107544.716870 -1273.1166
1570604.438118 5107343.612154 -1274.2975
1570604.438118 5107142.507438 -1280.1292
1570604.438118 5106941.402723 -1282.4200
1570604.438118 5106740.298007 -1283.3944
1570604.438118 5106539.193291 -1284.3733
1570604.438118 5106338.088576 -1286.1331
1570604.438118 5106136.983860 -1289.1383
1570604.438118 5105935.879144 -1293.5596
1570604.438118 5105734.774429 -1299.2715
1570804.733571 5108550.240448 -1283.7338
1570804.733571 5108349.135732 -1279.5359
1570804.733571 5108148.031017 -1275.7053
1570804.733571 5107946.926301 -1272.6278
1570804.733571 5107745.821585 -1270.7863
1570804.733571 5107544.716870 -1270.6180
1570804.733571 5107343.612154 -1273.0724
1570804.733571 5107142.507438 -1279.7355
1570804.733571 5106941.402723 -1281.7982
1570804.733571 5106740.298007 -1282.8007
1570804.733571 5106539.193291 -1283.9310
1570804.733571 5106338.088576 -1286.0009
1570804.733571 5106136.983860 -1289.6035
1570804.733571 5105935.879144 -1294.9434
1570804.733571 5105734.774429 -1301.7654
1570804.733571 5105533.669713 -1309.5236
1571005.029024 5108349.135732 -1278.6970
1571005.029024 5108148.031017 -1274.8978
1571005.029024 5107946.926301 -1271.5844
1571005.029024 5107745.821585 -1268.9653
1571005.029024 5107544.716870 -1267.0817
1571005.029024 5107343.612154 -1270.0000
1571005.029024 5107142.507438 -1277.9974
1571005.029024 5106941.402723 -1276.8916
1571005.029024 5106740.298007 -1280.8190
1571005.029024 5106539.193291 -1282.8586
1571005.029024 5106338.088576 -1285.4834
1571005.029024 5106136.983860 -1289.9452
1571005.029024 5105935.879144 -1296.6099
1571005.029024 5105734.774429 -1305.0013
1571005.029024 5105533.669713 -1314.2091
1571005.029024 5105332.564997 -1323.4097
1571205.324476 5108148.031017 -1275.1138
1571205.324476 5107946.926301 -1271.8540
1571205.324476 5107745.821585 -1269.1860
1571205.324476 5107544.716870 -1267.3955
1571205.324476 5107343.612154 -1267.1251
1571205.324476 5107142.507438 -1270.1799
1571205.324476 5106941.402723 -1279.0870
1571205.324476 5106740.298007 -1282.1150
1571205.324476 5106539.193291 -1282.2833
1571205.324476 5106338.088576 -1284.7510
1571205.324476 5106136.983860 -1290.1129
1571205.324476 5105935.879144 -1298.5875
1571205.324476 5105734.774429 -1309.1576
1571205.324476 5105533.669713 -1320.2352
1571205.324476 5105332.564997 -1330.6635
1571205.324476 5105131.460282 -1339.9241
1571405.619929 5107946.926301 -1273.4800
1571405.619929 5107745.821585 -1271.2108
1571405.619929 5107544.716870 -1270.0614
1571405.619929 5107343.612154 -1270.8442
1571405.619929 5107142.507438 -1274.8041
1571405.619929 5106941.402723 -1282.3767
1571405.619929 5106740.298007 -1285.4550
1571405.619929 5106539.193291 -1280.8832
1571405.619929 5106338.088576 -1283.3046
1571405.619929 5106136.983860 -1289.9369
1571405.619929 5105935.879144 -1300.9911
1571405.619929 5105734.774429 -1314.5878
1571405.619929 5105533.669713 -1327.9580
1571405.619929 5105332.564997 -1339.6110
1571405.619929 5105131.460282 -1349.2200
1571405.619929 5104930.355566 -1357.0166
1571605.915382 5107745.821585 -1274.2758
1571605.915382 5107544.716870 -1273.4077
1571605.915382 5107343.612154 -1273.9746
1571605.915382 5107142.507438 -1276.1586
1571605.915382 5106941.402723 -1278.7974
1571605.915382 5106740.298007 -1277.7722
1571605.915382 5106539.193291 -1277.2062
1571605.915382 5106338.088576 -1282.6306
1571605.915382 5106136.983860 -1289.6276
1571605.915382 5105935.879144 -1304.2800
1571605.915382 5105734.774429 -1321.9725
1571605.915382 5105533.669713 -1337.8378
1571605.915382 5105332.564997 -1350.3652
1571605.915382 5105131.460282 -1359.8348
1571605.915382 5104930.355566 -1366.9803
1571605.915382 5104729.250850 -1372.5033
1571806.210835 5107544.716870 -1277.1859
1571806.210835 5107343.612154 -1277.1648
1571806.210835 5107142.507438 -1277.7582
1571806.210835 5106941.402723 -1278.0667
1571806.210835 5106740.298007 -1276.8013
1571806.210835 5106539.193291 -1275.5896
1571806.210835 5106338.088576 -1286.9696
1571806.210835 5106136.983860 -1292.9683
1571806.210835 5105935.879144 -1309.6477
1571806.210835 5105734.774429 -1332.3790
1571806.210835 5105533.669713 -1350.1932
1571806.210835 5105332.564997 -1362.6560
1571806.210835 5105131.460282 -1371.2512
1571806.210835 5104930.355566 -1377.2775
1571806.210835 5104729.250850 -1381.6678
1571806.210835 5104528.146135 -1385.0739
1572006.506287 5107343.612154 -1281.3292
1572006.506287 5107142.507438 -1281.2637
1572006.506287 5106941.402723 -1281.1516
1572006.506287 5106740.298007 -1281.0737
1572006.506287 5106539.193291 -1282.8877
1572006.506287 5106338.088576 -1290.3219
1572006.506287 5106136.983860 -1302.4607
1572006.506287 5105935.879144 -1318.3846
1572006.506287 5105734.774429 -1346.4507
1572006.506287 5105533.669713 -1364.2756
1572006.506287 5105332.564997 -1375.2822
1572006.506287 5105131.460282 -1382.3715
1572006.506287 5104930.355566 -1387.0366
1572006.506287 5104729.250850 -1390.2219
1572006.506287 5104528.146135 -1392.5927
1572006.506287 5104327.041419 -1394.5942
1572206.801740 5107142.507438 -1286.8113
1572206.801740 5106941.402723 -1287.0975
1572206.801740 5106740.298007 -1288.1035
1572206.801740 5106539.193291 -1291.0787
1572206.801740 5106338.088576 -1297.6157
1572206.801740 5106136.983860 -1307.7960
1572206.801740 5105935.879144 -1337.3333
1572206.801740 5105734.774429 -1352.9733
1572206.801740 5105533.669713 -1376.2891
1572206.801740 5105332.564997 -1385.6519
1572206.801740 5105131.460282 -1391.6260
1572206.801740 5104930.355566 -1395.2659
1572206.801740 5104729.250850 -1397.4884
1572206.801740 5104528.146135 -1399.0229
1572206.801740 5104327.041419 -1400.3589
1572206.801740 5104125.936703 -1401.7452
1572407.097193 5106941.402723 -1295.0735
1572407.097193 5106740.298007 -1297.0913
1572407.097193 5106539.193291 -1300.9115
1572407.097193 5106338.088576 -1307.4490
1572407.097193 5106136.983860 -1317.3071
1572407.097193 5105935.879144 -1332.0330
1572407.097193 5105734.774429 -1362.0953
1572407.097193 5105533.669713 -1376.1952
1572407.097193 5105332.564997 -1391.3959
1572407.097193 5105131.460282 -1398.0609
1572407.097193 5104930.355566 -1401.3940
1572407.097193 5104729.250850 -1403.0400
1572407.097193 5104528.146135 -1404.0333
1572407.097193 5104327.041419 -1404.9851
1572407.097193 5104125.936703 -1406.1366
1572407.097193 5103924.831988 -1407.4945
1572607.392646 5106941.402723 -1304.3802
1572607.392646 5106740.298007 -1307.4486
1572607.392646 5106539.193291 -1312.2587
1572607.392646 5106338.088576 -1319.5776
1572607.392646 5106136.983860 -1330.2693
1572607.392646 5105935.879144 -1345.6632
1572607.392646 5105734.774429 -1367.0602
1572607.392646 5105533.669713 -1388.0070
1572607.392646 5105332.564997 -1394.9159
1572607.392646 5105131.460282 -1403.0094
1572607.392646 5104930.355566 -1405.6714
1572607.392646 5104729.250850 -1406.8390
1572607.392646 5104528.146135 -1407.5170
1572607.392646 5104327.041419 -1408.3896
1572607.392646 5104125.936703 -1409.6270
1572607.392646 5103924.831988 -1411.1038
1572607.392646 5103723.727272 -1412.6500
1572807.688098 5106740.298007 -1318.3801
1572807.688098 5106539.193291 -1324.1042
1572807.688098 5106338.088576 -1332.1106
1572807.688098 5106136.983860 -1343.0596
1572807.688098 5105935.879144 -1357.5021
1572807.688098 5105734.774429 -1374.9750
1572807.688098 5105533.669713 -1391.5122
1572807.688098 5105332.564997 -1398.1239
1572807.688098 5105131.460282 -1401.5250
1572807.688098 5104930.355566 -1408.0101
1572807.688098 5104729.250850 -1408.9884
1572807.688098 5104528.146135 -1409.5466
1572807.688098 5104327.041419 -1410.6567
1572807.688098 5104125.936703 -1412.3303
1572807.688098 5103924.831988 -1414.1992
1572807.688098 5103723.727272 -1415.9746
1572807.688098 5103522.622556 -1417.5562
1573007.983551 5106539.193291 -1335.4718
1573007.983551 5106338.088576 -1343.7302
1573007.983551 5106136.983860 -1354.2147
1573007.983551 5105935.879144 -1366.8899
1573007.983551 5105734.774429 -1380.7529
1573007.983551 5105533.669713 -1393.1035
1573007.983551 5105332.564997 -1400.7148
1573007.983551 5105131.460282 -1404.7430
1573007.983551 5104930.355566 -1408.1133
1573007.983551 5104729.250850 -1410.0830
1573007.983551 5104528.146135 -1410.4457
1573007.983551 5104327.041419 -1412.0660
1573007.983551 5104125.936703 -1414.5208
1573007.983551 5103924.831988 -1416.9979
1573007.983551 5103723.727272 -1419.0822
1573007.983551 5103522.622556 -1420.7408
1573007.983551 5103321.517841 -1422.1115
1573208.279004 5106338.088576 -1353.8975
1573208.279004 5106136.983860 -1363.5526
1573208.279004 5105935.879144 -1374.4459
1573208.279004 5105734.774429 -1385.6594
1573208.279004 5105533.669713 -1395.5940
1573208.279004 5105332.564997 -1402.8705
1573208.279004 5105131.460282 -1408.1013
1573208.279004 5104930.355566 -1410.4498
1573208.279004 5104729.250850 -1411.6094
1573208.279004 5104528.146135 -1410.7814
1573208.279004 5104327.041419 -1413.1102
1573208.279004 5104125.936703 -1416.6177
1573208.279004 5103924.831988 -1419.7620
1573208.279004 5103723.727272 -1422.0687
1573208.279004 5103522.622556 -1423.7031
1573208.279004 5103321.517841 -1424.9858
1573408.574456 5106136.983860 -1371.2441
1573408.574456 5105935.879144 -1380.6058
1573408.574456 5105734.774429 -1389.9050
1573408.574456 5105533.669713 -1398.2097
1573408.574456 5105332.564997 -1404.8281
1573408.574456 5105131.460282 -1409.8091
1573408.574456 5104930.355566 -1413.1008
1573408.574456 5104729.250850 -1412.9874
1573408.574456 5104528.146135 -1414.6198
1573408.574456 5104327.041419 -1414.4993
1573408.574456 5104125.936703 -1419.0502
1573408.574456 5103924.831988 -1422.6140
1573408.574456 5103723.727272 -1424.8472
1573408.574456 5103522.622556 -1426.2648
1573408.574456 5103321.517841 -1427.4192
1573408.574456 5103120.413125 -1428.5536
1573608.869909 5105935.879144 -1385.5941
1573608.869909 5105734.774429 -1393.4288
1573608.869909 5105533.669713 -1400.4341
1573608.869909 5105332.564997 -1406.1956
1573608.869909 5105131.460282 -1410.6224
1573608.869909 5104930.355566 -1413.7091
1573608.869909 5104729.250850 -1415.4427
1573608.869909 5104528.146135 -1415.7809
1573608.869909 5104327.041419 -1416.3785
1573608.869909 5104125.936703 -1421.6311
1573608.869909 5103924.831988 -1425.1075
1573608.869909 5103723.727272 -1426.9237
1573608.869909 5103522.622556 -1427.9929
1573608.869909 5103321.517841 -1429.1195
1573608.869909 5103120.413125 -1430.4351
1573608.869909 5102919.308409 -1431.7753
1573809.165362 5105734.774429 -1396.2300
1573809.165362 5105533.669713 -1402.1100
1573809.165362 5105332.564997 -1406.9148
1573809.165362 5105131.460282 -1410.4960
1573809.165362 5104930.355566 -1412.7944
1573809.165362 5104729.250850 -1413.8317
1573809.165362 5104528.146135 -1413.9269
1573809.165362 5104327.041419 -1415.9711
1573809.165362 5104125.936703 -1415.8477
1573809.165362 5103924.831988 -1425.5903
1573809.165362 5103723.727272 -1427.3066
1573809.165362 5103522.622556 -1428.2563
1573809.165362 5103321.517841 -1429.7841
1573809.165362 5103120.413125 -1431.6823
1573809.165362 5102919.308409 -1433.4944
1573809.165362 5102718.203694 -1434.9387
1574009.460815 5105533.669713 -1403.3488
1574009.460815 5105332.564997 -1407.2592
1574009.460815 5105131.460282 -1409.9915
1574009.460815 5104930.355566 -1411.4572
1574009.460815 5104729.250850 -1411.6776
1574009.460815 5104528.146135 -1410.9625
1574009.460815 5104327.041419 -1410.4012
1574009.460815 5104125.936703 -1416.6782
1574009.460815 5103924.831988 -1417.3276
1574009.460815 5103723.727272 -1425.2661
1574009.460815 5103522.622556 -1426.6635
1574009.460815 5103321.517841 -1429.4152
1574009.460815 5103120.413125 -1432.4407
1574009.460815 5102919.308409 -1434.9724
1574009.460815 5102718.203694 -1436.7252
1574009.460815 5102517.098978 -1437.7410
1574209.756267 5105332.564997 -1407.5765
1574209.756267 5105131.460282 -1409.6932
1574209.756267 5104930.355566 -1410.6671
1574209.756267 5104729.250850 -1410.6031
1574209.756267 5104528.146135 -1409.9119
1574209.756267 5104327.041419 -1409.5765
1574209.756267 5104125.936703 -1411.3242
1574209.756267 5103924.831988 -1418.6361
1574209.756267 5103723.727272 -1420.3499
1574209.756267 5103522.622556 -1423.8407
1574209.756267 5103321.517841 -1428.7870
1574209.756267 5103120.413125 -1433.2382
1574209.756267 5102919.308409 -1436.4724
1574209.756267 5102718.203694 -1438.3976
1574209.756267 5102517.098978 -1439.2705
1574209.756267 5102315.994262 -1439.4775
1574410.051720 5105131.460282 -1409.8923
1574410.051720 5104930.355566 -1410.7469
1574410.051720 5104729.250850 -1410.8611
1574410.051720 5104528.146135 -1410.7240
1574410.051720 5104327.041419 -1411.2402
1574410.051720 5104125.936703 -1413.6672
1574410.051720 5103924.831988 -1418.8380
1574410.051720 5103723.727272 -1422.7223
1574410.051720 5103522.622556 -1423.9039
1574410.051720 5103321.517841 -1429.6881
1574410.051720 5103120.413125 -1434.7233
1574410.051720 5102919.308409 -1438.1432
1574410.051720 5102718.203694 -1439.8828
1574410.051720 5102517.098978 -1440.3613
1574410.051720 5102315.994262 -1440.1638
1574410.051720 5102114.889547 -1439.7444
1574610.347173 5104930.355566 -1411.5631
1574610.347173 5104729.250850 -1412.0225
1574610.347173 5104528.146135 -1412.4293
1574610.347173 5104327.041419 -1413.4547
1574610.347173 5104125.936703 -1415.7964
1574610.347173 5103924.831988 -1419.5531
1574610.347173 5103723.727272 -1423.1969
1574610.347173 5103522.622556 -1426.6823
1574610.347173 5103321.517841 -1428.6147
1574610.347173 5103120.413125 -1436.2478
1574610.347173 5102919.308409 -1439.4457
1574610.347173 5102718.203694 -1440.7446
1574610.347173 5102517.098978 -1440.6448
1574610.347173 5102315.994262 -1439.9905
1574610.347173 5102114.889547 -1439.3191
1574610.347173 5101913.784831 -1438.8665
1574810.642625 5104729.250850 -1413.6368
1574810.642625 5104528.146135 -1414.4003
1574810.642625 5104327.041419 -1415.5726
1574810.642625 5104125.936703 -1417.5009
1574810.642625 5103924.831988 -1420.1353
1574810.642625 5103723.727272 -1422.8687
1574810.642625 5103522.622556 -1425.5667
1574810.642625 5103321.517841 -1429.1016
1574810.642625 5103120.413125 -1433.9257
1574810.642625 5102919.308409 -1439.0441
1574810.642625 5102718.203694 -1440.2275
1574810.642625 5102517.098978 -1439.6108
1574810.642625 5102315.994262 -1438.6580
1574810.642625 5102114.889547 -1437.9487
1574810.642625 5101913.784831 -1437.6335
1574810.642625 5101712.680115 -1437.6857
1575010.938078 5104528.146135 -1416.3777
1575010.938078 5104327.041419 -1417.5109
1575010.938078 5104125.936703 -1418.9800
1575010.938078 5103924.831988 -1420.7241
1575010.938078 5103723.727272 -1422.4827
1575010.938078 5103522.622556 -1424.2197
1575010.938078 5103321.517841 -1426.4365
1575010.938078 5103120.413125 -1429.2588
1575010.938078 5102919.308409 -1428.9901
1575010.938078 5102718.203694 -1437.7571
1575010.938078 5102517.098978 -1436.8640
1575010.938078 5102315.994262 -1436.0569
1575010.938078 5102114.889547 -1435.6975
1575010.938078 5101913.784831 -1435.7997
1575010.938078 5101712.680115 -1436.2810
1575010.938078 5101511.575400 -1437.0093
1575211.233531 5104327.041419 -1419.3544
1575211.233531 5104125.936703 -1420.4719
1575211.233531 5103924.831988 -1421.6045
1575211.233531 5103723.727272 -1422.6312
1575211.233531 5103522.622556 -1423.5254
1575211.233531 5103321.517841 -1424.4631
1575211.233531 5103120.413125 -1425.7214
1575211.233531 5102919.308409 -1430.5463
1575211.233531 5102718.203694 -1432.2583
1575211.233531 5102517.098978 -1432.4926
1575211.233531 5102315.994262 -1432.6333
1575211.233531 5102114.889547 -1433.0361
1575211.233531 5101913.784831 -1433.7593
1575211.233531 5101712.680115 -1434.7858
1575211.233531 5101511.575400 -1435.9929
1575211.233531 5101310.470684 -1437.2279
1575411.528984 5104125.936703 -1422.1233
1575411.528984 5103924.831988 -1422.9520
1575411.528984 5103723.727272 -1423.6377
1575411.528984 5103522.622556 -1424.2112
1575411.528984 5103321.517841 -1424.8420
1575411.528984 5103120.413125 -1425.8752
1575411.528984 5102919.308409 -1427.9150
1575411.528984 5102718.203694 -1428.8418
1575411.528984 5102517.098978 -1429.1313
1575411.528984 5102315.994262 -1429.9700
1575411.528984 5102114.889547 -1430.9675
1575411.528984 5101913.784831 -1432.1510
1575411.528984 5101712.680115 -1433.6357
1575411.528984 5101511.575400 -1435.2748
1575411.528984 5101310.470684 -1436.8656
1575411.528984 5101109.365968 -1438.2750
1575611.824436 5104125.936703 -1423.9475
1575611.824436 5103924.831988 -1424.7297
1575611.824436 5103723.727272 -1425.3960
1575611.824436 5103522.622556 -1426.0226
1575611.824436 5103321.517841 -1426.7585
1575611.824436 5103120.413125 -1427.7783
1575611.824436 5102919.308409 -1429.0526
1575611.824436 5102718.203694 -1429.5879
1575611.824436 5102517.098978 -1430.4773
1575611.824436 5102315.994262 -1429.7925
1575611.824436 5102114.889547 -1430.5703
1575611.824436 5101913.784831 -1431.5908
1575611.824436 5101712.680115 -1433.2460
1575611.824436 5101511.575400 -1435.1576
1575611.824436 5101310.470684 -1436.9738
1575611.824436 5101109.365968 -1438.5354
1575611.824436 5100908.261253 -1439.8046
1575812.119889 5103924.831988 -1426.7622
1575812.119889 5103723.727272 -1427.6027
1575812.119889 5103522.622556 -1428.4840
1575812.119889 5103321.517841 -1429.5500
1575812.119889 5103120.413125 -1430.9355
1575812.119889 5102919.308409 -1432.6494
1575812.119889 5102718.203694 -1434.4132
1575812.119889 5102517.098978 -1430.8419
1575812.119889 5102315.994262 -1432.9420
1575812.119889 5102114.889547 -1432.4628
1575812.119889 5101913.784831 -1432.3052
1575812.119889 5101712.680115 -1433.8480
1575812.119889 5101511.575400 -1435.8429
1575812.119889 5101310.470684 -1437.6824
1575812.119889 5101109.365968 -1439.2217
1575812.119889 5100908.261253 -1440.4636
1575812.119889 5100707.156537 -1441.4351
1576012.415342 5103723.727272 -1429.9082
1576012.415342 5103522.622556 -1431.0814
1576012.415342 5103321.517841 -1432.4717
1576012.415342 5103120.413125 -1434.1733
1576012.415342 5102919.308409 -1436.1610
1576012.415342 5102718.203694 -1438.1449
1576012.415342 5102517.098978 -1439.3544
1576012.415342 5102315.994262 -1438.0555
1576012.415342 5102114.889547 -1437.3367
1576012.415342 5101913.784831 -1433.8381
1576012.415342 5101712.680115 -1435.4792
1576012.415342 5101511.575400 -1437.3815
1576012.415342 5101310.470684 -1438.9625
1576012.415342 5101109.365968 -1440.2694
1576012.415342 5100908.261253 -1441.3663
1576012.415342 5100707.156537 -1442.2568
1576012.415342 5100506.051821 -1442.9373
1576212.710795 5103522.622556 -1433.4270
1576212.710795 5103321.517841 -1435.0175
1576212.710795 5103120.413125 -1436.8508
1576212.710795 5102919.308409 -1438.8702
1576212.710795 5102718.203694 -1440.8353
1576212.710795 5102517.098978 -1442.2814
1576212.710795 5102315.994262 -1442.6763
1576212.710795 5102114.889547 -1437.8076
1576212.710795 5101913.784831 -1437.2933
1576212.710795 5101712.680115 -1438.3174
1576212.710795 5101511.575400 -1439.5878
1576212.710795 5101310.470684 -1440.5066
1576212.710795 5101109.365968 -1441.4136
1576212.710795 5100908.261253 -1442.3352
1576212.710795 5100707.156537 -1443.1576
1576212.710795 5100506.051821 -1443.7946
1576413.006247 5103321.517841 -1436.9468
1576413.006247 5103120.413125 -1438.7183
1576413.006247 5102919.308409 -1440.5347
1576413.006247 5102718.203694 -1442.1770
1576413.006247 5102517.098978 -1443.2885
1576413.006247 5102315.994262 -1443.4449
1576413.006247 5102114.889547 -1442.2550
1576413.006247 5101913.784831 -1439.7368
1576413.006247 5101712.680115 -1440.1929
1576413.006247 5101511.575400 -1441.3815
1576413.006247 5101310.470684 -1441.5212
1576413.006247 5101109.365968 -1442.1752
1576413.006247 5100908.261253 -1443.1108
1576413.006247 5100707.156537 -1443.9996
1576413.006247 5100506.051821 -1444.6538
1576413.006247 5100304.947106 -1445.0880
1576613.301700 5103120.413125 -1439.8049
1576613.301700 5102919.308409 -1441.2839
1576613.301700 5102718.203694 -1442.4613
1576613.301700 5102517.098978 -1443.0442
1576613.301700 5102315.994262 -1442.7085
1576613.301700 5102114.889547 -1441.2427
1576613.301700 5101913.784831 -1438.9755
1576613.301700 5101712.680115 -1441.1228
1576613.301700 5101511.575400 -1439.8994
1576613.301700 5101310.470684 -1441.0037
1576613.301700 5101109.365968 -1442.1268
1576613.301700 5100908.261253 -1443.5084
1576613.301700 5100707.156537 -1444.6887
1576613.301700 5100506.051821 -1445.4269
1576613.301700 5100304.947106 -1445.8654
1576613.301700 5100103.842390 -1446.1791
1576813.597153 5102919.308409 -1441.4050
1576813.597153 5102718.203694 -1442.1488
1576813.597153 5102517.098978 -1442.3048
1576813.597153 5102315.994262 -1441.6975
1576813.597153 5102114.889547 -1440.3455
1576813.597153 5101913.784831 -1438.7654
1576813.597153 5101712.680115 -1438.3033
1576813.597153 5101511.575400 -1439.6317
1576813.597153 5101310.470684 -1439.4232
1576813.597153 5101109.365968 -1441.5155
1576813.597153 5100908.261253 -1443.6023
1576813.597153 5100707.156537 -1445.2262
1576813.597153 5100506.051821 -1446.0087
1576813.597153 5100304.947106 -1446.4452
1576813.597153 5100103.842390 -1446.8417
1576813.597153 5099902.737674 -1447.2324
1577013.892605 5102718.203694 -1441.5885
1577013.892605 5102517.098978 -1441.4740
1577013.892605 5102315.994262 -1440.7665
1577013.892605 5102114.889547 -1439.5791
1577013.892605 5101913.784831 -1438.3253
1577013.892605 5101712.680115 -1437.6655
1577013.892605 5101511.575400 -1437.7805
1577013.892605 5101310.470684 -1438.5094
1577013.892605 5101109.365968 -1439.8932
1577013.892605 5100908.261253 -1443.4558
1577013.892605 5100707.156537 -1445.5918
1577013.892605 5100506.051821 -1446.1702
1577013.892605 5100304.947106 -1446.5992
1577013.892605 5100103.842390 -1447.2434
1577013.892605 5099902.737674 -1447.9263
1577013.892605 5099701.632959 -1448.4622
1577214.188058 5102517.098978 -1440.7302
1577214.188058 5102315.994262 -1440.0092
1577214.188058 5102114.889547 -1438.9541
1577214.188058 5101913.784831 -1437.8597
1577214.188058 5101712.680115 -1437.1183
1577214.188058 5101511.575400 -1436.9900
1577214.188058 5101310.470684 -1437.7009
1577214.188058 5101109.365968 -1440.6642
1577214.188058 5100908.261253 -1440.0055
1577214.188058 5100707.156537 -1445.5103
1577214.188058 5100506.051821 -1445.3601
1577214.188058 5100304.947106 -1445.9963
1577214.188058 5100103.842390 -1447.2860
1577214.188058 5099902.737674 -1448.5258
1577214.188058 5099701.632959 -1449.3801
1577214.188058 5099500.528243 -1449.8126
1577414.483511 5102315.994262 -1439.4601
1577414.483511 5102114.889547 -1438.5067
1577414.483511 5101913.784831 -1437.4889
1577414.483511 5101712.680115 -1436.6479
1577414.483511 5101511.575400 -1436.1698
1577414.483511 5101310.470684 -1436.1719
1577414.483511 5101109.365968 -1436.7229
1577414.483511 5100908.261253 -1441.5599
1577414.483511 5100707.156537 -1440.6625
1577414.483511 5100506.051821 -1442.5742
1577414.483511 5100304.947106 -1444.4487
1577414.483511 5100103.842390 -1447.1075
1577414.483511 5099902.737674 -1449.1594
1577414.483511 5099701.632959 -1450.3633
1577414.483511 5099500.528243 -1450.8569
1577414.483511 5099299.423528 -1450.8837
1577614.778964 5102114.889547 -1438.2854
1577614.778964 5101913.784831 -1437.3387
1577614.778964 5101712.680115 -1436.4589
1577614.778964 5101511.575400 -1435.7888
1577614.778964 5101310.470684 -1435.4513
1577614.778964 5101109.365968 -1435.5966
1577614.778964 5100908.261253 -1436.5588
1577614.778964 5100707.156537 -1439.8131
1577614.778964 5100506.051821 -1440.1885
1577614.778964 5100304.947106 -1442.9346
1577614.778964 5100103.842390 -1447.3823
1577614.778964 5099902.737674 -1450.0665
1577614.778964 5099701.632959 -1451.4193
1577614.778964 5099500.528243 -1451.8333
1577614.778964 5099299.423528 -1451.6831
1577614.778964 5099098.318812 -1451.2981
1577815.074416 5101913.784831 -1437.4717
1577815.074416 5101712.680115 -1436.6407
1577815.074416 5101511.575400 -1435.9526
1577815.074416 5101310.470684 -1435.5643
1577815.074416 5101109.365968 -1435.7078
1577815.074416 5100908.261253 -1436.7542
1577815.074416 5100707.156537 -1439.0625
1577815.074416 5100506.051821 -1441.0017
1577815.074416 5100304.947106 -1441.1547
1577815.074416 5100103.842390 -1448.8142
1577815.074416 5099902.737674 -1451.1174
1577815.074416 5099701.632959 -1452.2957
1577815.074416 5099500.528243 -1452.5090
1577815.074416 5099299.423528 -1452.1290
1577815.074416 5099098.318812 -1451.5624
1577815.074416 5098897.214096 -1451.0658
1578015.369869 5101712.680115 -1437.1508
1578015.369869 5101511.575400 -1436.5242
1578015.369869 5101310.470684 -1436.1371
1578015.369869 5101109.365968 -1436.1722
1578015.369869 5100908.261253 -1436.8118
1578015.369869 5100707.156537 -1438.0369
1578015.369869 5100506.051821 -1439.2390
1578015.369869 5100304.947106 -1445.9583
1578015.369869 5100103.842390 -1446.9556
1578015.369869 5099902.737674 -1450.8208
1578015.369869 5099701.632959 -1452.3284
1578015.369869 5099500.528243 -1452.5291
1578015.369869 5099299.423528 -1451.9852
1578015.369869 5099098.318812 -1451.3198
1578015.369869 5098897.214096 -1450.8250
1578015.369869 5098696.109381 -1450.5691
1578215.665322 5101511.575400 -1437.3733
1578215.665322 5101310.470684 -1436.9974
1578215.665322 5101109.365968 -1436.9003
1578215.665322 5100908.261253 -1437.1782
1578215.665322 5100707.156537 -1437.8417
1578215.665322 5100506.051821 -1438.8921
1578215.665322 5100304.947106 -1441.1107
1578215.665322 5100103.842390 -1446.5067
1578215.665322 5099902.737674 -1445.8951
1578215.665322 5099701.632959 -1451.2576
1578215.665322 5099500.528243 -1451.7271
1578215.665322 5099299.423528 -1451.1062
1578215.665322 5099098.318812 -1450.4956
1578215.665322 5098897.214096 -1450.1735
1578215.665322 5098696.109381 -1450.1176
1578215.665322 5098495.004665 -1450.2535
1578415.960774 5101310.470684 -1438.0728
1578415.960774 5101109.365968 -1437.8981
1578415.960774 5100908.261253 -1437.9519
1578415.960774 5100707.156537 -1438.2794
1578415.960774 5100506.051821 -1438.9683
1578415.960774 5100304.947106 -1440.2974
1578415.960774 5100103.842390 -1442.3068
1578415.960774 5099902.737674 -1446.5388
1578415.960774 5099701.632959 -1445.9246
1578415.960774 5099500.528243 -1450.2562
1578415.960774 5099299.423528 -1449.5277
1578415.960774 5099098.318812 -1449.1926
1578415.960774 5098897.214096 -1449.2476
1578415.960774 5098696.109381 -1449.5156
1578415.960774 5098495.004665 -1449.8938
1578415.960774 5098293.899949 -1450.3320
1578616.256227 5101310.470684 -1439.3038
1578616.256227 5101109.365968 -1439.1306
1578616.256227 5100908.261253 -1439.0984
1578616.256227 5100707.156537 -1439.2665
1578616.256227 5100506.051821 -1439.7206
1578616.256227 5100304.947106 -1440.5852
1578616.256227 5100103.842390 -1441.8821
1578616.256227 5099902.737674 -1443.5452
1578616.256227 5099701.632959 -1448.0155
1578616.256227 5099500.528243 -1449.6246
1578616.256227 5099299.423528 -1447.5946
1578616.256227 5099098.318812 -1447.8407
1578616.256227 5098897.214096 -1448.3894
1578616.256227 5098696.109381 -1448.9896
1578616.256227 5098495.004665 -1449.5901
1578616.256227 5098293.899949 -1450.1781
1578616.256227 5098092.795234 -1450.7632
1578816.551680 5101109.365968 -1440.5157
1578816.551680 5100908.261253 -1440.5065
1578816.551680 5100707.156537 -1440.6597
1578816.551680 5100506.051821 -1441.0688
1578816.551680 5100304.947106 -1441.8555
1578816.551680 5100103.842390 -1443.1455
1578816.551680 5099902.737674 -1445.1097
1578816.551680 5099701.632959 -1447.9969
1578816.551680 5099500.528243 -1447.4213
1578816.551680 5099299.423528 -1448.7714
1578816.551680 5099098.318812 -1447.4153
1578816.551680 5098897.214096 -1448.0825
1578816.551680 5098696.109381 -1448.7678
1578816.551680 5098495.004665 -1449.4607
1578816.551680 5098293.899949 -1450.1210
1578816.551680 5098092.795234 -1450.7767
1578816.551680 5097891.690518 -1451.4355
1579016.847133 5100908.261253 -1442.0210
1579016.847133 5100707.156537 -1442.2329
1579016.847133 5100506.051821 -1442.6749
1579016.847133 5100304.947106 -1443.4592
1579016.847133 5100103.842390 -1444.6987
1579016.847133 5099902.737674 -1446.4585
1579016.847133 5099701.632959 -1448.5547
1579016.847133 5099500.528243 -1449.8737
1579016.847133 5099299.423528 -1448.8983
1579016.847133 5099098.318812 -1448.1329
1579016.847133 5098897.214096 -1448.3538
1579016.847133 5098696.109381 -1448.8059
1579016.847133 5098495.004665 -1449.4988
1579016.847133 5098293.899949 -1450.1545
1579016.847133 5098092.795234 -1450.8495
1579016.847133 5097891.690518 -1451.5778
1579217.142585 5100707.156537 -1443.7771
1579217.142585 5100506.051821 -1444.2428
1579217.142585 5100304.947106 -1444.9701
1579217.142585 5100103.842390 -1446.0092
1579217.142585 5099902.737674 -1447.3169
1579217.142585 5099701.632959 -1448.6249
1579217.142585 5099500.528243 -1449.3031
1579217.142585 5099299.423528 -1448.8691
1579217.142585 5099098.318812 -1446.8292
1579217.142585 5098897.214096 -1447.5443
1579217.142585 5098696.109381 -1448.6377
1579217.142585 5098495.004665 -1449.6013
1579217.142585 5098293.899949 -1450.2063
1579217.142585 5098092.795234 -1450.9453
1579217.142585 5097891.690518 -1451.7740
1579217.142585 5097690.585802 -1452.5676
1579417.438038 5100506.051821 -1445.6177
1579417.438038 5100304.947106 -1446.2351
1579417.438038 5100103.842390 -1447.0121
1579417.438038 5099902.737674 -1447.8563
1579417.438038 5099701.632959 -1448.5284
1579417.438038 5099500.528243 -1448.6508
1579417.438038 5099299.423528 -1447.9648
1579417.438038 5099098.318812 -1446.7136
1579417.438038 5098897.214096 -1448.6362
1579417.438038 5098696.109381 -1448.9558
1579417.438038 5098495.004665 -1449.9454
1579417.438038 5098293.899949 -1450.1816
1579417.438038 5098092.795234 -1451.0214
1579417.438038 5097891.690518 -1452.0294
1579417.438038 5097690.585802 -1452.9205
1579417.438038 5097489.481087 -1453.6720
1579617.733491 5100304.947106 -1447.2557
1579617.733491 5100103.842390 -1447.7983
1579617.733491 5099902.737674 -1448.2963
1579617.733491 5099701.632959 -1448.5874
1579617.733491 5099500.528243 -1448.4895
1579617.733491 5099299.423528 -1447.9724
1579617.733491 5099098.318812 -1447.3967
1579617.733491 5098897.214096 -1447.6733
1579617.733491 5098696.109381 -1449.3894
1579617.733491 5098495.004665 -1450.3358
1579617.733491 5098293.899949 -1449.7743
1579617.733491 5098092.795234 -1451.0681
1579617.733491 5097891.690518 -1452.3833
1579617.733491 5097690.585802 -1453.3427
1579617.733491 5097489.481087 -1454.0929
1579617.733491 5097288.376371 -1454.7582
1579818.028943 5100103.842390 -1448.4576
1579818.028943 5099902.737674 -1448.7434
1579818.028943 5099701.632959 -1448.8522
1579818.028943 5099500.528243 -1448.7274
1579818.028943 5099299.423528 -1448.4484
1579818.028943 5099098.318812 -1448.3340
1579818.028943 5098897.214096 -1448.8975
1579818.028943 5098696.109381 -1450.3224
1579818.028943 5098495.004665 -1450.1241
1579818.028943 5098293.899949 -1449.8113
1579818.028943 5098092.795234 -1451.3749
1579818.028943 5097891.690518 -1452.9205
1579818.028943 5097690.585802 -1453.7587
1579818.028943 5097489.481087 -1454.4518
1579818.028943 5097288.376371 -1455.1385
1579818.028943 5097087.271655 -1455.8140
1580018.324396 5099902.737674 -1449.2157
1580018.324396 5099701.632959 -1449.2479
1580018.324396 5099500.528243 -1449.1377
1580018.324396 5099299.423528 -1448.9709
1580018.324396 5099098.318812 -1448.9359
1580018.324396 5098897.214096 -1449.2172
1580018.324396 5098696.109381 -1449.6761
1580018.324396 5098495.004665 -1449.5175
1580018.324396 5098293.899949 -1449.6250
1580018.324396 5098092.795234 -1450.4149
1580018.324396 5097891.690518 -1453.4227
1580018.324396 5097690.585802 -1453.8376
1580018.324396 5097489.481087 -1454.5562
1580018.324396 5097288.376371 -1455.3962
1580018.324396 5097087.271655 -1456.1974
1580018.324396 5096886.166940 -1456.9218
1580218.619849 5099701.632959 -1449.7072
1580218.619849 5099500.528243 -1449.6017
1580218.619849 5099299.423528 -1449.4440
1580218.619849 5099098.318812 -1449.3221
1580218.619849 5098897.214096 -1449.2865
1580218.619849 5098696.109381 -1449.2396
1580218.619849 5098495.004665 -1449.0027
1580218.619849 5098293.899949 -1449.0380
1580218.619849 5098092.795234 -1450.5450
1580218.619849 5097891.690518 -1451.8069
1580218.619849 5097690.585802 -1452.8922
1580218.619849 5097489.481087 -1454.2417
1580218.619849 5097288.376371 -1455.5284
1580218.619849 5097087.271655 -1456.5631
1580218.619849 5096886.166940 -1457.3730
1580218.619849 5096685.062224 -1458.0793
1580418.915302 5099500.528243 -1450.0955
1580418.915302 5099299.423528 -1449.9105
1580418.915302 5099098.318812 -1449.6838
1580418.915302 5098897.214096 -1449.4291
1580418.915302 5098696.109381 -1449.1218
1580418.915302 5098495.004665 -1448.7845
1580418.915302 5098293.899949 -1448.7152
1580418.915302 5098092.795234 -1449.3486
1580418.915302 5097891.690518 -1450.6858
1580418.915302 5097690.585802 -1451.7466
1580418.915302 5097489.481087 -1453.9326
1580418.915302 5097288.376371 -1455.7660
1580418.915302 5097087.271655 -1457.0110
1580418.915302 5096886.166940 -1457.8447
1580418.915302 5096685.062224 -1458.5339
1580418.915302 5096483.957508 -1459.2456
1580619.210754 5099299.423528 -1450.4318
1580619.210754 5099098.318812 -1450.1410
1580619.210754 5098897.214096 -1449.7708
1580619.210754 5098696.109381 -1449.3354
1580619.210754 5098495.004665 -1448.9055
1580619.210754 5098293.899949 -1448.6688
1580619.210754 5098092.795234 -1448.8457
1580619.210754 5097891.690518 -1449.4807
1580619.210754 5097690.585802 -1451.7939
1580619.210754 5097489.481087 -1454.1176
1580619.210754 5097288.376371 -1456.3555
1580619.210754 5097087.271655 -1457.6099
1580619.210754 5096886.166940 -1458.3105
1580619.210754 5096685.062224 -1458.9236
1580619.210754 5096483.957508 -1459.6509
1580619.210754 5096282.852793 -1460.5012
1580819.506207 5099098.318812 -1450.7462
1580819.506207 5098897.214096 -1450.3488
1580819.506207 5098696.109381 -1449.8835
1580819.506207 5098495.004665 -1449.4261
1580819.506207 5098293.899949 -1449.1145
1580819.506207 5098092.795234 -1449.1200
1580819.506207 5097891.690518 -1449.6355
1580819.506207 5097690.585802 -1453.1124
1580819.506207 5097489.481087 -1454.7777
1580819.506207 5097288.376371 -1457.2358
1580819.506207 5097087.271655 -1458.2401
1580819.506207 5096886.166940 -1458.6364
1580819.506207 5096685.062224 -1459.1666
1580819.506207 5096483.957508 -1459.9814
1580819.506207 5096282.852793 -1460.9623
1580819.506207 5096081.748077 -1461.9819
1581019.801660 5098897.214096 -1451.1528
1581019.801660 5098696.109381 -1450.7390
1581019.801660 5098495.004665 -1450.3397
1581019.801660 5098293.899949 -1450.0747
1581019.801660 5098092.795234 -1450.1057
1581019.801660 5097891.690518 -1450.6494
1581019.801660 5097690.585802 -1452.0498
1581019.801660 5097489.481087 -1455.8401
1581019.801660 5097288.376371 -1457.6561
1581019.801660 5097087.271655 -1458.5608
1581019.801660 5096886.166940 -1458.6161
1581019.801660 5096685.062224 -1459.2097
1581019.801660 5096483.957508 -1460.2844
1581019.801660 5096282.852793 -1461.4900
1581019.801660 5096081.748077 -1462.6289
1581019.801660 5095880.643361 -1463.6570
1581220.097113 5098696.109381 -1451.8368
1581220.097113 5098495.004665 -1451.5612
1581220.097113 5098293.899949 -1451.4202
1581220.097113 5098092.795234 -1451.5566
1581220.097113 5097891.690518 -1452.1370
1581220.097113 5097690.585802 -1453.3190
1581220.097113 5097489.481087 -1455.0781
1581220.097113 5097288.376371 -1457.8569
1581220.097113 5097087.271655 -1458.3824
1581220.097113 5096886.166940 -1458.2645
1581220.097113 5096685.062224 -1459.2117
1581220.097113 5096483.957508 -1460.7695
1581220.097113 5096282.852793 -1462.2485
1581220.097113 5096081.748077 -1463.4537
1581220.097113 5095880.643361 -1464.4417
1581220.097113 5095679.538646 -1465.3094
1581420.392565 5098495.004665 -1452.9714
1581420.392565 5098293.899949 -1452.9896
1581420.392565 5098092.795234 -1453.2632
1581420.392565 5097891.690518 -1453.9208
1581420.392565 5097690.585802 -1455.0610
1581420.392565 5097489.481087 -1456.6736
1581420.392565 5097288.376371 -1458.5525
1581420.392565 5097087.271655 -1459.3066
1581420.392565 5096886.166940 -1459.2775
1581420.392565 5096685.062224 -1459.7585
1581420.392565 5096483.957508 -1461.8423
1581420.392565 5096282.852793 -1463.4534
1581420.392565 5096081.748077 -1464.5361
1581420.392565 5095880.643361 -1465.3403
1581420.392565 5095679.538646 -1466.0519
1581420.392565 5095478.433930 -1466.7560
1581620.688018 5098495.004665 -1454.4546
1581620.688018 5098293.899949 -1454.6301
1581620.688018 5098092.795234 -1455.0309
1581620.688018 5097891.690518 -1455.7489
1581620.688018 5097690.585802 -1456.8418
1581620.688018 5097489.481087 -1458.2798
1581620.688018 5097288.376371 -1459.8766
1581620.688018 5097087.271655 -1461.1764
1581620.688018 5096886.166940 -1460.7268
1581620.688018 5096685.062224 -1461.4468
1581620.688018 5096483.957508 -1463.7856
1581620.688018 5096282.852793 -1465.1676
1581620.688018 5096081.748077 -1465.8308
1581620.688018 5095880.643361 -1466.2926
1581620.688018 5095679.538646 -1466.7767
1581620.688018 5095478.433930 -1467.3480
1581620.688018 5095277.329214 -1467.9807
1581820.983471 5098293.899949 -1456.2334
1581820.983471 5098092.795234 -1456.7321
1581820.983471 5097891.690518 -1457.4749
1581820.983471 5097690.585802 -1458.4788
1581820.983471 5097489.481087 -1459.6774
1581820.983471 5097288.376371 -1460.8662
1581820.983471 5097087.271655 -1461.6658
1581820.983471 5096886.166940 -1461.6702
1581820.983471 5096685.062224 -1462.2999
1581820.983471 5096483.957508 -1464.9846
1581820.983471 5096282.852793 -1467.0170
1581820.983471 5096081.748077 -1467.0906
1581820.983471 5095880.643361 -1467.1710
1581820.983471 5095679.538646 -1467.4294
1581820.983471 5095478.433930 -1467.8915
1581820.983471 5095277.329214 -1468.4500
1581820.983471 5095076.224499 -1469.0253
1582021.278923 5098092.795234 -1458.3146
1582021.278923 5097891.690518 -1459.0695
1582021.278923 5097690.585802 -1460.0029
1582021.278923 5097489.481087 -1461.0491
1582021.278923 5097288.376371 -1462.0652
1582021.278923 5097087.271655 -1462.8672
1582021.278923 5096886.166940 -1463.4329
1582021.278923 5096685.062224 -1464.4083
1582021.278923 5096483.957508 -1466.7521
1582021.278923 5096282.852793 -1468.6212
1582021.278923 5096081.748077 -1468.1039
1582021.278923 5095880.643361 -1467.9351
1582021.278923 5095679.538646 -1468.0195
1582021.278923 5095478.433930 -1468.4391
1582021.278923 5095277.329214 -1468.9398
1582021.278923 5095076.224499 -1469.3865
1582221.574376 5097891.690518 -1460.5454
1582221.574376 5097690.585802 -1461.4562
1582221.574376 5097489.481087 -1462.4651
1582221.574376 5097288.376371 -1463.5092
1582221.574376 5097087.271655 -1464.5562
1582221.574376 5096886.166940 -1465.7352
1582221.574376 5096685.062224 -1467.4791
1582221.574376 5096483.957508 -1470.1831
1582221.574376 5096282.852793 -1469.4320
1582221.574376 5096081.748077 -1469.4795
1582221.574376 5095880.643361 -1468.8607
1582221.574376 5095679.538646 -1468.6687
1582221.574376 5095478.433930 -1469.1372
1582221.574376 5095277.329214 -1469.5771
1582221.574376 5095076.224499 -1469.7766
1582221.574376 5094875.119783 -1469.9785
1582421.869829 5097690.585802 -1462.8376
1582421.869829 5097489.481087 -1463.8685
1582421.869829 5097288.376371 -1464.9908
1582421.869829 5097087.271655 -1466.2198
1582421.869829 5096886.166940 -1467.6370
1582421.869829 5096685.062224 -1469.3406
1582421.869829 5096483.957508 -1471.0880
1582421.869829 5096282.852793 -1471.5753
1582421.869829 5096081.748077 -1469.4032
1582421.869829 5095880.643361 -1470.2845
1582421.869829 5095679.538646 -1469.4601
1582421.869829 5095478.433930 -1470.2194
1582421.869829 5095277.329214 -1470.5427
1582421.869829 5095076.224499 -1470.2306
1582421.869829 5094875.119783 -1469.9890
1582421.869829 5094674.015067 -1470.2504
1582622.165282 5097489.481087 -1465.1920
1582622.165282 5097288.376371 -1466.3667
1582622.165282 5097087.271655 -1467.6656
1582622.165282 5096886.166940 -1469.1013
1582622.165282 5096685.062224 -1470.6261
1582622.165282 5096483.957508 -1471.9811
1582622.165282 5096282.852793 -1472.6593
1582622.165282 5096081.748077 -1472.7117
1582622.165282 5095880.643361 -1471.0857
1582622.165282 5095679.538646 -1471.9181
1582622.165282 5095478.433930 -1472.0483
1582622.165282 5095277.329214 -1471.9996
1582622.165282 5095076.224499 -1470.6548
1582622.165282 5094875.119783 -1469.7666
1582622.165282 5094674.015067 -1469.8816
1582622.165282 5094472.910352 -1470.8457
1582822.460734 5097288.376371 -1467.5972
1582822.460734 5097087.271655 -1468.8907
1582822.460734 5096886.166940 -1470.2617
1582822.460734 5096685.062224 -1471.6223
1582822.460734 5096483.957508 -1472.7797
1582822.460734 5096282.852793 -1473.4863
1582822.460734 5096081.748077 -1473.6908
1582822.460734 5095880.643361 -1473.4426
1582822.460734 5095679.538646 -1472.3463
1582822.460734 5095478.433930 -1474.1781
1582822.460734 5095277.329214 -1473.7515
1582822.460734 5095076.224499 -1470.6212
1582822.460734 5094875.119783 -1469.1312
1582822.460734 5094674.015067 -1469.3837
1582822.460734 5094472.910352 -1470.7175
1582822.460734 5094271.805636 -1472.5876
1583022.756187 5097087.271655 -1469.9601
1583022.756187 5096886.166940 -1471.2526
1583022.756187 5096685.062224 -1472.4949
1583022.756187 5096483.957508 -1473.5481
1583022.756187 5096282.852793 -1474.2576
1583022.756187 5096081.748077 -1474.5393
1583022.756187 5095880.643361 -1474.3729
1583022.756187 5095679.538646 -1473.8674
1583022.756187 5095478.433930 -1474.6926
1583022.756187 5095277.329214 -1474.3174
1583022.756187 5095076.224499 -1469.3353
1583022.756187 5094875.119783 -1468.1509
1583022.756187 5094674.015067 -1469.1510
1583022.756187 5094472.910352 -1471.0773
1583022.756187 5094271.805636 -1473.3406
1583022.756187 5094070.700920 -1475.6600
1583223.051640 5096886.166940 -1472.1793
1583223.051640 5096685.062224 -1473.3572
1583223.051640 5096483.957508 -1474.3839
1583223.051640 5096282.852793 -1475.1606
1583223.051640 5096081.748077 -1475.6298
1583223.051640 5095880.643361 -1475.8019
1583223.051640 5095679.538646 -1475.8129
1583223.051640 5095478.433930 -1475.9387
1583223.051640 5095277.329214 -1472.2286
1583223.051640 5095076.224499 -1470.7594
1583223.051640 5094875.119783 -1468.2803
1583223.051640 5094674.015067 -1470.2767
1583223.051640 5094472.910352 -1472.5723
1583223.051640 5094271.805636 -1474.9609
1583223.051640 5094070.700920 -1477.3164
1583223.051640 5093869.596205 -1479.5624
1583423.347092 5096685.062224 -1474.2688
1583423.347092 5096483.957508 -1475.3246
1583423.347092 5096282.852793 -1476.2147
1583423.347092 5096081.748077 -1476.9009
1583423.347092 5095880.643361 -1477.3779
1583423.347092 5095679.538646 -1477.6456
1583423.347092 5095478.433930 -1477.5391
1583423.347092 5095277.329214 -1476.1589
1583423.347092 5095076.224499 -1472.4928
1583423.347092 5094875.119783 -1474.9310
1583423.347092 5094674.015067 -1474.1584
1583423.347092 5094472.910352 -1475.6779
1583423.347092 5094271.805636 -1477.6117
1583423.347092 5094070.700920 -1479.6793
1583423.347092 5093869.596205 -1481.7327
1583423.347092 5093668.491489 -1483.7092
1583623.642545 5096483.957508 -1476.3645
1583623.642545 5096282.852793 -1477.3843
1583623.642545 5096081.748077 -1478.2847
1583623.642545 5095880.643361 -1479.0513
1583623.642545 5095679.538646 -1479.6603
1583623.642545 5095478.433930 -1480.0184
1583623.642545 5095277.329214 -1479.9680
1583623.642545 5095076.224499 -1479.9324
1583623.642545 5094875.119783 -1479.1017
1583623.642545 5094674.015067 -1483.0975
1583623.642545 5094472.910352 -1479.6990
1583623.642545 5094271.805636 -1480.9490
1583623.642545 5094070.700920 -1482.5537
1583623.642545 5093869.596205 -1484.2891
1583623.642545 5093668.491489 -1486.0422
1583823.937998 5096282.852793 -1478.6227
1583823.937998 5096081.748077 -1479.7089
1583823.937998 5095880.643361 -1480.7257
1583823.937998 5095679.538646 -1481.6552
1583823.937998 5095478.433930 -1482.4614
1583823.937998 5095277.329214 -1483.1227
1583823.937998 5095076.224499 -1483.7480
1583823.937998 5094875.119783 -1484.2423
1583823.937998 5094674.015067 -1483.5977
1583823.937998 5094472.910352 -1483.6749
1583823.937998 5094271.805636 -1484.4309
1583823.937998 5094070.700920 -1485.6147
1583823.937998 5093869.596205 -1487.0242
1584024.233451 5096081.748077 -1481.1165
1584024.233451 5095880.643361 -1482.3195
1584024.233451 5095679.538646 -1483.4778
1584024.233451 5095478.433930 -1484.5631
1584024.233451 5095277.329214 -1485.5426
1584024.233451 5095076.224499 -1486.3755
1584024.233451 5094875.119783 -1486.9019
1584024.233451 5094674.015067 -1486.8782
1584024.233451 5094472.910352 -1487.0555
1584024.233451 5094271.805636 -1487.6376
1584024.233451 5094070.700920 -1488.5679
1584024.233451 5093869.596205 -1489.7323
1584224.528903 5095880.643361 -1483.8026
1584224.528903 5095679.538646 -1485.1003
1584224.528903 5095478.433930 -1486.3365
1584224.528903 5095277.329214 -1487.4636
1584224.528903 5095076.224499 -1488.4115
1584224.528903 5094875.119783 -1489.0833
1584224.528903 5094674.015067 -1489.4532
1584224.528903 5094472.910352 -1489.8423
1584224.528903 5094271.805636 -1490.4342
1584224.528903 5094070.700920 -1491.2606
1584424.824356 5095679.538646 -1486.5602
1584424.824356 5095478.433930 -1487.8760
1584424.824356 5095277.329214 -1489.0839
1584424.824356 5095076.224499 -1490.1249
1584424.824356 5094875.119783 -1490.9502
1584424.824356 5094674.015067 -1491.5801
1584424.824356 5094472.910352 -1492.1685
1584424.824356 5094271.805636 -1492.8431
1584625.119809 5095679.538646 -1487.9121
1584625.119809 5095478.433930 -1489.2710
1584625.119809 5095277.329214 -1490.5325
1584625.119809 5095076.224499 -1491.6526
1584625.119809 5094875.119783 -1492.6069
1584625.119809 5094674.015067 -1493.4176
1584625.119809 5094472.910352 -1494.1683
1584825.415262 5095478.433930 -1490.5903
1584825.415262 5095277.329214 -1491.8925
1584825.415262 5095076.224499 -1493.0775
1584825.415262 5094875.119783 -1494.1332
1584825.415262 5094674.015067 -1495.0747
1585025.710714 5095277.329214 -1493.2151
1585025.710714 5095076.224499 -1494.4548
1585025.710714 5094875.119783 -1495.5891
1585025.710714 5094674.015067 -1496.6279
1585226.006167 5095076.224499 -1495.8199
1585226.006167 5094875.119783 -1497.0179
