1557400.000000 5118200.000000 97.3110
1557400.000000 5118000.000000 96.7132
1557600.000000 5118400.000000 97.2524
1557600.000000 5118200.000000 96.7766
1557600.000000 5118000.000000 96.1978
1557600.000000 5117800.000000 95.5573
1557800.000000 5118600.000000 96.9685
1557800.000000 5118400.000000 96.6927
1557800.000000 5118200.000000 96.2519
1557800.000000 5118000.000000 95.6869
1557800.000000 5117800.000000 95.0526
1557800.000000 5117600.000000 94.3955
1558000.000000 5118800.000000 96.2742
1558000.000000 5118600.000000 96.2978
1558000.000000 5118400.000000 96.1168
1558000.000000 5118200.000000 95.7085
1558000.000000 5118000.000000 95.1533
1558000.000000 5117800.000000 94.5282
1558000.000000 5117600.000000 93.8821
1558000.000000 5117400.000000 93.2458
1558200.000000 5119000.000000 95.1093
1558200.000000 5118800.000000 95.2276
1558200.000000 5118600.000000 95.5274
1558200.000000 5118400.000000 95.4769
1558200.000000 5118200.000000 95.0888
1558200.000000 5118000.000000 94.5460
1558200.000000 5117800.000000 93.9498
1558200.000000 5117600.000000 93.3361
1558200.000000 5117400.000000 92.7242
1558200.000000 5117200.000000 92.1346
1558400.000000 5119200.000000 93.4603
1558400.000000 5119000.000000 93.6458
1558400.000000 5118800.000000 93.6972
1558400.000000 5118600.000000 94.6080
1558400.000000 5118400.000000 94.7021
1558400.000000 5118200.000000 94.2921
1558400.000000 5118000.000000 93.7911
1558400.000000 5117800.000000 93.2807
1558400.000000 5117600.000000 92.7435
1558400.000000 5117400.000000 92.1799
1558400.000000 5117200.000000 91.6146
1558400.000000 5117000.000000 91.0781
1558600.000000 5119400.000000 91.5800
1558600.000000 5119200.000000 91.4916
1558600.000000 5119000.000000 91.6090
1558600.000000 5118800.000000 91.2196
1558600.000000 5118600.000000 93.5768
1558600.000000 5118400.000000 93.6520
1558600.000000 5118200.000000 93.1433
1558600.000000 5118000.000000 92.8111
1558600.000000 5117800.000000 92.5120
1558600.000000 5117600.000000 92.1149
1558600.000000 5117400.000000 91.6211
1558600.000000 5117200.000000 91.0841
1558600.000000 5117000.000000 90.5572
1558800.000000 5119600.000000 90.2282
1558800.000000 5119400.000000 89.6148
1558800.000000 5119200.000000 88.9160
1558800.000000 5119000.000000 88.1009
1558800.000000 5118800.000000 87.5789
1558800.000000 5118600.000000 92.4778
1558800.000000 5118400.000000 91.9048
1558800.000000 5118200.000000 91.3827
1558800.000000 5118000.000000 91.6201
1558800.000000 5117800.000000 91.7287
1558800.000000 5117600.000000 91.5086
1558800.000000 5117400.000000 91.0719
1558800.000000 5117200.000000 90.5477
1558800.000000 5117000.000000 90.0221
1558800.000000 5116800.000000 89.5467
1559000.000000 5119600.000000 88.9394
1559000.000000 5119400.000000 88.1340
1559000.000000 5119200.000000 87.2467
1559000.000000 5119000.000000 86.4192
1559000.000000 5118800.000000 86.2272
1559000.000000 5118600.000000 88.0741
1559000.000000 5118400.000000 88.5459
1559000.000000 5118200.000000 89.0179
1559000.000000 5118000.000000 90.6215
1559000.000000 5117800.000000 91.1925
1559000.000000 5117600.000000 91.0205
1559000.000000 5117400.000000 90.5503
1559000.000000 5117200.000000 89.9999
1559000.000000 5117000.000000 89.4632
1559000.000000 5116800.000000 88.9888
1559000.000000 5116600.000000 88.6045
1559200.000000 5119400.000000 87.3293
1559200.000000 5119200.000000 86.5674
1559200.000000 5119000.000000 86.0582
1559200.000000 5118800.000000 86.2459
1559200.000000 5118600.000000 87.5729
1559200.000000 5118400.000000 88.8430
1559200.000000 5118200.000000 88.0741
1559200.000000 5118000.000000 91.0091
1559200.000000 5117800.000000 91.2145
1559200.000000 5117600.000000 90.6438
1559200.000000 5117400.000000 90.0053
1559200.000000 5117200.000000 89.4072
1559200.000000 5117000.000000 88.8625
1559200.000000 5116800.000000 88.3962
1559200.000000 5116600.000000 88.0338
1559200.000000 5116400.000000 87.7841
1559400.000000 5119200.000000 86.5019
1559400.000000 5119000.000000 86.2503
1559400.000000 5118800.000000 86.5698
1559400.000000 5118600.000000 87.5584
1559400.000000 5118400.000000 88.6783
1559400.000000 5118200.000000 89.4707
1559400.000000 5118000.000000 93.1069
1559400.000000 5117800.000000 91.1844
1559400.000000 5117600.000000 89.9686
1559400.000000 5117400.000000 89.2766
1559400.000000 5117200.000000 88.7238
1559400.000000 5117000.000000 88.2088
1559400.000000 5116800.000000 87.7654
1559400.000000 5116600.000000 87.4377
1559400.000000 5116400.000000 87.2381
1559400.000000 5116200.000000 87.1505
1559600.000000 5119000.000000 86.6123
1559600.000000 5118800.000000 86.9164
1559600.000000 5118600.000000 87.6599
1559600.000000 5118400.000000 88.6270
1559600.000000 5118200.000000 89.6854
1559600.000000 5118000.000000 91.1153
1559600.000000 5117800.000000 88.7032
1559600.000000 5117600.000000 88.4597
1559600.000000 5117400.000000 88.3370
1559600.000000 5117200.000000 87.9961
1559600.000000 5117000.000000 87.5303
1559600.000000 5116800.000000 87.1084
1559600.000000 5116600.000000 86.8255
1559600.000000 5116400.000000 86.6950
1559600.000000 5116200.000000 86.6841
1559600.000000 5116000.000000 86.7495
1559800.000000 5118800.000000 87.1647
1559800.000000 5118600.000000 87.6241
1559800.000000 5118400.000000 88.2182
1559800.000000 5118200.000000 88.7759
1559800.000000 5118000.000000 89.0217
1559800.000000 5117800.000000 87.8608
1559800.000000 5117600.000000 87.7696
1559800.000000 5117400.000000 87.7863
1559800.000000 5117200.000000 87.4258
1559800.000000 5117000.000000 86.8819
1559800.000000 5116800.000000 86.4420
1559800.000000 5116600.000000 86.2155
1559800.000000 5116400.000000 86.1812
1559800.000000 5116200.000000 86.2686
1559800.000000 5116000.000000 86.4123
1559800.000000 5115800.000000 86.5723
1560000.000000 5118600.000000 87.4815
1560000.000000 5118400.000000 87.6646
1560000.000000 5118200.000000 87.7161
1560000.000000 5118000.000000 87.4710
1560000.000000 5117800.000000 86.8720
1560000.000000 5117600.000000 87.0618
1560000.000000 5117400.000000 87.3928
1560000.000000 5117200.000000 86.9283
1560000.000000 5117000.000000 86.2141
1560000.000000 5116800.000000 85.7610
1560000.000000 5116600.000000 85.6385
1560000.000000 5116400.000000 85.7454
1560000.000000 5116200.000000 85.9532
1560000.000000 5116000.000000 86.1733
1560000.000000 5115800.000000 86.3701
1560000.000000 5115600.000000 86.5434
1560200.000000 5118400.000000 87.2232
1560200.000000 5118200.000000 86.9047
1560200.000000 5118000.000000 86.3024
1560200.000000 5117800.000000 85.4501
1560200.000000 5117600.000000 84.9286
1560200.000000 5117400.000000 86.7644
1560200.000000 5117200.000000 86.3383
1560200.000000 5117000.000000 85.4605
1560200.000000 5116800.000000 85.1049
1560200.000000 5116600.000000 85.1796
1560200.000000 5116400.000000 85.4785
1560200.000000 5116200.000000 85.8117
1560200.000000 5116000.000000 86.0799
1560200.000000 5115800.000000 86.2726
1560200.000000 5115600.000000 86.4220
1560200.000000 5115400.000000 86.5644
1560400.000000 5118200.000000 86.6422
1560400.000000 5118000.000000 86.0549
1560400.000000 5117800.000000 85.4529
1560400.000000 5117600.000000 85.2754
1560400.000000 5117400.000000 86.1214
1560400.000000 5117200.000000 85.7979
1560400.000000 5117000.000000 84.7861
1560400.000000 5116800.000000 84.7177
1560400.000000 5116600.000000 85.0379
1560400.000000 5116400.000000 85.5248
1560400.000000 5116200.000000 85.9347
1560400.000000 5116000.000000 86.1738
1560400.000000 5115800.000000 86.2870
1560400.000000 5115600.000000 86.3580
1560400.000000 5115400.000000 86.4489
1560400.000000 5115200.000000 86.5871
1560600.000000 5118000.000000 86.4625
1560600.000000 5117800.000000 86.1903
1560600.000000 5117600.000000 86.2557
1560600.000000 5117400.000000 86.6608
1560600.000000 5117200.000000 86.3525
1560600.000000 5117000.000000 85.1026
1560600.000000 5116800.000000 85.2416
1560600.000000 5116600.000000 85.5010
1560600.000000 5116400.000000 86.0297
1560600.000000 5116200.000000 86.3841
1560600.000000 5116000.000000 86.4537
1560600.000000 5115800.000000 86.3795
1560600.000000 5115600.000000 86.3116
1560600.000000 5115400.000000 86.3285
1560600.000000 5115200.000000 86.4465
1560600.000000 5115000.000000 86.6487
1560800.000000 5118000.000000 87.1587
1560800.000000 5117800.000000 87.1771
1560800.000000 5117600.000000 87.5153
1560800.000000 5117400.000000 88.1769
1560800.000000 5117200.000000 88.8855
1560800.000000 5117000.000000 89.4581
1560800.000000 5116800.000000 87.4392
1560800.000000 5116600.000000 86.5596
1560800.000000 5116400.000000 86.9631
1560800.000000 5116200.000000 87.1020
1560800.000000 5116000.000000 86.8196
1560800.000000 5115800.000000 86.4470
1560800.000000 5115600.000000 86.2053
1560800.000000 5115400.000000 86.1575
1560800.000000 5115200.000000 86.2802
1560800.000000 5115000.000000 86.5213
1560800.000000 5114800.000000 86.8305
1561000.000000 5117800.000000 88.0086
1561000.000000 5117600.000000 88.4219
1561000.000000 5117400.000000 89.0337
1561000.000000 5117200.000000 89.6025
1561000.000000 5117000.000000 89.6389
1561000.000000 5116800.000000 88.0826
1561000.000000 5116600.000000 86.9740
1561000.000000 5116400.000000 87.9488
1561000.000000 5116200.000000 87.8273
1561000.000000 5116000.000000 87.0217
1561000.000000 5115800.000000 86.3101
1561000.000000 5115600.000000 85.9400
1561000.000000 5115400.000000 85.8954
1561000.000000 5115200.000000 86.0814
1561000.000000 5115000.000000 86.4016
1561000.000000 5114800.000000 86.7841
1561000.000000 5114600.000000 87.1830
1561200.000000 5117600.000000 88.8438
1561200.000000 5117400.000000 89.2037
1561200.000000 5117200.000000 89.3869
1561200.000000 5117000.000000 89.0688
1561200.000000 5116800.000000 88.0727
1561200.000000 5116600.000000 87.6247
1561200.000000 5116400.000000 88.7032
1561200.000000 5116200.000000 88.0648
1561200.000000 5116000.000000 86.6619
1561200.000000 5115800.000000 85.7782
1561200.000000 5115600.000000 85.4615
1561200.000000 5115400.000000 85.5519
1561200.000000 5115200.000000 85.8822
1561200.000000 5115000.000000 86.3235
1561200.000000 5114800.000000 86.7957
1561200.000000 5114600.000000 87.2566
1561200.000000 5114400.000000 87.6875
1561400.000000 5117400.000000 88.9965
1561400.000000 5117200.000000 88.8399
1561400.000000 5117000.000000 88.2380
1561400.000000 5116800.000000 87.1318
1561400.000000 5116600.000000 85.8991
1561400.000000 5116400.000000 84.9286
1561400.000000 5116200.000000 86.5894
1561400.000000 5116000.000000 85.3917
1561400.000000 5115800.000000 84.8965
1561400.000000 5115600.000000 84.8960
1561400.000000 5115400.000000 85.2424
1561400.000000 5115200.000000 85.7702
1561400.000000 5115000.000000 86.3468
1561400.000000 5114800.000000 86.9027
1561400.000000 5114600.000000 87.4117
1561400.000000 5114400.000000 87.8680
1561400.000000 5114200.000000 88.2749
1561600.000000 5117200.000000 88.3651
1561600.000000 5117000.000000 87.7173
1561600.000000 5116800.000000 86.7796
1561600.000000 5116600.000000 85.8210
1561600.000000 5116400.000000 85.2947
1561600.000000 5116200.000000 85.8722
1561600.000000 5116000.000000 84.5826
1561600.000000 5115800.000000 84.5149
1561600.000000 5115600.000000 84.6627
1561600.000000 5115400.000000 85.1815
1561600.000000 5115200.000000 85.8644
1561600.000000 5115000.000000 86.5355
1561600.000000 5114800.000000 87.1366
1561600.000000 5114600.000000 87.6616
1561600.000000 5114400.000000 88.1178
1561600.000000 5114200.000000 88.5165
1561600.000000 5114000.000000 88.8696
1561800.000000 5117000.000000 87.5594
1561800.000000 5116800.000000 86.9645
1561800.000000 5116600.000000 86.5651
1561800.000000 5116400.000000 86.7656
1561800.000000 5116200.000000 87.8620
1561800.000000 5116000.000000 88.7032
1561800.000000 5115800.000000 85.8372
1561800.000000 5115600.000000 85.0304
1561800.000000 5115400.000000 85.4695
1561800.000000 5115200.000000 86.2180
1561800.000000 5115000.000000 86.9074
1561800.000000 5114800.000000 87.4963
1561800.000000 5114600.000000 87.9988
1561800.000000 5114400.000000 88.4275
1561800.000000 5114200.000000 88.7972
1561800.000000 5114000.000000 89.1235
1562000.000000 5116800.000000 87.2281
1562000.000000 5116600.000000 87.0914
1562000.000000 5116400.000000 87.3087
1562000.000000 5116200.000000 87.7194
1562000.000000 5116000.000000 87.2969
1562000.000000 5115800.000000 84.6590
1562000.000000 5115600.000000 84.9286
1562000.000000 5115400.000000 85.8523
1562000.000000 5115200.000000 86.7405
1562000.000000 5115000.000000 87.3922
1562000.000000 5114800.000000 87.9305
1562000.000000 5114600.000000 88.3916
1562000.000000 5114400.000000 88.7761
1562000.000000 5114200.000000 89.1001
1562000.000000 5114000.000000 89.3861
1562000.000000 5113800.000000 89.6512
1562200.000000 5116600.000000 87.2939
1562200.000000 5116400.000000 87.3265
1562200.000000 5116200.000000 87.2865
1562200.000000 5116000.000000 86.7359
1562200.000000 5115800.000000 85.6990
1562200.000000 5115600.000000 86.3440
1562200.000000 5115400.000000 86.4873
1562200.000000 5115200.000000 87.2760
1562200.000000 5115000.000000 87.8287
1562200.000000 5114800.000000 88.3519
1562200.000000 5114600.000000 88.8031
1562200.000000 5114400.000000 89.1432
1562200.000000 5114200.000000 89.4085
1562200.000000 5114000.000000 89.6424
1562200.000000 5113800.000000 89.8698
1562200.000000 5113600.000000 90.0990
1562400.000000 5116400.000000 87.2125
1562400.000000 5116200.000000 86.9584
1562400.000000 5116000.000000 86.4123
1562400.000000 5115800.000000 85.6989
1562400.000000 5115600.000000 85.4106
1562400.000000 5115400.000000 84.9915
1562400.000000 5115200.000000 86.9889
1562400.000000 5115000.000000 87.9497
1562400.000000 5114800.000000 88.7182
1562400.000000 5114600.000000 89.2457
1562400.000000 5114400.000000 89.5292
1562400.000000 5114200.000000 89.7119
1562400.000000 5114000.000000 89.8804
1562400.000000 5113800.000000 90.0657
1562400.000000 5113600.000000 90.2718
1562400.000000 5113400.000000 90.4912
1562600.000000 5116200.000000 86.8737
1562600.000000 5116000.000000 86.3934
1562600.000000 5115800.000000 85.8146
1562600.000000 5115600.000000 85.3255
1562600.000000 5115400.000000 84.9272
1562600.000000 5115200.000000 85.5577
1562600.000000 5115000.000000 88.2313
1562600.000000 5114800.000000 89.3323
1562600.000000 5114600.000000 89.8547
1562600.000000 5114400.000000 89.9542
1562600.000000 5114200.000000 89.9994
1562600.000000 5114000.000000 90.0904
1562600.000000 5113800.000000 90.2350
1562600.000000 5113600.000000 90.4226
1562600.000000 5113400.000000 90.6366
1562600.000000 5113200.000000 90.8588
1562800.000000 5116000.000000 86.7784
1562800.000000 5115800.000000 86.5079
1562800.000000 5115600.000000 86.4806
1562800.000000 5115400.000000 87.0498
1562800.000000 5115200.000000 88.9957
1562800.000000 5115000.000000 92.4778
1562800.000000 5114800.000000 90.7882
1562800.000000 5114600.000000 90.7130
1562800.000000 5114400.000000 90.3505
1562800.000000 5114200.000000 90.2340
1562800.000000 5114000.000000 90.2666
1562800.000000 5113800.000000 90.3836
1562800.000000 5113600.000000 90.5608
1562800.000000 5113400.000000 90.7752
1562800.000000 5113200.000000 91.0015
1562800.000000 5113000.000000 91.2206
1563000.000000 5115800.000000 87.4499
1563000.000000 5115600.000000 87.7614
1563000.000000 5115400.000000 88.5676
1563000.000000 5115200.000000 89.9591
1563000.000000 5115000.000000 91.1113
1563000.000000 5114800.000000 89.4581
1563000.000000 5114600.000000 91.0623
1563000.000000 5114400.000000 90.4132
1563000.000000 5114200.000000 90.3863
1563000.000000 5114000.000000 90.4379
1563000.000000 5113800.000000 90.5385
1563000.000000 5113600.000000 90.7078
1563000.000000 5113400.000000 90.9261
1563000.000000 5113200.000000 91.1570
1563000.000000 5113000.000000 91.3764
1563000.000000 5112800.000000 91.5761
1563200.000000 5115600.000000 88.8430
1563200.000000 5115400.000000 89.5874
1563200.000000 5115200.000000 90.5091
1563200.000000 5115000.000000 91.1145
1563200.000000 5114800.000000 90.9240
1563200.000000 5114600.000000 91.9116
1563200.000000 5114400.000000 90.3178
1563200.000000 5114200.000000 90.7432
1563200.000000 5114000.000000 90.7288
1563200.000000 5113800.000000 90.7459
1563200.000000 5113600.000000 90.8913
1563200.000000 5113400.000000 91.1149
1563200.000000 5113200.000000 91.3462
1563200.000000 5113000.000000 91.5556
1563200.000000 5112800.000000 91.7438
1563200.000000 5112600.000000 91.9181
1563400.000000 5115400.000000 90.3666
1563400.000000 5115200.000000 91.0513
1563400.000000 5115000.000000 91.5537
1563400.000000 5114800.000000 91.7899
1563400.000000 5114600.000000 92.1729
1563400.000000 5114400.000000 91.6180
1563400.000000 5114200.000000 91.9745
1563400.000000 5114000.000000 91.1794
1563400.000000 5113800.000000 90.9936
1563400.000000 5113600.000000 91.1247
1563400.000000 5113400.000000 91.3707
1563400.000000 5113200.000000 91.5923
1563400.000000 5113000.000000 91.7686
1563400.000000 5112800.000000 91.9279
1563400.000000 5112600.000000 92.0905
1563400.000000 5112400.000000 92.2564
1563600.000000 5115200.000000 91.5578
1563600.000000 5115000.000000 92.0029
1563600.000000 5114800.000000 92.2965
1563600.000000 5114600.000000 92.4881
1563600.000000 5114400.000000 92.3161
1563600.000000 5114200.000000 92.2082
1563600.000000 5114000.000000 91.0151
1563600.000000 5113800.000000 91.1610
1563600.000000 5113600.000000 91.4290
1563600.000000 5113400.000000 91.7411
1563600.000000 5113200.000000 91.9183
1563600.000000 5113000.000000 92.0128
1563600.000000 5112800.000000 92.1173
1563600.000000 5112600.000000 92.2664
1563600.000000 5112400.000000 92.4454
1563600.000000 5112200.000000 92.6245
1563800.000000 5115000.000000 92.3700
1563800.000000 5114800.000000 92.6189
1563800.000000 5114600.000000 92.7028
1563800.000000 5114400.000000 92.5151
1563800.000000 5114200.000000 92.0758
1563800.000000 5114000.000000 91.2125
1563800.000000 5113800.000000 91.8037
1563800.000000 5113600.000000 91.9805
1563800.000000 5113400.000000 92.3153
1563800.000000 5113200.000000 92.3286
1563800.000000 5113000.000000 92.2512
1563800.000000 5112800.000000 92.2764
1563800.000000 5112600.000000 92.4275
1563800.000000 5112400.000000 92.6448
1563800.000000 5112200.000000 92.8643
1563800.000000 5112000.000000 93.0472
1564000.000000 5115000.000000 92.6652
1564000.000000 5114800.000000 92.8745
1564000.000000 5114600.000000 92.9386
1564000.000000 5114400.000000 92.8316
1564000.000000 5114200.000000 92.6130
1564000.000000 5114000.000000 92.4678
1564000.000000 5113800.000000 93.0230
1564000.000000 5113600.000000 92.6875
1564000.000000 5113400.000000 93.1050
1564000.000000 5113200.000000 92.7302
1564000.000000 5113000.000000 92.3762
1564000.000000 5112800.000000 92.3402
1564000.000000 5112600.000000 92.5511
1564000.000000 5112400.000000 92.8553
1564000.000000 5112200.000000 93.1420
1564000.000000 5112000.000000 93.3606
1564000.000000 5111800.000000 93.5037
1564200.000000 5114800.000000 93.0897
1564200.000000 5114600.000000 93.1743
1564200.000000 5114400.000000 93.1651
1564200.000000 5114200.000000 93.1310
1564200.000000 5114000.000000 93.2053
1564200.000000 5113800.000000 93.5118
1564200.000000 5113600.000000 93.5484
1564200.000000 5113400.000000 93.9806
1564200.000000 5113200.000000 92.8293
1564200.000000 5113000.000000 92.2052
1564200.000000 5112800.000000 92.2465
1564200.000000 5112600.000000 92.6370
1564200.000000 5112400.000000 93.0925
1564200.000000 5112200.000000 93.4689
1564200.000000 5112000.000000 93.7240
1564200.000000 5111800.000000 93.8685
1564200.000000 5111600.000000 93.9340
1564400.000000 5114600.000000 93.3519
1564400.000000 5114400.000000 93.3958
1564400.000000 5114200.000000 93.4261
1564400.000000 5114000.000000 93.4941
1564400.000000 5113800.000000 93.5802
1564400.000000 5113600.000000 93.4566
1564400.000000 5113400.000000 93.0952
1564400.000000 5113200.000000 92.0584
1564400.000000 5113000.000000 91.6605
1564400.000000 5112800.000000 92.0522
1564400.000000 5112600.000000 92.7513
1564400.000000 5112400.000000 93.3915
1564400.000000 5112200.000000 93.8506
1564400.000000 5112000.000000 94.1255
1564400.000000 5111800.000000 94.2573
1564400.000000 5111600.000000 94.2965
1564400.000000 5111400.000000 94.2885
1564600.000000 5114400.000000 93.4919
1564600.000000 5114200.000000 93.5145
1564600.000000 5114000.000000 93.5230
1564600.000000 5113800.000000 93.4907
1564600.000000 5113600.000000 93.3386
1564600.000000 5113400.000000 93.0640
1564600.000000 5113200.000000 92.6126
1564600.000000 5113000.000000 91.5641
1564600.000000 5112800.000000 92.0699
1564600.000000 5112600.000000 93.0077
1564600.000000 5112400.000000 93.7627
1564600.000000 5112200.000000 94.2532
1564600.000000 5112000.000000 94.5179
1564600.000000 5111800.000000 94.6249
1564600.000000 5111600.000000 94.6377
1564600.000000 5111400.000000 94.6054
1564600.000000 5111200.000000 94.5642
1564800.000000 5114200.000000 93.4470
1564800.000000 5114000.000000 93.3783
1564800.000000 5113800.000000 93.2472
1564800.000000 5113600.000000 93.0328
1564800.000000 5113400.000000 92.7524
1564800.000000 5113200.000000 92.4343
1564800.000000 5113000.000000 92.0893
1564800.000000 5112800.000000 92.1632
1564800.000000 5112600.000000 93.2743
1564800.000000 5112400.000000 94.0574
1564800.000000 5112200.000000 94.5483
1564800.000000 5112000.000000 94.8011
1564800.000000 5111800.000000 94.8981
1564800.000000 5111600.000000 94.9066
1564800.000000 5111400.000000 94.8721
1564800.000000 5111200.000000 94.8275
1564800.000000 5111000.000000 94.7990
1565000.000000 5114000.000000 93.1248
1565000.000000 5113800.000000 92.8848
1565000.000000 5113600.000000 92.5471
1565000.000000 5113400.000000 92.1110
1565000.000000 5113200.000000 91.5785
1565000.000000 5113000.000000 90.9828
1565000.000000 5112800.000000 90.7263
1565000.000000 5112600.000000 92.9271
1565000.000000 5112400.000000 93.8908
1565000.000000 5112200.000000 94.5150
1565000.000000 5112000.000000 94.8390
1565000.000000 5111800.000000 94.9922
1565000.000000 5111600.000000 95.0527
1565000.000000 5111400.000000 95.0590
1565000.000000 5111200.000000 95.0405
1565000.000000 5111000.000000 95.0261
1565200.000000 5113800.000000 92.5040
1565200.000000 5113600.000000 92.0575
1565200.000000 5113400.000000 91.5039
1565200.000000 5113200.000000 90.8778
1565200.000000 5113000.000000 90.3117
1565200.000000 5112800.000000 90.2304
1565200.000000 5112600.000000 91.4691
1565200.000000 5112400.000000 92.8972
1565200.000000 5112200.000000 94.0002
1565200.000000 5112000.000000 94.5376
1565200.000000 5111800.000000 94.8558
1565200.000000 5111600.000000 95.0539
1565200.000000 5111400.000000 95.1571
1565200.000000 5111200.000000 95.1976
1565200.000000 5111000.000000 95.2169
1565200.000000 5110800.000000 95.2525
1565400.000000 5113600.000000 91.6928
1565400.000000 5113400.000000 91.1002
1565400.000000 5113200.000000 90.4789
1565400.000000 5113000.000000 89.9762
1565400.000000 5112800.000000 89.8738
1565400.000000 5112600.000000 90.4693
1565400.000000 5112400.000000 91.4455
1565400.000000 5112200.000000 93.1641
1565400.000000 5112000.000000 93.9166
1565400.000000 5111800.000000 94.5163
1565400.000000 5111600.000000 94.9461
1565400.000000 5111400.000000 95.1933
1565400.000000 5111200.000000 95.3121
1565400.000000 5111000.000000 95.3746
1565400.000000 5110800.000000 95.4385
1565400.000000 5110600.000000 95.5401
1565600.000000 5113400.000000 90.9345
1565600.000000 5113200.000000 90.3678
1565600.000000 5113000.000000 89.9281
1565600.000000 5112800.000000 89.7893
1565600.000000 5112600.000000 90.0871
1565600.000000 5112400.000000 90.7588
1565600.000000 5112200.000000 91.8478
1565600.000000 5112000.000000 93.0123
1565600.000000 5111800.000000 94.1136
1565600.000000 5111600.000000 94.8451
1565600.000000 5111400.000000 95.2320
1565600.000000 5111200.000000 95.4103
1565600.000000 5111000.000000 95.5061
1565600.000000 5110800.000000 95.5992
1565600.000000 5110600.000000 95.7313
1565600.000000 5110400.000000 95.9214
1565800.000000 5113200.000000 90.5007
1565800.000000 5113000.000000 90.1357
1565800.000000 5112800.000000 90.0061
1565800.000000 5112600.000000 90.1984
1565800.000000 5112400.000000 90.7220
1565800.000000 5112200.000000 91.5718
1565800.000000 5112000.000000 92.6420
1565800.000000 5111800.000000 94.0805
1565800.000000 5111600.000000 94.9434
1565800.000000 5111400.000000 95.3407
1565800.000000 5111200.000000 95.5064
1565800.000000 5111000.000000 95.6104
1565800.000000 5110800.000000 95.7321
1565800.000000 5110600.000000 95.9031
1565800.000000 5110400.000000 96.1369
1565800.000000 5110200.000000 96.4350
1566000.000000 5113000.000000 90.5436
1566000.000000 5112800.000000 90.4622
1566000.000000 5112600.000000 90.6474
1566000.000000 5112400.000000 91.1381
1566000.000000 5112200.000000 91.9582
1566000.000000 5112000.000000 93.1069
1566000.000000 5111800.000000 94.5268
1566000.000000 5111600.000000 95.2372
1566000.000000 5111400.000000 95.4778
1566000.000000 5111200.000000 95.5606
1566000.000000 5111000.000000 95.6675
1566000.000000 5110800.000000 95.8337
1566000.000000 5110600.000000 96.0584
1566000.000000 5110400.000000 96.3485
1566000.000000 5110200.000000 96.7061
1566000.000000 5110000.000000 97.1178
1566200.000000 5112800.000000 91.0596
1566200.000000 5112600.000000 91.2624
1566200.000000 5112400.000000 91.7242
1566200.000000 5112200.000000 92.4497
1566200.000000 5112000.000000 93.3825
1566200.000000 5111800.000000 94.3651
1566200.000000 5111600.000000 95.3623
1566200.000000 5111400.000000 95.4701
1566200.000000 5111200.000000 95.4886
1566200.000000 5111000.000000 95.6587
1566200.000000 5110800.000000 95.9148
1566200.000000 5110600.000000 96.2112
1566200.000000 5110400.000000 96.5674
1566200.000000 5110200.000000 96.9969
1566200.000000 5110000.000000 97.4828
1566200.000000 5109800.000000 97.9900
1566400.000000 5112600.000000 91.9336
1566400.000000 5112400.000000 92.3632
1566400.000000 5112200.000000 93.0067
1566400.000000 5112000.000000 93.8335
1566400.000000 5111800.000000 94.7810
1566400.000000 5111600.000000 95.7131
1566400.000000 5111400.000000 95.2834
1566400.000000 5111200.000000 95.2663
1566400.000000 5111000.000000 95.6280
1566400.000000 5110800.000000 96.0304
1566400.000000 5110600.000000 96.3933
1566400.000000 5110400.000000 96.8109
1566400.000000 5110200.000000 97.3233
1566400.000000 5110000.000000 97.9005
1566400.000000 5109800.000000 98.4858
1566400.000000 5109600.000000 99.0302
1566600.000000 5112400.000000 92.9717
1566600.000000 5112200.000000 93.4975
1566600.000000 5112000.000000 94.1180
1566600.000000 5111800.000000 94.7123
1566600.000000 5111600.000000 95.0188
1566600.000000 5111400.000000 94.5748
1566600.000000 5111200.000000 94.9773
1566600.000000 5111000.000000 95.7408
1566600.000000 5110800.000000 96.2909
1566600.000000 5110600.000000 96.6400
1566600.000000 5110400.000000 97.0925
1566600.000000 5110200.000000 97.7050
1566600.000000 5110000.000000 98.3981
1566600.000000 5109800.000000 99.0737
1566600.000000 5109600.000000 99.6664
1566600.000000 5109400.000000 100.1503
1566800.000000 5112200.000000 93.9557
1566800.000000 5112000.000000 94.4055
1566800.000000 5111800.000000 94.7912
1566800.000000 5111600.000000 94.9855
1566800.000000 5111400.000000 94.9871
1566800.000000 5111200.000000 95.4975
1566800.000000 5111000.000000 96.3226
1566800.000000 5110800.000000 96.7953
1566800.000000 5110600.000000 96.9300
1566800.000000 5110400.000000 97.4085
1566800.000000 5110200.000000 98.1716
1566800.000000 5110000.000000 99.0190
1566800.000000 5109800.000000 99.7914
1566800.000000 5109600.000000 100.4141
1566800.000000 5109400.000000 100.8775
1566800.000000 5109200.000000 101.2040
1567000.000000 5112000.000000 94.7913
1567000.000000 5111800.000000 95.1138
1567000.000000 5111600.000000 95.3665
1567000.000000 5111400.000000 95.6277
1567000.000000 5111200.000000 96.1660
1567000.000000 5111000.000000 96.8815
1567000.000000 5110800.000000 97.3009
1567000.000000 5110600.000000 97.1064
1567000.000000 5110400.000000 97.7705
1567000.000000 5110200.000000 98.7960
1567000.000000 5110000.000000 99.8366
1567000.000000 5109800.000000 100.6861
1567000.000000 5109600.000000 101.2910
1567000.000000 5109400.000000 101.6824
1567000.000000 5109200.000000 101.9169
1567000.000000 5109000.000000 102.0460
1567200.000000 5112000.000000 95.2730
1567200.000000 5111800.000000 95.6023
1567200.000000 5111600.000000 95.9257
1567200.000000 5111400.000000 96.2871
1567200.000000 5111200.000000 96.7417
1567200.000000 5111000.000000 97.1408
1567200.000000 5110800.000000 97.1750
1567200.000000 5110600.000000 97.2050
1567200.000000 5110400.000000 98.4264
1567200.000000 5110200.000000 99.7558
1567200.000000 5110000.000000 100.9558
1567200.000000 5109800.000000 101.7971
1567200.000000 5109600.000000 102.2896
1567200.000000 5109400.000000 102.5333
1567200.000000 5109200.000000 102.6257
1567200.000000 5109000.000000 102.6347
1567200.000000 5108800.000000 102.6004
1567400.000000 5111800.000000 96.1845
1567400.000000 5111600.000000 96.5812
1567400.000000 5111400.000000 97.0297
1567400.000000 5111200.000000 97.5458
1567400.000000 5111000.000000 98.0940
1567400.000000 5110800.000000 98.6857
1567400.000000 5110600.000000 99.5945
1567400.000000 5110400.000000 100.1337
1567400.000000 5110200.000000 101.2391
1567400.000000 5110000.000000 102.4319
1567400.000000 5109800.000000 103.0970
1567400.000000 5109600.000000 103.3405
1567400.000000 5109400.000000 103.3516
1567400.000000 5109200.000000 103.2607
1567400.000000 5109000.000000 103.1365
1567400.000000 5108800.000000 103.0068
1567400.000000 5108600.000000 102.8819
1567600.000000 5111600.000000 97.2716
1567600.000000 5111400.000000 97.8067
1567600.000000 5111200.000000 98.4197
1567600.000000 5111000.000000 99.1095
1567600.000000 5110800.000000 99.8853
1567600.000000 5110600.000000 100.7416
1567600.000000 5110400.000000 101.3810
1567600.000000 5110200.000000 102.7019
1567600.000000 5110000.000000 104.0853
1567600.000000 5109800.000000 104.4044
1567600.000000 5109600.000000 104.2729
1567600.000000 5109400.000000 104.0016
1567600.000000 5109200.000000 103.7249
1567600.000000 5109000.000000 103.4866
1567600.000000 5108800.000000 103.2851
1567600.000000 5108600.000000 103.1111
1567600.000000 5108400.000000 102.9601
1567800.000000 5111400.000000 98.5488
1567800.000000 5111200.000000 99.2424
1567800.000000 5111000.000000 100.0267
1567800.000000 5110800.000000 100.9013
1567800.000000 5110600.000000 101.8487
1567800.000000 5110400.000000 102.8400
1567800.000000 5110200.000000 104.2210
1567800.000000 5110000.000000 105.7493
1567800.000000 5109800.000000 105.3680
1567800.000000 5109600.000000 104.8224
1567800.000000 5109400.000000 104.3151
1567800.000000 5109200.000000 103.9180
1567800.000000 5109000.000000 103.6301
1567800.000000 5108800.000000 103.4050
1567800.000000 5108600.000000 103.2146
1567800.000000 5108400.000000 103.0509
1567800.000000 5108200.000000 102.9132
1568000.000000 5111200.000000 99.9432
1568000.000000 5111000.000000 100.7741
1568000.000000 5110800.000000 101.6958
1568000.000000 5110600.000000 102.7063
1568000.000000 5110400.000000 103.8190
1568000.000000 5110200.000000 105.0915
1568000.000000 5110000.000000 106.1341
1568000.000000 5109800.000000 105.3098
1568000.000000 5109600.000000 104.7292
1568000.000000 5109400.000000 104.1775
1568000.000000 5109200.000000 103.7867
1568000.000000 5109000.000000 103.5512
1568000.000000 5108800.000000 103.3635
1568000.000000 5108600.000000 103.1904
1568000.000000 5108400.000000 103.0369
1568000.000000 5108200.000000 102.9091
1568200.000000 5111000.000000 101.3047
1568200.000000 5110800.000000 102.1937
1568200.000000 5110600.000000 103.1340
1568200.000000 5110400.000000 104.0920
1568200.000000 5110200.000000 104.9682
1568200.000000 5110000.000000 105.4101
1568200.000000 5109800.000000 104.8501
1568200.000000 5109600.000000 104.2396
1568200.000000 5109400.000000 103.6762
1568200.000000 5109200.000000 103.3731
1568200.000000 5109000.000000 103.2993
1568200.000000 5108800.000000 103.1907
1568200.000000 5108600.000000 103.0511
1568200.000000 5108400.000000 102.9245
1568200.000000 5108200.000000 102.8253
1568200.000000 5108000.000000 102.7492
1568400.000000 5110800.000000 102.4102
1568400.000000 5110600.000000 103.1934
1568400.000000 5110400.000000 103.9020
1568400.000000 5110200.000000 104.4072
1568400.000000 5110000.000000 104.4831
1568400.000000 5109800.000000 103.9468
1568400.000000 5109600.000000 103.1976
1568400.000000 5109400.000000 102.9390
1568400.000000 5109200.000000 102.7656
1568400.000000 5109000.000000 102.9837
1568400.000000 5108800.000000 102.9305
1568400.000000 5108600.000000 102.8077
1568400.000000 5108400.000000 102.7225
1568400.000000 5108200.000000 102.6754
1568400.000000 5108000.000000 102.6438
1568400.000000 5107800.000000 102.6156
1568600.000000 5110600.000000 103.0259
1568600.000000 5110400.000000 103.5054
1568600.000000 5110200.000000 103.7611
1568600.000000 5110000.000000 103.6907
1568600.000000 5109800.000000 103.3036
1568600.000000 5109600.000000 102.9114
1568600.000000 5109400.000000 102.8875
1568600.000000 5109200.000000 102.1085
1568600.000000 5109000.000000 102.7547
1568600.000000 5108800.000000 102.5718
1568600.000000 5108600.000000 102.4389
1568600.000000 5108400.000000 102.4392
1568600.000000 5108200.000000 102.4853
1568600.000000 5108000.000000 102.5180
1568600.000000 5107800.000000 102.5241
1568600.000000 5107600.000000 102.5179
1568800.000000 5110400.000000 103.0530
1568800.000000 5110200.000000 103.1424
1568800.000000 5110000.000000 102.9761
1568800.000000 5109800.000000 102.5802
1568800.000000 5109600.000000 102.0768
1568800.000000 5109400.000000 101.5209
1568800.000000 5109200.000000 100.7725
1568800.000000 5109000.000000 102.5407
1568800.000000 5108800.000000 101.8817
1568800.000000 5108600.000000 101.8883
1568800.000000 5108400.000000 102.1135
1568800.000000 5108200.000000 102.3123
1568800.000000 5108000.000000 102.4179
1568800.000000 5107800.000000 102.4451
1568800.000000 5107600.000000 102.4398
1568800.000000 5107400.000000 102.4414
1569000.000000 5110200.000000 102.6183
1569000.000000 5110000.000000 102.3979
1569000.000000 5109800.000000 101.9954
1569000.000000 5109600.000000 101.4823
1569000.000000 5109400.000000 100.9504
1569000.000000 5109200.000000 100.6093
1569000.000000 5109000.000000 101.2178
1569000.000000 5108800.000000 100.4314
1569000.000000 5108600.000000 101.2900
1569000.000000 5108400.000000 101.9157
1569000.000000 5108200.000000 102.2698
1569000.000000 5108000.000000 102.4058
1569000.000000 5107800.000000 102.4063
1569000.000000 5107600.000000 102.3697
1569000.000000 5107400.000000 102.3569
1569000.000000 5107200.000000 102.3882
1569200.000000 5110000.000000 101.9992
1569200.000000 5109800.000000 101.6374
1569200.000000 5109600.000000 101.2036
1569200.000000 5109400.000000 100.7972
1569200.000000 5109200.000000 100.5760
1569200.000000 5109000.000000 100.7024
1569200.000000 5108800.000000 100.6036
1569200.000000 5108600.000000 101.6500
1569200.000000 5108400.000000 102.1841
1569200.000000 5108200.000000 102.4801
1569200.000000 5108000.000000 102.5244
1569200.000000 5107800.000000 102.4115
1569200.000000 5107600.000000 102.3023
1569200.000000 5107400.000000 102.2650
1569200.000000 5107200.000000 102.2993
1569200.000000 5107000.000000 102.3883
1569400.000000 5109800.000000 101.4911
1569400.000000 5109600.000000 101.1747
1569400.000000 5109400.000000 100.9118
1569400.000000 5109200.000000 100.8033
1569400.000000 5109000.000000 100.9074
1569400.000000 5108800.000000 101.1243
1569400.000000 5108600.000000 101.7923
1569400.000000 5108400.000000 102.6063
1569400.000000 5108200.000000 102.8549
1569400.000000 5108000.000000 102.7291
1569400.000000 5107800.000000 102.4124
1569400.000000 5107600.000000 102.2106
1569400.000000 5107400.000000 102.1636
1569400.000000 5107200.000000 102.2151
1569400.000000 5107000.000000 102.3206
1569400.000000 5106800.000000 102.4639
1569600.000000 5109600.000000 101.3112
1569600.000000 5109400.000000 101.1921
1569600.000000 5109200.000000 101.2231
1569600.000000 5109000.000000 101.4655
1569600.000000 5108800.000000 101.9595
1569600.000000 5108600.000000 102.8375
1569600.000000 5108400.000000 103.8795
1569600.000000 5108200.000000 103.3757
1569600.000000 5108000.000000 102.9333
1569600.000000 5107800.000000 102.3132
1569600.000000 5107600.000000 102.0667
1569600.000000 5107400.000000 102.0702
1569600.000000 5107200.000000 102.1624
1569600.000000 5107000.000000 102.2812
1569600.000000 5106800.000000 102.4227
1569600.000000 5106600.000000 102.6040
1569800.000000 5109400.000000 101.5262
1569800.000000 5109200.000000 101.6593
1569800.000000 5109000.000000 101.9698
1569800.000000 5108800.000000 102.4652
1569800.000000 5108600.000000 103.0826
1569800.000000 5108400.000000 103.4700
1569800.000000 5108200.000000 102.9149
1569800.000000 5108000.000000 102.8343
1569800.000000 5107800.000000 101.9893
1569800.000000 5107600.000000 101.9153
1569800.000000 5107400.000000 102.0646
1569800.000000 5107200.000000 102.1947
1569800.000000 5107000.000000 102.2942
1569800.000000 5106800.000000 102.4016
1569800.000000 5106600.000000 102.5617
1569800.000000 5106400.000000 102.8009
1570000.000000 5109200.000000 102.0236
1570000.000000 5109000.000000 102.3332
1570000.000000 5108800.000000 102.7402
1570000.000000 5108600.000000 103.1373
1570000.000000 5108400.000000 103.2862
1570000.000000 5108200.000000 102.9503
1570000.000000 5108000.000000 102.5386
1570000.000000 5107800.000000 101.7141
1570000.000000 5107600.000000 102.0833
1570000.000000 5107400.000000 102.3239
1570000.000000 5107200.000000 102.3683
1570000.000000 5107000.000000 102.3637
1570000.000000 5106800.000000 102.3854
1570000.000000 5106600.000000 102.5022
1570000.000000 5106400.000000 102.7448
1570000.000000 5106200.000000 103.1015
1570200.000000 5109000.000000 102.5804
1570200.000000 5108800.000000 102.9129
1570200.000000 5108600.000000 103.2198
1570200.000000 5108400.000000 103.3986
1570200.000000 5108200.000000 103.4316
1570200.000000 5108000.000000 103.5561
1570200.000000 5107800.000000 103.7926
1570200.000000 5107600.000000 103.2440
1570200.000000 5107400.000000 102.9323
1570200.000000 5107200.000000 102.6124
1570200.000000 5107000.000000 102.4221
1570200.000000 5106800.000000 102.3199
1570200.000000 5106600.000000 102.3901
1570200.000000 5106400.000000 102.6578
1570200.000000 5106200.000000 103.0793
1570200.000000 5106000.000000 103.5920
1570400.000000 5109000.000000 102.7359
1570400.000000 5108800.000000 103.0102
1570400.000000 5108600.000000 103.2686
1570400.000000 5108400.000000 103.4698
1570400.000000 5108200.000000 103.6206
1570400.000000 5108000.000000 103.7814
1570400.000000 5107800.000000 103.8416
1570400.000000 5107600.000000 103.3807
1570400.000000 5107400.000000 103.0295
1570400.000000 5107200.000000 102.5343
1570400.000000 5107000.000000 102.3231
1570400.000000 5106800.000000 102.1208
1570400.000000 5106600.000000 102.1838
1570400.000000 5106400.000000 102.5360
1570400.000000 5106200.000000 103.0727
1570400.000000 5106000.000000 103.6888
1570400.000000 5105800.000000 104.3177
1570600.000000 5108800.000000 103.0346
1570600.000000 5108600.000000 103.2361
1570600.000000 5108400.000000 103.3941
1570600.000000 5108200.000000 103.4921
1570600.000000 5108000.000000 103.5012
1570600.000000 5107800.000000 103.2998
1570600.000000 5107600.000000 102.7148
1570600.000000 5107400.000000 102.0198
1570600.000000 5107200.000000 101.9702
1570600.000000 5107000.000000 102.0757
1570600.000000 5106800.000000 101.7334
1570600.000000 5106600.000000 101.8706
1570600.000000 5106400.000000 102.4157
1570600.000000 5106200.000000 103.1343
1570600.000000 5106000.000000 103.8767
1570600.000000 5105800.000000 104.5792
1570600.000000 5105600.000000 105.2260
1570800.000000 5108600.000000 103.1385
1570800.000000 5108400.000000 103.2218
1570800.000000 5108200.000000 103.2252
1570800.000000 5108000.000000 103.1070
1570800.000000 5107800.000000 102.8062
1570800.000000 5107600.000000 102.3208
1570800.000000 5107400.000000 101.9156
1570800.000000 5107200.000000 102.0255
1570800.000000 5107000.000000 101.9143
1570800.000000 5106800.000000 101.0919
1570800.000000 5106600.000000 101.5150
1570800.000000 5106400.000000 102.4173
1570800.000000 5106200.000000 103.3676
1570800.000000 5106000.000000 104.2230
1570800.000000 5105800.000000 104.9648
1570800.000000 5105600.000000 105.6144
1570800.000000 5105400.000000 106.1981
1571000.000000 5108400.000000 103.0337
1571000.000000 5108200.000000 102.9587
1571000.000000 5108000.000000 102.7656
1571000.000000 5107800.000000 102.4294
1571000.000000 5107600.000000 101.9717
1571000.000000 5107400.000000 101.4926
1571000.000000 5107200.000000 101.0139
1571000.000000 5107000.000000 100.1559
1571000.000000 5106800.000000 100.0270
1571000.000000 5106600.000000 101.4401
1571000.000000 5106400.000000 102.8068
1571000.000000 5106200.000000 103.9182
1571000.000000 5106000.000000 104.7914
1571000.000000 5105800.000000 105.4945
1571000.000000 5105600.000000 106.0925
1571000.000000 5105400.000000 106.6301
1571000.000000 5105200.000000 107.1330
1571200.000000 5108200.000000 102.7765
1571200.000000 5108000.000000 102.5600
1571200.000000 5107800.000000 102.2422
1571200.000000 5107600.000000 101.8534
1571200.000000 5107400.000000 101.4670
1571200.000000 5107200.000000 101.1720
1571200.000000 5107000.000000 101.1311
1571200.000000 5106800.000000 102.0304
1571200.000000 5106600.000000 102.8277
1571200.000000 5106400.000000 103.9191
1571200.000000 5106200.000000 104.8574
1571200.000000 5106000.000000 105.5731
1571200.000000 5105800.000000 106.1393
1571200.000000 5105600.000000 106.6310
1571200.000000 5105400.000000 107.0934
1571200.000000 5105200.000000 107.5467
1571400.000000 5108000.000000 102.5212
1571400.000000 5107800.000000 102.2622
1571400.000000 5107600.000000 101.9790
1571400.000000 5107400.000000 101.7436
1571400.000000 5107200.000000 101.6662
1571400.000000 5107000.000000 101.9211
1571400.000000 5106800.000000 102.7360
1571400.000000 5106600.000000 103.7481
1571400.000000 5106400.000000 105.0522
1571400.000000 5106200.000000 105.8893
1571400.000000 5106000.000000 106.4106
1571400.000000 5105800.000000 106.8044
1571400.000000 5105600.000000 107.1725
1571400.000000 5105400.000000 107.5538
1571400.000000 5105200.000000 107.9573
1571400.000000 5105000.000000 108.3762
1571600.000000 5107800.000000 102.4699
1571600.000000 5107600.000000 102.3020
1571600.000000 5107400.000000 102.2026
1571600.000000 5107200.000000 102.2486
1571600.000000 5107000.000000 102.5202
1571600.000000 5106800.000000 103.0500
1571600.000000 5106600.000000 103.8016
1571600.000000 5106400.000000 105.9587
1571600.000000 5106200.000000 106.7935
1571600.000000 5106000.000000 107.1431
1571600.000000 5105800.000000 107.3913
1571600.000000 5105600.000000 107.6635
1571600.000000 5105400.000000 107.9843
1571600.000000 5105200.000000 108.3533
1571600.000000 5105000.000000 108.7528
1571600.000000 5104800.000000 109.1595
1571800.000000 5107600.000000 102.7856
1571800.000000 5107400.000000 102.8174
1571800.000000 5107200.000000 102.9879
1571800.000000 5107000.000000 103.3545
1571800.000000 5106800.000000 103.9719
1571800.000000 5106600.000000 104.9458
1571800.000000 5106400.000000 106.5656
1571800.000000 5106200.000000 107.4654
1571800.000000 5106000.000000 107.6899
1571800.000000 5105800.000000 107.8629
1571800.000000 5105600.000000 108.0970
1571800.000000 5105400.000000 108.3882
1571800.000000 5105200.000000 108.7428
1571800.000000 5105000.000000 109.1359
1571800.000000 5104800.000000 109.5322
1571800.000000 5104600.000000 109.9105
1572000.000000 5107400.000000 103.5468
1572000.000000 5107200.000000 103.8445
1572000.000000 5107000.000000 104.3313
1572000.000000 5106800.000000 105.0603
1572000.000000 5106600.000000 106.0871
1572000.000000 5106400.000000 107.3809
1572000.000000 5106200.000000 108.2952
1572000.000000 5106000.000000 108.1811
1572000.000000 5105800.000000 108.3107
1572000.000000 5105600.000000 108.5467
1572000.000000 5105400.000000 108.8099
1572000.000000 5105200.000000 109.1583
1572000.000000 5105000.000000 109.5527
1572000.000000 5104800.000000 109.9342
1572000.000000 5104600.000000 110.2818
1572000.000000 5104400.000000 110.6022
1572200.000000 5107200.000000 104.7360
1572200.000000 5107000.000000 105.3092
1572200.000000 5106800.000000 106.0764
1572200.000000 5106600.000000 107.0251
1572200.000000 5106400.000000 108.0266
1572200.000000 5106200.000000 108.7044
1572200.000000 5106000.000000 108.7682
1572200.000000 5105800.000000 108.9258
1572200.000000 5105600.000000 109.1549
1572200.000000 5105400.000000 109.3130
1572200.000000 5105200.000000 109.6467
1572200.000000 5105000.000000 110.0434
1572200.000000 5104800.000000 110.3898
1572200.000000 5104600.000000 110.6770
1572200.000000 5104400.000000 110.9384
1572200.000000 5104200.000000 111.2012
1572400.000000 5107000.000000 106.2218
1572400.000000 5106800.000000 106.9835
1572400.000000 5106600.000000 107.8465
1572400.000000 5106400.000000 108.6959
1572400.000000 5106200.000000 109.3401
1572400.000000 5106000.000000 109.6927
1572400.000000 5105800.000000 110.0027
1572400.000000 5105600.000000 110.0626
1572400.000000 5105400.000000 109.9239
1572400.000000 5105200.000000 110.2567
1572400.000000 5105000.000000 110.6572
1572400.000000 5104800.000000 110.9170
1572400.000000 5104600.000000 111.0887
1572400.000000 5104400.000000 111.2594
1572400.000000 5104200.000000 111.4691
1572400.000000 5104000.000000 111.7191
1572600.000000 5106800.000000 107.7882
1572600.000000 5106600.000000 108.5889
1572600.000000 5106400.000000 109.3702
1572600.000000 5106200.000000 110.0350
1572600.000000 5106000.000000 110.5447
1572600.000000 5105800.000000 110.9449
1572600.000000 5105600.000000 111.0812
1572600.000000 5105400.000000 110.6170
1572600.000000 5105200.000000 111.0639
1572600.000000 5105000.000000 111.4473
1572600.000000 5104800.000000 111.5012
1572600.000000 5104600.000000 111.4733
1572600.000000 5104400.000000 111.5268
1572600.000000 5104200.000000 111.6894
1572600.000000 5104000.000000 111.9311
1572600.000000 5103800.000000 112.2152
1572800.000000 5106600.000000 109.2462
1572800.000000 5106400.000000 109.9857
1572800.000000 5106200.000000 110.6570
1572800.000000 5106000.000000 111.2318
1572800.000000 5105800.000000 111.7058
1572800.000000 5105600.000000 112.0255
1572800.000000 5105400.000000 112.1543
1572800.000000 5105200.000000 112.2208
1572800.000000 5105000.000000 112.4033
1572800.000000 5104800.000000 112.0253
1572800.000000 5104600.000000 111.7212
1572800.000000 5104400.000000 111.6791
1572800.000000 5104200.000000 111.8391
1572800.000000 5104000.000000 112.1078
1572800.000000 5103800.000000 112.4221
1572800.000000 5103600.000000 112.7459
1573000.000000 5106400.000000 110.4997
1573000.000000 5106200.000000 111.1450
1573000.000000 5106000.000000 111.7114
1573000.000000 5105800.000000 112.1731
1573000.000000 5105600.000000 112.4837
1573000.000000 5105400.000000 112.5952
1573000.000000 5105200.000000 112.5498
1573000.000000 5105000.000000 113.0869
1573000.000000 5104800.000000 112.1584
1573000.000000 5104600.000000 111.6643
1573000.000000 5104400.000000 111.6674
1573000.000000 5104200.000000 111.9222
1573000.000000 5104000.000000 112.2660
1573000.000000 5103800.000000 112.6311
1573000.000000 5103600.000000 112.9899
1573000.000000 5103400.000000 113.3248
1573200.000000 5106200.000000 111.4960
1573200.000000 5106000.000000 112.0147
1573200.000000 5105800.000000 112.4302
1573200.000000 5105600.000000 112.7148
1573200.000000 5105400.000000 112.8655
1573200.000000 5105200.000000 112.9576
1573200.000000 5105000.000000 113.0976
1573200.000000 5104800.000000 111.6068
1573200.000000 5104600.000000 111.2734
1573200.000000 5104400.000000 111.5659
1573200.000000 5104200.000000 112.0125
1573200.000000 5104000.000000 112.4505
1573200.000000 5103800.000000 112.8648
1573200.000000 5103600.000000 113.2581
1573200.000000 5103400.000000 113.6167
1573200.000000 5103200.000000 113.9247
1573400.000000 5106200.000000 111.7314
1573400.000000 5106000.000000 112.1822
1573400.000000 5105800.000000 112.5275
1573400.000000 5105600.000000 112.7417
1573400.000000 5105400.000000 112.8068
1573400.000000 5105200.000000 112.7033
1573400.000000 5105000.000000 112.3100
1573400.000000 5104800.000000 111.1892
1573400.000000 5104600.000000 111.0408
1573400.000000 5104400.000000 111.6594
1573400.000000 5104200.000000 112.2455
1573400.000000 5104000.000000 112.7082
1573400.000000 5103800.000000 113.1338
1573400.000000 5103600.000000 113.5542
1573400.000000 5103400.000000 113.9387
1573400.000000 5103200.000000 114.2542
1573400.000000 5103000.000000 114.4928
1573600.000000 5106000.000000 112.2615
1573600.000000 5105800.000000 112.5320
1573600.000000 5105600.000000 112.6687
1573600.000000 5105400.000000 112.6467
1573600.000000 5105200.000000 112.4372
1573600.000000 5105000.000000 111.9994
1573600.000000 5104800.000000 111.3857
1573600.000000 5104600.000000 111.3744
1573600.000000 5104400.000000 112.1027
1573600.000000 5104200.000000 112.6438
1573600.000000 5104000.000000 113.0045
1573600.000000 5103800.000000 113.4032
1573600.000000 5103600.000000 113.8645
1573600.000000 5103400.000000 114.2907
1573600.000000 5103200.000000 114.6134
1573600.000000 5103000.000000 114.8261
1573600.000000 5102800.000000 114.9591
1573800.000000 5105800.000000 112.5073
1573800.000000 5105600.000000 112.5907
1573800.000000 5105400.000000 112.5323
1573800.000000 5105200.000000 112.3279
1573800.000000 5105000.000000 112.0070
1573800.000000 5104800.000000 111.7071
1573800.000000 5104600.000000 111.7758
1573800.000000 5104400.000000 112.2774
1573800.000000 5104200.000000 112.9368
1573800.000000 5104000.000000 113.1821
1573800.000000 5103800.000000 113.5962
1573800.000000 5103600.000000 114.1737
1573800.000000 5103400.000000 114.6779
1573800.000000 5103200.000000 115.0034
1573800.000000 5103000.000000 115.1681
1573800.000000 5102800.000000 115.2358
1573800.000000 5102600.000000 115.2708
1574000.000000 5105600.000000 112.5540
1574000.000000 5105400.000000 112.5013
1574000.000000 5105200.000000 112.3514
1574000.000000 5105000.000000 112.1570
1574000.000000 5104800.000000 112.0332
1574000.000000 5104600.000000 112.1451
1574000.000000 5104400.000000 112.5217
1574000.000000 5104200.000000 112.9963
1574000.000000 5104000.000000 113.1663
1574000.000000 5103800.000000 113.6919
1574000.000000 5103600.000000 114.5131
1574000.000000 5103400.000000 115.1244
1574000.000000 5103200.000000 115.4217
1574000.000000 5103000.000000 115.4977
1574000.000000 5102800.000000 115.4716
1574000.000000 5102600.000000 115.4365
1574000.000000 5102400.000000 115.4446
1574200.000000 5105400.000000 112.5432
1574200.000000 5105200.000000 112.4563
1574200.000000 5105000.000000 112.3579
1574200.000000 5104800.000000 112.3265
1574200.000000 5104600.000000 112.4433
1574200.000000 5104400.000000 112.7170
1574200.000000 5104200.000000 113.0608
1574200.000000 5104000.000000 113.3578
1574200.000000 5103800.000000 113.8374
1574200.000000 5103600.000000 114.9794
1574200.000000 5103400.000000 115.6505
1574200.000000 5103200.000000 115.8370
1574200.000000 5103000.000000 115.7677
1574200.000000 5102800.000000 115.6216
1574200.000000 5102600.000000 115.5162
1574200.000000 5102400.000000 115.5025
1574400.000000 5105200.000000 112.6066
1574400.000000 5105000.000000 112.5756
1574400.000000 5104800.000000 112.5950
1574400.000000 5104600.000000 112.7073
1574400.000000 5104400.000000 112.9176
1574400.000000 5104200.000000 113.1956
1574400.000000 5104000.000000 113.5412
1574400.000000 5103800.000000 114.1564
1574400.000000 5103600.000000 115.5160
1574400.000000 5103400.000000 116.1486
1574400.000000 5103200.000000 116.1384
1574400.000000 5103000.000000 115.8954
1574400.000000 5102800.000000 115.6282
1574400.000000 5102600.000000 115.4758
1574400.000000 5102400.000000 115.4787
1574400.000000 5102200.000000 115.6077
1574600.000000 5105000.000000 112.8012
1574600.000000 5104800.000000 112.8557
1574600.000000 5104600.000000 112.9721
1574600.000000 5104400.000000 113.1576
1574600.000000 5104200.000000 113.4063
1574600.000000 5104000.000000 113.7298
1574600.000000 5103800.000000 114.2003
1574600.000000 5103600.000000 114.9367
1574600.000000 5103400.000000 116.2443
1574600.000000 5103200.000000 116.1491
1574600.000000 5103000.000000 115.8035
1574600.000000 5102800.000000 115.4493
1574600.000000 5102600.000000 115.3011
1574600.000000 5102400.000000 115.3828
1574600.000000 5102200.000000 115.6149
1574600.000000 5102000.000000 115.9076
1574800.000000 5104800.000000 113.1168
1574800.000000 5104600.000000 113.2505
1574800.000000 5104400.000000 113.4449
1574800.000000 5104200.000000 113.7124
1574800.000000 5104000.000000 114.0830
1574800.000000 5103800.000000 114.6241
1574800.000000 5103600.000000 115.4276
1574800.000000 5103400.000000 116.4408
1574800.000000 5103200.000000 115.9744
1574800.000000 5103000.000000 115.5580
1574800.000000 5102800.000000 115.1067
1574800.000000 5102600.000000 115.0232
1574800.000000 5102400.000000 115.2647
1574800.000000 5102200.000000 115.6578
1574800.000000 5102000.000000 116.0662
1574800.000000 5101800.000000 116.4194
1575000.000000 5104600.000000 113.5295
1575000.000000 5104400.000000 113.7428
1575000.000000 5104200.000000 114.0313
1575000.000000 5104000.000000 114.4218
1575000.000000 5103800.000000 114.9457
1575000.000000 5103600.000000 115.5949
1575000.000000 5103400.000000 116.1704
1575000.000000 5103200.000000 115.9936
1575000.000000 5103000.000000 115.3351
1575000.000000 5102800.000000 114.6710
1575000.000000 5102600.000000 114.7354
1575000.000000 5102400.000000 115.2296
1575000.000000 5102200.000000 115.8256
1575000.000000 5102000.000000 116.3498
1575000.000000 5101800.000000 116.7393
1575000.000000 5101600.000000 117.0061
1575200.000000 5104400.000000 114.0142
1575200.000000 5104200.000000 114.3024
1575200.000000 5104000.000000 114.6649
1575200.000000 5103800.000000 115.0945
1575200.000000 5103600.000000 115.5257
1575200.000000 5103400.000000 115.7635
1575200.000000 5103200.000000 115.4775
1575200.000000 5103000.000000 114.7130
1575200.000000 5102800.000000 114.2604
1575200.000000 5102600.000000 114.6420
1575200.000000 5102400.000000 115.4465
1575200.000000 5102200.000000 116.2252
1575200.000000 5102000.000000 116.8171
1575200.000000 5101800.000000 117.1812
1575200.000000 5101600.000000 117.3775
1575200.000000 5101400.000000 117.4899
1575400.000000 5104200.000000 114.5148
1575400.000000 5104000.000000 114.8297
1575400.000000 5103800.000000 115.1653
1575400.000000 5103600.000000 115.4587
1575400.000000 5103400.000000 115.5994
1575400.000000 5103200.000000 115.4999
1575400.000000 5103000.000000 115.3322
1575400.000000 5102800.000000 115.5368
1575400.000000 5102600.000000 115.1992
1575400.000000 5102400.000000 116.0857
1575400.000000 5102200.000000 116.9084
1575400.000000 5102000.000000 117.4786
1575400.000000 5101800.000000 117.7252
1575400.000000 5101600.000000 117.7797
1575400.000000 5101400.000000 117.7804
1575400.000000 5101200.000000 117.7999
1575600.000000 5104000.000000 114.9529
1575600.000000 5103800.000000 115.2227
1575600.000000 5103600.000000 115.4473
1575600.000000 5103400.000000 115.5721
1575600.000000 5103200.000000 115.5748
1575600.000000 5103000.000000 115.5267
1575600.000000 5102800.000000 115.4967
1575600.000000 5102600.000000 115.2852
1575600.000000 5102400.000000 116.8506
1575600.000000 5102200.000000 117.7080
1575600.000000 5102000.000000 118.2489
1575600.000000 5101800.000000 118.2864
1575600.000000 5101600.000000 118.1332
1575600.000000 5101400.000000 118.0073
1575600.000000 5101200.000000 117.9710
1575600.000000 5101000.000000 118.0135
1575800.000000 5103800.000000 115.2965
1575800.000000 5103600.000000 115.4986
1575800.000000 5103400.000000 115.6447
1575800.000000 5103200.000000 115.7349
1575800.000000 5103000.000000 115.8135
1575800.000000 5102800.000000 115.9537
1575800.000000 5102600.000000 116.3083
1575800.000000 5102400.000000 117.5573
1575800.000000 5102200.000000 118.3364
1575800.000000 5102000.000000 119.0078
1575800.000000 5101800.000000 118.7217
1575800.000000 5101600.000000 118.3218
1575800.000000 5101400.000000 118.1077
1575800.000000 5101200.000000 118.0703
1575800.000000 5101000.000000 118.1379
1575800.000000 5100800.000000 118.2573
1576000.000000 5103600.000000 115.6035
1576000.000000 5103400.000000 115.7913
1576000.000000 5103200.000000 115.9707
1576000.000000 5103000.000000 116.1815
1576000.000000 5102800.000000 116.4926
1576000.000000 5102600.000000 117.0136
1576000.000000 5102400.000000 117.8636
1576000.000000 5102200.000000 118.5397
1576000.000000 5102000.000000 119.6843
1576000.000000 5101800.000000 118.8307
1576000.000000 5101600.000000 118.2314
1576000.000000 5101400.000000 118.0593
1576000.000000 5101200.000000 118.1167
1576000.000000 5101000.000000 118.2585
1576000.000000 5100800.000000 118.4218
1576000.000000 5100600.000000 118.5876
1576200.000000 5103400.000000 115.9774
1576200.000000 5103200.000000 116.2348
1576200.000000 5103000.000000 116.5494
1576200.000000 5102800.000000 116.9713
1576200.000000 5102600.000000 117.5549
1576200.000000 5102400.000000 118.3076
1576200.000000 5102200.000000 119.0518
1576200.000000 5102000.000000 119.6876
1576200.000000 5101800.000000 118.3746
1576200.000000 5101600.000000 117.8909
1576200.000000 5101400.000000 117.9695
1576200.000000 5101200.000000 118.2041
1576200.000000 5101000.000000 118.4348
1576200.000000 5100800.000000 118.6338
1576200.000000 5100600.000000 118.8115
1576200.000000 5100400.000000 118.9809
1576400.000000 5103200.000000 116.4822
1576400.000000 5103000.000000 116.8576
1576400.000000 5102800.000000 117.3242
1576400.000000 5102600.000000 117.8971
1576400.000000 5102400.000000 118.5425
1576400.000000 5102200.000000 119.1262
1576400.000000 5102000.000000 119.4103
1576400.000000 5101800.000000 118.7814
1576400.000000 5101600.000000 117.9117
1576400.000000 5101400.000000 118.1465
1576400.000000 5101200.000000 118.4799
1576400.000000 5101000.000000 118.7264
1576400.000000 5100800.000000 118.9118
1576400.000000 5100600.000000 119.0753
1576400.000000 5100400.000000 119.2367
1576400.000000 5100200.000000 119.4027
1576600.000000 5103200.000000 116.6888
1576600.000000 5103000.000000 117.0849
1576600.000000 5102800.000000 117.5461
1576600.000000 5102600.000000 118.0618
1576600.000000 5102400.000000 118.5803
1576600.000000 5102200.000000 118.9848
1576600.000000 5102000.000000 119.0958
1576600.000000 5101800.000000 118.7211
1576600.000000 5101600.000000 118.2297
1576600.000000 5101400.000000 118.6204
1576600.000000 5101200.000000 118.9473
1576600.000000 5101000.000000 119.1061
1576600.000000 5100800.000000 119.2241
1576600.000000 5100600.000000 119.3545
1576600.000000 5100400.000000 119.5055
1576600.000000 5100200.000000 119.6724
1576600.000000 5100000.000000 119.8475
1576800.000000 5103000.000000 117.2401
1576800.000000 5102800.000000 117.6695
1576800.000000 5102600.000000 118.1171
1576800.000000 5102400.000000 118.5323
1576800.000000 5102200.000000 118.8315
1576800.000000 5102000.000000 118.9188
1576800.000000 5101800.000000 118.7631
1576800.000000 5101600.000000 118.5906
1576800.000000 5101400.000000 118.8109
1576800.000000 5101200.000000 119.3944
1576800.000000 5101000.000000 119.4331
1576800.000000 5100800.000000 119.4865
1576800.000000 5100600.000000 119.6041
1576800.000000 5100400.000000 119.7634
1576800.000000 5100200.000000 119.9462
1576800.000000 5100000.000000 120.1371
1576800.000000 5099800.000000 120.3232
1577000.000000 5102800.000000 117.7350
1577000.000000 5102600.000000 118.1235
1577000.000000 5102400.000000 118.4715
1577000.000000 5102200.000000 118.7295
1577000.000000 5102000.000000 118.8615
1577000.000000 5101800.000000 118.8968
1577000.000000 5101600.000000 118.9948
1577000.000000 5101400.000000 119.3732
1577000.000000 5101200.000000 119.9688
1577000.000000 5101000.000000 119.5698
1577000.000000 5100800.000000 119.6244
1577000.000000 5100600.000000 119.7920
1577000.000000 5100400.000000 119.9940
1577000.000000 5100200.000000 120.2155
1577000.000000 5100000.000000 120.4382
1577000.000000 5099800.000000 120.6443
1577000.000000 5099600.000000 120.8249
1577200.000000 5102600.000000 118.1175
1577200.000000 5102400.000000 118.4243
1577200.000000 5102200.000000 118.6683
1577200.000000 5102000.000000 118.8398
1577200.000000 5101800.000000 118.9684
1577200.000000 5101600.000000 119.1281
1577200.000000 5101400.000000 119.3604
1577200.000000 5101200.000000 119.4954
1577200.000000 5101000.000000 119.1218
1577200.000000 5100800.000000 119.6397
1577200.000000 5100600.000000 119.9376
1577200.000000 5100400.000000 120.1998
1577200.000000 5100200.000000 120.4789
1577200.000000 5100000.000000 120.7503
1577200.000000 5099800.000000 120.9858
1577200.000000 5099600.000000 121.1766
1577200.000000 5099400.000000 121.3250
1577400.000000 5102400.000000 118.3980
1577400.000000 5102200.000000 118.6342
1577400.000000 5102000.000000 118.8247
1577400.000000 5101800.000000 118.9865
1577400.000000 5101600.000000 119.1477
1577400.000000 5101400.000000 119.3109
1577400.000000 5101200.000000 119.4195
1577400.000000 5101000.000000 119.4859
1577400.000000 5100800.000000 120.0357
1577400.000000 5100600.000000 120.1207
1577400.000000 5100400.000000 120.3818
1577400.000000 5100200.000000 120.7361
1577400.000000 5100000.000000 121.0759
1577400.000000 5099800.000000 121.3475
1577400.000000 5099600.000000 121.5486
1577400.000000 5099400.000000 121.6894
1577600.000000 5102200.000000 118.6247
1577600.000000 5102000.000000 118.8206
1577600.000000 5101800.000000 118.9914
1577600.000000 5101600.000000 119.1476
1577600.000000 5101400.000000 119.2904
1577600.000000 5101200.000000 119.4141
1577600.000000 5101000.000000 119.5601
1577600.000000 5100800.000000 119.8436
1577600.000000 5100600.000000 119.9881
1577600.000000 5100400.000000 120.4595
1577600.000000 5100200.000000 120.9834
1577600.000000 5100000.000000 121.4222
1577600.000000 5099800.000000 121.7267
1577600.000000 5099600.000000 121.9327
1577600.000000 5099400.000000 122.0622
1577600.000000 5099200.000000 122.1307
1577800.000000 5102000.000000 118.8398
1577800.000000 5101800.000000 119.0134
1577800.000000 5101600.000000 119.1691
1577800.000000 5101400.000000 119.3100
1577800.000000 5101200.000000 119.4427
1577800.000000 5101000.000000 119.5920
1577800.000000 5100800.000000 119.7936
1577800.000000 5100600.000000 120.0324
1577800.000000 5100400.000000 120.6108
1577800.000000 5100200.000000 121.2883
1577800.000000 5100000.000000 121.8113
1577800.000000 5099800.000000 122.1100
1577800.000000 5099600.000000 122.3107
1577800.000000 5099400.000000 122.4291
1577800.000000 5099200.000000 122.4691
1577800.000000 5099000.000000 122.4593
1578000.000000 5101800.000000 119.0696
1578000.000000 5101600.000000 119.2320
1578000.000000 5101400.000000 119.3836
1578000.000000 5101200.000000 119.5338
1578000.000000 5101000.000000 119.7009
1578000.000000 5100800.000000 119.9107
1578000.000000 5100600.000000 120.1984
1578000.000000 5100400.000000 120.7015
1578000.000000 5100200.000000 121.6281
1578000.000000 5100000.000000 122.2259
1578000.000000 5099800.000000 122.4381
1578000.000000 5099600.000000 122.6480
1578000.000000 5099400.000000 122.7731
1578000.000000 5099200.000000 122.7817
1578000.000000 5099000.000000 122.7254
1578000.000000 5098800.000000 122.6645
1578200.000000 5101600.000000 119.3419
1578200.000000 5101400.000000 119.5142
1578200.000000 5101200.000000 119.6948
1578200.000000 5101000.000000 119.9040
1578200.000000 5100800.000000 120.1745
1578200.000000 5100600.000000 120.5608
1578200.000000 5100400.000000 121.1567
1578200.000000 5100200.000000 122.0062
1578200.000000 5100000.000000 122.5944
1578200.000000 5099800.000000 122.5714
1578200.000000 5099600.000000 122.9134
1578200.000000 5099400.000000 123.0914
1578200.000000 5099200.000000 123.0520
1578200.000000 5099000.000000 122.9316
1578200.000000 5098800.000000 122.8360
1578200.000000 5098600.000000 122.7988
1578400.000000 5101400.000000 119.6899
1578400.000000 5101200.000000 119.9032
1578400.000000 5101000.000000 120.1529
1578400.000000 5100800.000000 120.4681
1578400.000000 5100600.000000 120.8873
1578400.000000 5100400.000000 121.4436
1578400.000000 5100200.000000 122.0906
1578400.000000 5100000.000000 122.5348
1578400.000000 5099800.000000 122.2906
1578400.000000 5099600.000000 123.1779
1578400.000000 5099400.000000 123.4217
1578400.000000 5099200.000000 123.2552
1578400.000000 5099000.000000 123.0368
1578400.000000 5098800.000000 122.9230
1578400.000000 5098600.000000 122.9163
1578400.000000 5098400.000000 122.9723
1578600.000000 5101200.000000 120.1323
1578600.000000 5101000.000000 120.4069
1578600.000000 5100800.000000 120.7348
1578600.000000 5100600.000000 121.1286
1578600.000000 5100400.000000 121.5731
1578600.000000 5100200.000000 121.9778
1578600.000000 5100000.000000 122.1479
1578600.000000 5099800.000000 122.0842
1578600.000000 5099600.000000 123.8358
1578600.000000 5099400.000000 123.7952
1578600.000000 5099200.000000 123.3042
1578600.000000 5099000.000000 122.9686
1578600.000000 5098800.000000 122.9002
1578600.000000 5098600.000000 122.9901
1578600.000000 5098400.000000 123.1330
1578600.000000 5098200.000000 123.2662
1578800.000000 5101000.000000 120.6505
1578800.000000 5100800.000000 120.9758
1578800.000000 5100600.000000 121.3433
1578800.000000 5100400.000000 121.7397
1578800.000000 5100200.000000 122.1355
1578800.000000 5100000.000000 122.5390
1578800.000000 5099800.000000 123.1899
1578800.000000 5099600.000000 124.6127
1578800.000000 5099400.000000 123.8115
1578800.000000 5099200.000000 122.9566
1578800.000000 5099000.000000 122.6420
1578800.000000 5098800.000000 122.7823
1578800.000000 5098600.000000 123.0642
1578800.000000 5098400.000000 123.3363
1578800.000000 5098200.000000 123.5355
1578800.000000 5098000.000000 123.6515
1579000.000000 5100800.000000 121.1929
1579000.000000 5100600.000000 121.5366
1579000.000000 5100400.000000 121.9031
1579000.000000 5100200.000000 122.2882
1579000.000000 5100000.000000 122.7120
1579000.000000 5099800.000000 123.2263
1579000.000000 5099600.000000 123.6834
1579000.000000 5099400.000000 122.9329
1579000.000000 5099200.000000 122.1079
1579000.000000 5099000.000000 122.1414
1579000.000000 5098800.000000 122.7151
1579000.000000 5098600.000000 123.2442
1579000.000000 5098400.000000 123.6473
1579000.000000 5098200.000000 123.8930
1579000.000000 5098000.000000 123.9998
1579000.000000 5097800.000000 124.0132
1579200.000000 5100600.000000 121.7004
1579200.000000 5100400.000000 122.0258
1579200.000000 5100200.000000 122.3519
1579200.000000 5100000.000000 122.6628
1579200.000000 5099800.000000 122.9035
1579200.000000 5099600.000000 122.8736
1579200.000000 5099400.000000 122.2050
1579200.000000 5099200.000000 121.4665
1579200.000000 5099000.000000 121.9826
1579200.000000 5098800.000000 123.0209
1579200.000000 5098600.000000 123.6532
1579200.000000 5098400.000000 124.1187
1579200.000000 5098200.000000 124.3572
1579200.000000 5098000.000000 124.4077
1579200.000000 5097800.000000 124.3462
1579200.000000 5097600.000000 124.2476
1579400.000000 5100400.000000 122.1214
1579400.000000 5100200.000000 122.3821
1579400.000000 5100000.000000 122.5946
1579400.000000 5099800.000000 122.7031
1579400.000000 5099600.000000 122.6199
1579400.000000 5099400.000000 122.3348
1579400.000000 5099200.000000 122.2963
1579400.000000 5099000.000000 123.1546
1579400.000000 5098800.000000 123.8683
1579400.000000 5098600.000000 124.2121
1579400.000000 5098400.000000 124.7224
1579400.000000 5098200.000000 124.9034
1579400.000000 5098000.000000 124.8441
1579400.000000 5097800.000000 124.6678
1579400.000000 5097600.000000 124.4802
1579400.000000 5097400.000000 124.3456
1579600.000000 5100200.000000 122.4340
1579600.000000 5100000.000000 122.6017
1579600.000000 5099800.000000 122.6913
1579600.000000 5099600.000000 122.6871
1579600.000000 5099400.000000 122.6498
1579600.000000 5099200.000000 122.7879
1579600.000000 5099000.000000 123.2165
1579600.000000 5098800.000000 123.4639
1579600.000000 5098600.000000 124.3919
1579600.000000 5098400.000000 125.3966
1579600.000000 5098200.000000 125.4752
1579600.000000 5098000.000000 125.2503
1579600.000000 5097800.000000 124.9212
1579600.000000 5097600.000000 124.6352
1579600.000000 5097400.000000 124.4625
1579600.000000 5097200.000000 124.4054
1579800.000000 5100200.000000 122.5277
1579800.000000 5100000.000000 122.6932
1579800.000000 5099800.000000 122.8183
1579800.000000 5099600.000000 122.9177
1579800.000000 5099400.000000 123.0507
1579800.000000 5099200.000000 123.3219
1579800.000000 5099000.000000 123.7853
1579800.000000 5098800.000000 124.4040
1579800.000000 5098600.000000 125.5403
1579800.000000 5098400.000000 126.4827
1579800.000000 5098200.000000 126.0020
1579800.000000 5098000.000000 125.5485
1579800.000000 5097800.000000 125.0316
1579800.000000 5097600.000000 124.6575
1579800.000000 5097400.000000 124.4895
1579800.000000 5097200.000000 124.4791
1579800.000000 5097000.000000 124.5652
1580000.000000 5100000.000000 122.8427
1580000.000000 5099800.000000 123.0186
1580000.000000 5099600.000000 123.2099
1580000.000000 5099400.000000 123.4651
1580000.000000 5099200.000000 123.8477
1580000.000000 5099000.000000 124.4000
1580000.000000 5098800.000000 125.1283
1580000.000000 5098600.000000 126.0155
1580000.000000 5098400.000000 126.4978
1580000.000000 5098200.000000 126.0484
1580000.000000 5098000.000000 125.6550
1580000.000000 5097800.000000 124.9100
1580000.000000 5097600.000000 124.4922
1580000.000000 5097400.000000 124.4186
1580000.000000 5097200.000000 124.5237
1580000.000000 5097000.000000 124.6986
1580000.000000 5096800.000000 124.9013
1580200.000000 5099800.000000 123.2363
1580200.000000 5099600.000000 123.4910
1580200.000000 5099400.000000 123.8170
1580200.000000 5099200.000000 124.2547
1580200.000000 5099000.000000 124.8304
1580200.000000 5098800.000000 125.5429
1580200.000000 5098600.000000 126.3387
1580200.000000 5098400.000000 127.0076
1580200.000000 5098200.000000 127.3232
1580200.000000 5098000.000000 125.8472
1580200.000000 5097800.000000 124.4395
1580200.000000 5097600.000000 124.1045
1580200.000000 5097400.000000 124.2938
1580200.000000 5097200.000000 124.5942
1580200.000000 5097000.000000 124.8781
1580200.000000 5096800.000000 125.1389
1580200.000000 5096600.000000 125.3914
1580400.000000 5099600.000000 123.7182
1580400.000000 5099400.000000 124.0627
1580400.000000 5099200.000000 124.4862
1580400.000000 5099000.000000 124.9891
1580400.000000 5098800.000000 125.5345
1580400.000000 5098600.000000 126.0157
1580400.000000 5098400.000000 126.1961
1580400.000000 5098200.000000 125.6814
1580400.000000 5098000.000000 123.9004
1580400.000000 5097800.000000 123.0409
1580400.000000 5097600.000000 123.5579
1580400.000000 5097400.000000 124.2783
1580400.000000 5097200.000000 124.7955
1580400.000000 5097000.000000 125.1498
1580400.000000 5096800.000000 125.4386
1580400.000000 5096600.000000 125.7079
1580400.000000 5096400.000000 125.9770
1580600.000000 5099400.000000 124.2043
1580600.000000 5099200.000000 124.5678
1580600.000000 5099000.000000 124.9496
1580600.000000 5098800.000000 125.2903
1580600.000000 5098600.000000 125.4713
1580600.000000 5098400.000000 125.3005
1580600.000000 5098200.000000 124.5590
1580600.000000 5098000.000000 123.2562
1580600.000000 5097800.000000 122.5720
1580600.000000 5097600.000000 123.7814
1580600.000000 5097400.000000 124.7425
1580600.000000 5097200.000000 125.2301
1580600.000000 5097000.000000 125.5198
1580600.000000 5096800.000000 125.7892
1580600.000000 5096600.000000 126.0602
1580600.000000 5096400.000000 126.3387
1580800.000000 5099200.000000 124.5653
1580800.000000 5099000.000000 124.8333
1580800.000000 5098800.000000 125.0215
1580800.000000 5098600.000000 125.0431
1580800.000000 5098400.000000 124.8019
1580800.000000 5098200.000000 124.2740
1580800.000000 5098000.000000 123.7028
1580800.000000 5097800.000000 123.8399
1580800.000000 5097600.000000 125.2002
1580800.000000 5097400.000000 125.5205
1580800.000000 5097200.000000 125.7196
1580800.000000 5097000.000000 125.8693
1580800.000000 5096800.000000 126.1394
1580800.000000 5096600.000000 126.4249
1580800.000000 5096400.000000 126.7214
1580800.000000 5096200.000000 127.0240
1581000.000000 5099000.000000 124.7296
1581000.000000 5098800.000000 124.8359
1581000.000000 5098600.000000 124.8130
1581000.000000 5098400.000000 124.6339
1581000.000000 5098200.000000 124.3477
1581000.000000 5098000.000000 124.1480
1581000.000000 5097800.000000 124.3314
1581000.000000 5097600.000000 124.8251
1581000.000000 5097400.000000 124.7004
1581000.000000 5097200.000000 125.8159
1581000.000000 5097000.000000 126.0437
1581000.000000 5096800.000000 126.4680
1581000.000000 5096600.000000 126.7907
1581000.000000 5096400.000000 127.1187
1581000.000000 5096200.000000 127.4499
1581000.000000 5096000.000000 127.7598
1581200.000000 5098800.000000 124.7606
1581200.000000 5098600.000000 124.7546
1581200.000000 5098400.000000 124.6709
1581200.000000 5098200.000000 124.5679
1581200.000000 5098000.000000 124.5671
1581200.000000 5097800.000000 124.7952
1581200.000000 5097600.000000 125.2288
1581200.000000 5097400.000000 125.7558
1581200.000000 5097200.000000 126.9463
1581200.000000 5097000.000000 126.2917
1581200.000000 5096800.000000 126.9126
1581200.000000 5096600.000000 127.1644
1581200.000000 5096400.000000 127.5306
1581200.000000 5096200.000000 127.9095
1581200.000000 5096000.000000 128.2280
1581200.000000 5095800.000000 128.5010
1581400.000000 5098600.000000 124.8205
1581400.000000 5098400.000000 124.8258
1581400.000000 5098200.000000 124.8487
1581400.000000 5098000.000000 124.9607
1581400.000000 5097800.000000 125.2199
1581400.000000 5097600.000000 125.6166
1581400.000000 5097400.000000 126.0892
1581400.000000 5097200.000000 126.5598
1581400.000000 5097000.000000 126.2379
1581400.000000 5096800.000000 127.5072
1581400.000000 5096600.000000 127.4324
1581400.000000 5096400.000000 127.9522
1581400.000000 5096200.000000 128.4242
1581400.000000 5096000.000000 128.7327
1581400.000000 5095800.000000 128.9598
1581400.000000 5095600.000000 129.1931
1581600.000000 5098400.000000 125.0480
1581600.000000 5098200.000000 125.1557
1581600.000000 5098000.000000 125.3343
1581600.000000 5097800.000000 125.6096
1581600.000000 5097600.000000 125.9688
1581600.000000 5097400.000000 126.3600
1581600.000000 5097200.000000 126.6979
1581600.000000 5097000.000000 126.8707
1581600.000000 5096800.000000 127.5723
1581600.000000 5096600.000000 127.3229
1581600.000000 5096400.000000 128.4904
1581600.000000 5096200.000000 129.0540
1581600.000000 5096000.000000 129.2684
1581600.000000 5095800.000000 129.3987
1581600.000000 5095600.000000 129.5779
1581600.000000 5095400.000000 129.8674
1581800.000000 5098200.000000 125.4769
1581800.000000 5098000.000000 125.6995
1581800.000000 5097800.000000 125.9895
1581800.000000 5097600.000000 126.3365
1581800.000000 5097400.000000 126.7105
1581800.000000 5097200.000000 127.0788
1581800.000000 5097000.000000 127.4542
1581800.000000 5096800.000000 128.0168
1581800.000000 5096600.000000 128.4614
1581800.000000 5096400.000000 129.7165
1581800.000000 5096200.000000 129.8254
1581800.000000 5096000.000000 129.7564
1581800.000000 5095800.000000 129.7529
1581800.000000 5095600.000000 129.8847
1581800.000000 5095400.000000 130.1987
1581800.000000 5095200.000000 130.6777
1582000.000000 5098000.000000 126.0633
1582000.000000 5097800.000000 126.3710
1582000.000000 5097600.000000 126.7250
1582000.000000 5097400.000000 127.1122
1582000.000000 5097200.000000 127.5255
1582000.000000 5097000.000000 127.9850
1582000.000000 5096800.000000 128.5425
1582000.000000 5096600.000000 129.1393
1582000.000000 5096400.000000 129.8987
1582000.000000 5096200.000000 130.0412
1582000.000000 5096000.000000 129.9456
1582000.000000 5095800.000000 129.9404
1582000.000000 5095600.000000 130.0823
1582000.000000 5095400.000000 130.4765
1582000.000000 5095200.000000 131.0837
1582000.000000 5095000.000000 131.7926
1582200.000000 5097800.000000 126.7526
1582200.000000 5097600.000000 127.1198
1582200.000000 5097400.000000 127.5226
1582200.000000 5097200.000000 127.9598
1582200.000000 5097000.000000 128.4394
1582200.000000 5096800.000000 128.9688
1582200.000000 5096600.000000 129.5125
1582200.000000 5096400.000000 130.0173
1582200.000000 5096200.000000 130.1906
1582200.000000 5096000.000000 130.0081
1582200.000000 5095800.000000 130.0519
1582200.000000 5095600.000000 130.2053
1582200.000000 5095400.000000 130.7376
1582200.000000 5095200.000000 131.5408
1582200.000000 5095000.000000 132.4066
1582200.000000 5094800.000000 133.2190
1582400.000000 5097600.000000 127.5072
1582400.000000 5097400.000000 127.9181
1582400.000000 5097200.000000 128.3577
1582400.000000 5097000.000000 128.8221
1582400.000000 5096800.000000 129.2982
1582400.000000 5096600.000000 129.7463
1582400.000000 5096400.000000 130.0968
1582400.000000 5096200.000000 130.2284
1582400.000000 5096000.000000 130.1645
1582400.000000 5095800.000000 130.2276
1582400.000000 5095600.000000 130.3196
1582400.000000 5095400.000000 131.0704
1582400.000000 5095200.000000 132.1440
1582400.000000 5095000.000000 133.1643
1582400.000000 5094800.000000 134.0199
1582400.000000 5094600.000000 134.7447
1582600.000000 5097400.000000 128.2929
1582600.000000 5097200.000000 128.7227
1582600.000000 5097000.000000 129.1599
1582600.000000 5096800.000000 129.5844
1582600.000000 5096600.000000 129.9606
1582600.000000 5096400.000000 130.2380
1582600.000000 5096200.000000 130.3625
1582600.000000 5096000.000000 130.3451
1582600.000000 5095800.000000 130.3087
1582600.000000 5095600.000000 130.5611
1582600.000000 5095400.000000 131.6739
1582600.000000 5095200.000000 133.0483
1582600.000000 5095000.000000 134.1194
1582600.000000 5094800.000000 134.8946
1582600.000000 5094600.000000 135.5231
1582600.000000 5094400.000000 136.1162
1582800.000000 5097200.000000 129.0668
1582800.000000 5097000.000000 129.4785
1582800.000000 5096800.000000 129.8671
1582800.000000 5096600.000000 130.2106
1582800.000000 5096400.000000 130.4911
1582800.000000 5096200.000000 130.7146
1582800.000000 5096000.000000 130.9531
1582800.000000 5095800.000000 131.3744
1582800.000000 5095600.000000 132.1884
1582800.000000 5095400.000000 133.0137
1582800.000000 5095200.000000 134.4092
1582800.000000 5095000.000000 135.2169
1582800.000000 5094800.000000 135.7109
1582800.000000 5094600.000000 136.1596
1582800.000000 5094400.000000 136.6721
1582800.000000 5094200.000000 137.2661
1583000.000000 5097200.000000 129.3992
1583000.000000 5097000.000000 129.7900
1583000.000000 5096800.000000 130.1538
1583000.000000 5096600.000000 130.4818
1583000.000000 5096400.000000 130.7801
1583000.000000 5096200.000000 131.0896
1583000.000000 5096000.000000 131.5105
1583000.000000 5095800.000000 132.2097
1583000.000000 5095600.000000 133.3462
1583000.000000 5095400.000000 134.7818
1583000.000000 5095200.000000 135.8779
1583000.000000 5095000.000000 136.0296
1583000.000000 5094800.000000 136.1354
1583000.000000 5094600.000000 136.4430
1583000.000000 5094400.000000 136.9465
1583000.000000 5094200.000000 137.5883
1583000.000000 5094000.000000 138.3059
1583200.000000 5097000.000000 130.0966
1583200.000000 5096800.000000 130.4362
1583200.000000 5096600.000000 130.7399
1583200.000000 5096400.000000 131.0200
1583200.000000 5096200.000000 131.3171
1583200.000000 5096000.000000 131.7098
1583200.000000 5095800.000000 132.3087
1583200.000000 5095600.000000 133.2154
1583200.000000 5095400.000000 134.4430
1583200.000000 5095200.000000 135.8162
1583200.000000 5095000.000000 135.5624
1583200.000000 5094800.000000 135.6977
1583200.000000 5094600.000000 136.1827
1583200.000000 5094400.000000 136.8710
1583200.000000 5094200.000000 137.6705
1583200.000000 5094000.000000 138.5224
1583400.000000 5096800.000000 130.7098
1583400.000000 5096600.000000 130.9727
1583400.000000 5096400.000000 131.1922
1583400.000000 5096200.000000 131.3876
1583400.000000 5096000.000000 131.5886
1583400.000000 5095800.000000 131.8115
1583400.000000 5095600.000000 132.0088
1583400.000000 5095400.000000 132.0155
1583400.000000 5095200.000000 131.7336
1583400.000000 5095000.000000 133.1339
1583400.000000 5094800.000000 134.3764
1583400.000000 5094600.000000 135.4853
1583400.000000 5094400.000000 136.5452
1583400.000000 5094200.000000 137.5862
1583400.000000 5094000.000000 138.6168
1583600.000000 5096600.000000 131.1941
1583600.000000 5096400.000000 131.3381
1583600.000000 5096200.000000 131.4130
1583600.000000 5096000.000000 131.4218
1583600.000000 5095800.000000 131.3573
1583600.000000 5095600.000000 131.1966
1583600.000000 5095400.000000 130.9529
1583600.000000 5095200.000000 130.9173
1583600.000000 5095000.000000 132.0806
1583600.000000 5094800.000000 133.5179
1583600.000000 5094600.000000 134.9217
1583600.000000 5094400.000000 136.2404
1583600.000000 5094200.000000 137.4834
1583600.000000 5094000.000000 138.6765
1583800.000000 5096400.000000 131.5046
1583800.000000 5096200.000000 131.4886
1583800.000000 5096000.000000 131.3785
1583800.000000 5095800.000000 131.1855
1583800.000000 5095600.000000 130.9465
1583800.000000 5095400.000000 130.7781
1583800.000000 5095200.000000 130.9671
1583800.000000 5095000.000000 131.9100
1583800.000000 5094800.000000 133.2455
1583800.000000 5094600.000000 134.6887
1583800.000000 5094400.000000 136.1095
1583800.000000 5094200.000000 137.4672
1583800.000000 5094000.000000 138.7712
1584000.000000 5096200.000000 131.6459
1584000.000000 5096000.000000 131.4871
1584000.000000 5095800.000000 131.2699
1584000.000000 5095600.000000 131.0674
1584000.000000 5095400.000000 131.0163
1584000.000000 5095200.000000 131.3211
1584000.000000 5095000.000000 132.1487
1584000.000000 5094800.000000 133.3534
1584000.000000 5094600.000000 134.7378
1584000.000000 5094400.000000 136.1643
1584000.000000 5094200.000000 137.5641
1584000.000000 5094000.000000 138.9255
1584200.000000 5096000.000000 131.7021
1584200.000000 5095800.000000 131.5063
1584200.000000 5095600.000000 131.3654
1584200.000000 5095400.000000 131.4049
1584200.000000 5095200.000000 131.7670
1584200.000000 5095000.000000 132.5355
1584200.000000 5094800.000000 133.6413
1584200.000000 5094600.000000 134.9510
1584200.000000 5094400.000000 136.3440
1584200.000000 5094200.000000 137.7441
1584200.000000 5094000.000000 139.1256
1584400.000000 5095800.000000 131.7982
1584400.000000 5095600.000000 131.7133
1584400.000000 5095400.000000 131.8153
1584400.000000 5095200.000000 132.2078
1584400.000000 5095000.000000 132.9419
1584400.000000 5094800.000000 133.9782
1584400.000000 5094600.000000 135.2222
1584400.000000 5094400.000000 136.5738
1584400.000000 5094200.000000 137.9585
