1557384.938239 5118203.266799 -1168.0945
1557384.938239 5118002.162084 -1170.9022
1557585.233691 5118404.371515 -1168.5029
1557585.233691 5118203.266799 -1171.7925
1557585.233691 5118002.162084 -1174.5042
1557585.233691 5117801.057368 -1176.8586
1557785.529144 5118605.476231 -1168.1644
1557785.529144 5118404.371515 -1172.4662
1557785.529144 5118203.266799 -1175.7042
1557785.529144 5118002.162084 -1178.1980
1557785.529144 5117801.057368 -1180.2969
1557785.529144 5117599.952653 -1182.2549
1557985.824597 5118806.580946 -1166.0596
1557985.824597 5118605.476231 -1172.3151
1557985.824597 5118404.371515 -1176.8093
1557985.824597 5118203.266799 -1179.7910
1557985.824597 5118002.162084 -1181.8827
1557985.824597 5117801.057368 -1183.6206
1557985.824597 5117599.952653 -1185.3167
1557985.824597 5117398.847937 -1187.0972
1558186.120050 5119007.685662 -1160.6243
1558186.120050 5118806.580946 -1169.7634
1558186.120050 5118605.476231 -1177.0891
1558186.120050 5118404.371515 -1181.5238
1558186.120050 5118203.266799 -1183.8872
1558186.120050 5118002.162084 -1185.3442
1558186.120050 5117801.057368 -1186.6470
1558186.120050 5117599.952653 -1188.1056
1558186.120050 5117398.847937 -1189.7703
1558186.120050 5117197.743221 -1191.5901
1558386.415502 5119208.790378 -1153.6179
1558386.415502 5119007.685662 -1162.0747
1558386.415502 5118806.580946 -1174.0586
1558386.415502 5118605.476231 -1182.6188
1558386.415502 5118404.371515 -1186.4037
1558386.415502 5118203.266799 -1187.6088
1558386.415502 5118002.162084 -1188.2351
1558386.415502 5117801.057368 -1189.1534
1558386.415502 5117599.952653 -1190.5132
1558386.415502 5117398.847937 -1192.1948
1558386.415502 5117197.743221 -1194.0436
1558586.710955 5119409.895093 -1149.5060
1558586.710955 5119208.790378 -1155.2483
1558586.710955 5119007.685662 -1167.7343
1558586.710955 5118806.580946 -1171.4163
1558586.710955 5118605.476231 -1188.6255
1558586.710955 5118404.371515 -1190.7700
1558586.710955 5118203.266799 -1190.2683
1558586.710955 5118002.162084 -1190.1357
1558586.710955 5117801.057368 -1190.9821
1558586.710955 5117599.952653 -1192.5366
1558586.710955 5117398.847937 -1194.4292
1558586.710955 5117197.743221 -1196.4084
1558586.710955 5116996.638506 -1198.3533
1558787.006408 5119610.999809 -1148.4990
1558787.006408 5119409.895093 -1153.8842
1558787.006408 5119208.790378 -1160.0186
1558787.006408 5119007.685662 -1168.1091
1558787.006408 5118806.580946 -1179.9374
1558787.006408 5118605.476231 -1187.4500
1558787.006408 5118404.371515 -1193.2382
1558787.006408 5118203.266799 -1191.0522
1558787.006408 5118002.162084 -1190.8552
1558787.006408 5117801.057368 -1192.2753
1558787.006408 5117599.952653 -1194.4072
1558787.006408 5117398.847937 -1196.6775
1558787.006408 5117197.743221 -1198.8280
1558787.006408 5116996.638506 -1200.7935
1558787.006408 5116795.533790 -1202.6082
1558987.301860 5119610.999809 -1153.9832
1558987.301860 5119409.895093 -1159.8285
1558987.301860 5119208.790378 -1166.5067
1558987.301860 5119007.685662 -1174.7024
1558987.301860 5118806.580946 -1184.5978
1558987.301860 5118605.476231 -1192.4294
1558987.301860 5118404.371515 -1196.4712
1558987.301860 5118203.266799 -1190.2063
1558987.301860 5118002.162084 -1191.1787
1558987.301860 5117801.057368 -1193.8035
1558987.301860 5117599.952653 -1196.6736
1558987.301860 5117398.847937 -1199.2728
1558987.301860 5117197.743221 -1201.4810
1558987.301860 5116996.638506 -1203.3522
1558987.301860 5116795.533790 -1205.0110
1558987.301860 5116594.429074 -1206.5890
1559187.597313 5119409.895093 -1166.2512
1559187.597313 5119208.790378 -1173.1735
1559187.597313 5119007.685662 -1181.1692
1559187.597313 5118806.580946 -1189.9298
1559187.597313 5118605.476231 -1197.5491
1559187.597313 5118404.371515 -1197.9941
1559187.597313 5118203.266799 -1200.3198
1559187.597313 5118002.162084 -1193.6315
1559187.597313 5117801.057368 -1196.9530
1559187.597313 5117599.952653 -1199.9968
1559187.597313 5117398.847937 -1202.4941
1559187.597313 5117197.743221 -1204.4590
1559187.597313 5116996.638506 -1206.0310
1559187.597313 5116795.533790 -1207.4058
1559187.597313 5116594.429074 -1208.7609
1559187.597313 5116393.324359 -1210.2144
1559387.892766 5119208.790378 -1179.0195
1559387.892766 5119007.685662 -1186.3633
1559387.892766 5118806.580946 -1193.8224
1559387.892766 5118605.476231 -1199.9530
1559387.892766 5118404.371515 -1202.4308
1559387.892766 5118203.266799 -1200.9858
1559387.892766 5118002.162084 -1200.5671
1559387.892766 5117801.057368 -1202.3369
1559387.892766 5117599.952653 -1204.3813
1559387.892766 5117398.847937 -1206.1947
1559387.892766 5117197.743221 -1207.5952
1559387.892766 5116996.638506 -1208.6741
1559387.892766 5116795.533790 -1209.6606
1559387.892766 5116594.429074 -1210.7594
1559387.892766 5116393.324359 -1212.0784
1559387.892766 5116192.219643 -1213.6401
1559588.188219 5119007.685662 -1190.1755
1559588.188219 5118806.580946 -1196.3953
1559588.188219 5118605.476231 -1201.4430
1559588.188219 5118404.371515 -1204.2615
1559588.188219 5118203.266799 -1204.9125
1559588.188219 5118002.162084 -1205.4219
1559588.188219 5117801.057368 -1207.1360
1559588.188219 5117599.952653 -1208.3760
1559588.188219 5117398.847937 -1209.5841
1559588.188219 5117197.743221 -1210.4160
1559588.188219 5116996.638506 -1210.9607
1559588.188219 5116795.533790 -1211.5535
1559588.188219 5116594.429074 -1212.4445
1559588.188219 5116393.324359 -1213.7065
1559588.188219 5116192.219643 -1215.2980
1559588.188219 5115991.114927 -1217.1416
1559788.483671 5118806.580946 -1197.9590
1559788.483671 5118605.476231 -1202.1008
1559788.483671 5118404.371515 -1204.8132
1559788.483671 5118203.266799 -1206.3087
1559788.483671 5118002.162084 -1207.6975
1559788.483671 5117801.057368 -1208.2104
1559788.483671 5117599.952653 -1210.4368
1559788.483671 5117398.847937 -1211.7668
1559788.483671 5117197.743221 -1212.3831
1559788.483671 5116996.638506 -1212.5232
1559788.483671 5116795.533790 -1212.8425
1559788.483671 5116594.429074 -1213.6875
1559788.483671 5116393.324359 -1215.0549
1559788.483671 5116192.219643 -1216.7981
1559788.483671 5115991.114927 -1218.7759
1559788.483671 5115790.010212 -1220.9028
1559988.779124 5118605.476231 -1202.1321
1559988.779124 5118404.371515 -1204.3354
1559988.779124 5118203.266799 -1205.5864
1559988.779124 5118002.162084 -1206.4266
1559988.779124 5117801.057368 -1207.4021
1559988.779124 5117599.952653 -1209.2832
1559988.779124 5117398.847937 -1212.1626
1559988.779124 5117197.743221 -1213.1567
1559988.779124 5116996.638506 -1213.0874
1559988.779124 5116795.533790 -1213.3691
1559988.779124 5116594.429074 -1214.4609
1559988.779124 5116393.324359 -1216.1794
1559988.779124 5116192.219643 -1218.2185
1559988.779124 5115991.114927 -1220.3845
1559988.779124 5115790.010212 -1222.6099
1559988.779124 5115588.905496 -1224.8939
1560189.074577 5118404.371515 -1203.5469
1560189.074577 5118203.266799 -1204.1888
1560189.074577 5118002.162084 -1204.0721
1560189.074577 5117801.057368 -1203.4971
1560189.074577 5117599.952653 -1209.4778
1560189.074577 5117398.847937 -1209.9985
1560189.074577 5117197.743221 -1212.7709
1560189.074577 5116996.638506 -1212.6023
1560189.074577 5116795.533790 -1213.2000
1560189.074577 5116594.429074 -1214.9634
1560189.074577 5116393.324359 -1217.3159
1560189.074577 5116192.219643 -1219.7526
1560189.074577 5115991.114927 -1222.0859
1560189.074577 5115790.010212 -1224.3406
1560189.074577 5115588.905496 -1226.6050
1560189.074577 5115387.800780 -1228.9465
1560389.370030 5118203.266799 -1203.6398
1560389.370030 5118002.162084 -1203.4243
1560389.370030 5117801.057368 -1203.0995
1560389.370030 5117599.952653 -1203.9072
1560389.370030 5117398.847937 -1211.8573
1560389.370030 5117197.743221 -1211.9985
1560389.370030 5116996.638506 -1211.4796
1560389.370030 5116795.533790 -1212.8926
1560389.370030 5116594.429074 -1215.7897
1560389.370030 5116393.324359 -1218.9438
1560389.370030 5116192.219643 -1221.7029
1560389.370030 5115991.114927 -1224.0276
1560389.370030 5115790.010212 -1226.1387
1560389.370030 5115588.905496 -1228.2561
1560389.370030 5115387.800780 -1230.5106
1560389.370030 5115186.696065 -1232.9399
1560589.665482 5118002.162084 -1204.5698
1560589.665482 5117801.057368 -1205.0078
1560589.665482 5117599.952653 -1206.4198
1560589.665482 5117398.847937 -1209.2877
1560589.665482 5117197.743221 -1211.3281
1560589.665482 5116996.638506 -1212.5349
1560589.665482 5116795.533790 -1214.0494
1560589.665482 5116594.429074 -1218.0454
1560589.665482 5116393.324359 -1221.7065
1560589.665482 5116192.219643 -1224.3652
1560589.665482 5115991.114927 -1226.2949
1560589.665482 5115790.010212 -1227.9915
1560589.665482 5115588.905496 -1229.8020
1560589.665482 5115387.800780 -1231.8892
1560589.665482 5115186.696065 -1234.2799
1560589.665482 5114985.591349 -1236.9150
1560789.960935 5118002.162084 -1206.9254
1560789.960935 5117801.057368 -1208.2094
1560789.960935 5117599.952653 -1210.4409
1560789.960935 5117398.847937 -1213.9021
1560789.960935 5117197.743221 -1218.0496
1560789.960935 5116996.638506 -1216.6819
1560789.960935 5116795.533790 -1221.0123
1560789.960935 5116594.429074 -1222.7778
1560789.960935 5116393.324359 -1225.8926
1560789.960935 5116192.219643 -1227.7092
1560789.960935 5115991.114927 -1228.7588
1560789.960935 5115790.010212 -1229.7828
1560789.960935 5115588.905496 -1231.1670
1560789.960935 5115387.800780 -1233.0400
1560789.960935 5115186.696065 -1235.3862
1560789.960935 5114985.591349 -1238.1023
1560789.960935 5114784.486633 -1241.0383
1560990.256388 5117801.057368 -1211.7188
1560990.256388 5117599.952653 -1214.4037
1560990.256388 5117398.847937 -1217.9891
1560990.256388 5117197.743221 -1222.0702
1560990.256388 5116996.638506 -1225.6078
1560990.256388 5116795.533790 -1224.6257
1560990.256388 5116594.429074 -1226.6692
1560990.256388 5116393.324359 -1230.2261
1560990.256388 5116192.219643 -1230.9822
1560990.256388 5115991.114927 -1231.0022
1560990.256388 5115790.010212 -1231.3408
1560990.256388 5115588.905496 -1232.3130
1560990.256388 5115387.800780 -1233.9814
1560990.256388 5115186.696065 -1236.2977
1560990.256388 5114985.591349 -1239.1199
1560990.256388 5114784.486633 -1242.2488
1560990.256388 5114583.381918 -1245.4766
1561190.551840 5117599.952653 -1217.7732
1561190.551840 5117398.847937 -1220.9529
1561190.551840 5117197.743221 -1224.0955
1561190.551840 5116996.638506 -1226.2656
1561190.551840 5116795.533790 -1226.4915
1561190.551840 5116594.429074 -1228.6172
1561190.551840 5116393.324359 -1230.2708
1561190.551840 5116192.219643 -1233.0922
1561190.551840 5115991.114927 -1232.7167
1561190.551840 5115790.010212 -1232.7313
1561190.551840 5115588.905496 -1233.4082
1561190.551840 5115387.800780 -1234.8761
1561190.551840 5115186.696065 -1237.1531
1561190.551840 5114985.591349 -1240.0861
1561190.551840 5114784.486633 -1243.4225
1561190.551840 5114583.381918 -1246.8987
1561190.551840 5114382.277202 -1250.2894
1561390.847293 5117398.847937 -1223.5129
1561390.847293 5117197.743221 -1225.9666
1561390.847293 5116996.638506 -1227.4360
1561390.847293 5116795.533790 -1227.3832
1561390.847293 5116594.429074 -1226.3943
1561390.847293 5116393.324359 -1232.4716
1561390.847293 5116192.219643 -1235.7999
1561390.847293 5115991.114927 -1234.8989
1561390.847293 5115790.010212 -1234.7935
1561390.847293 5115588.905496 -1235.0093
1561390.847293 5115387.800780 -1236.0742
1561390.847293 5115186.696065 -1238.1971
1561390.847293 5114985.591349 -1241.1931
1561390.847293 5114784.486633 -1244.7153
1561390.847293 5114583.381918 -1248.4240
1561390.847293 5114382.277202 -1252.0458
1561591.142746 5117197.743221 -1228.7200
1561591.142746 5116996.638506 -1230.6881
1561591.142746 5116795.533790 -1232.2859
1561591.142746 5116594.429074 -1234.5497
1561591.142746 5116393.324359 -1239.7104
1561591.142746 5116192.219643 -1240.7126
1561591.142746 5115991.114927 -1243.1478
1561591.142746 5115790.010212 -1239.2751
1561591.142746 5115588.905496 -1237.9005
1561591.142746 5115387.800780 -1237.9810
1561591.142746 5115186.696065 -1239.7180
1561591.142746 5114985.591349 -1242.6780
1561591.142746 5114784.486633 -1246.3188
1561591.142746 5114583.381918 -1250.2000
1561591.142746 5114382.277202 -1253.9996
1561591.142746 5114181.172486 -1257.4921
1561791.438199 5116996.638506 -1234.9924
1561791.438199 5116795.533790 -1238.1731
1561791.438199 5116594.429074 -1242.4082
1561791.438199 5116393.324359 -1248.3483
1561791.438199 5116192.219643 -1254.3411
1561791.438199 5115991.114927 -1244.3169
1561791.438199 5115790.010212 -1246.3801
1561791.438199 5115588.905496 -1242.1196
1561791.438199 5115387.800780 -1240.7483
1561791.438199 5115186.696065 -1241.9611
1561791.438199 5114985.591349 -1244.7871
1561791.438199 5114784.486633 -1248.4277
1561791.438199 5114583.381918 -1252.3652
1561791.438199 5114382.277202 -1256.2467
1561791.438199 5114181.172486 -1259.8193
1561791.438199 5113980.067771 -1262.9097
1561991.733651 5116795.533790 -1243.2334
1561991.733651 5116594.429074 -1247.9819
1561991.733651 5116393.324359 -1253.1411
1561991.733651 5116192.219643 -1256.8015
1561991.733651 5115991.114927 -1255.2139
1561991.733651 5115790.010212 -1246.3824
1561991.733651 5115588.905496 -1248.2927
1561991.733651 5115387.800780 -1244.5394
1561991.733651 5115186.696065 -1245.2502
1561991.733651 5114985.591349 -1247.7704
1561991.733651 5114784.486633 -1251.1860
1561991.733651 5114583.381918 -1254.9968
1561991.733651 5114382.277202 -1258.8307
1561991.733651 5114181.172486 -1262.3938
1561991.733651 5113980.067771 -1265.4666
1561991.733651 5113778.963055 -1267.9141
1562192.029104 5116594.429074 -1251.7651
1562192.029104 5116393.324359 -1256.2991
1562192.029104 5116192.219643 -1259.5077
1562192.029104 5115991.114927 -1260.1277
1562192.029104 5115790.010212 -1259.3472
1562192.029104 5115588.905496 -1251.8376
1562192.029104 5115387.800780 -1254.5396
1562192.029104 5115186.696065 -1250.1606
1562192.029104 5114985.591349 -1251.7471
1562192.029104 5114784.486633 -1254.5496
1562192.029104 5114583.381918 -1258.0254
1562192.029104 5114382.277202 -1261.6973
1562192.029104 5114181.172486 -1265.1830
1562192.029104 5113980.067771 -1268.1821
1562192.029104 5113778.963055 -1270.5046
1562192.029104 5113577.858339 -1272.0907
1562392.324557 5116393.324359 -1258.3901
1562392.324557 5116192.219643 -1261.5425
1562392.324557 5115991.114927 -1263.2600
1562392.324557 5115790.010212 -1263.9285
1562392.324557 5115588.905496 -1263.7207
1562392.324557 5115387.800780 -1254.9430
1562392.324557 5115186.696065 -1255.8826
1562392.324557 5114985.591349 -1255.9739
1562392.324557 5114784.486633 -1258.0249
1562392.324557 5114583.381918 -1261.1630
1562392.324557 5114382.277202 -1264.6748
1562392.324557 5114181.172486 -1268.0878
1562392.324557 5113980.067771 -1270.9995
1562392.324557 5113778.963055 -1273.1431
1562392.324557 5113577.858339 -1274.4482
1562392.324557 5113376.753624 -1275.0083
1562592.620009 5116192.219643 -1262.5186
1562592.620009 5115991.114927 -1264.3425
1562592.620009 5115790.010212 -1264.9150
1562592.620009 5115588.905496 -1263.8032
1562592.620009 5115387.800780 -1259.9490
1562592.620009 5115186.696065 -1256.9169
1562592.620009 5114985.591349 -1258.9988
1562592.620009 5114784.486633 -1260.8049
1562592.620009 5114583.381918 -1264.0485
1562592.620009 5114382.277202 -1267.5374
1562592.620009 5114181.172486 -1270.9712
1562592.620009 5113980.067771 -1273.8374
1562592.620009 5113778.963055 -1275.7585
1562592.620009 5113577.858339 -1276.6775
1562592.620009 5113376.753624 -1276.7781
1562592.620009 5113175.648908 -1276.3248
1562792.915462 5115991.114927 -1264.3982
1562792.915462 5115790.010212 -1264.8190
1562792.915462 5115588.905496 -1263.7893
1562792.915462 5115387.800780 -1261.3796
1562792.915462 5115186.696065 -1259.4634
1562792.915462 5114985.591349 -1261.4303
1562792.915462 5114784.486633 -1263.4170
1562792.915462 5114583.381918 -1266.7109
1562792.915462 5114382.277202 -1270.0947
1562792.915462 5114181.172486 -1273.6880
1562792.915462 5113980.067771 -1276.6090
1562792.915462 5113778.963055 -1278.2583
1562792.915462 5113577.858339 -1278.6467
1562792.915462 5113376.753624 -1278.1438
1562792.915462 5113175.648908 -1277.1602
1562792.915462 5112974.544192 -1275.9902
1562993.210915 5115790.010212 -1264.6674
1562993.210915 5115588.905496 -1264.1416
1562993.210915 5115387.800780 -1263.0186
1562993.210915 5115186.696065 -1262.5300
1562993.210915 5114985.591349 -1264.0662
1562993.210915 5114784.486633 -1265.2899
1562993.210915 5114583.381918 -1267.5643
1562993.210915 5114382.277202 -1271.9407
1562993.210915 5114181.172486 -1276.0444
1562993.210915 5113980.067771 -1279.2218
1562993.210915 5113778.963055 -1280.5095
1562993.210915 5113577.858339 -1280.1545
1562993.210915 5113376.753624 -1278.8818
1562993.210915 5113175.648908 -1277.3044
1562993.210915 5112974.544192 -1275.7639
1562993.210915 5112773.439477 -1274.3778
1563193.506368 5115588.905496 -1264.6609
1563193.506368 5115387.800780 -1264.3250
1563193.506368 5115186.696065 -1264.3828
1563193.506368 5114985.591349 -1265.3694
1563193.506368 5114784.486633 -1266.8237
1563193.506368 5114583.381918 -1269.7769
1563193.506368 5114382.277202 -1272.9888
1563193.506368 5114181.172486 -1277.8744
1563193.506368 5113980.067771 -1281.5607
1563193.506368 5113778.963055 -1282.2778
1563193.506368 5113577.858339 -1280.8779
1563193.506368 5113376.753624 -1278.6899
1563193.506368 5113175.648908 -1276.5413
1563193.506368 5112974.544192 -1274.7469
1563193.506368 5112773.439477 -1273.3203
1563193.506368 5112572.334761 -1272.1479
1563393.801820 5115387.800780 -1265.3575
1563393.801820 5115186.696065 -1265.6455
1563393.801820 5114985.591349 -1266.4077
1563393.801820 5114784.486633 -1267.6733
1563393.801820 5114583.381918 -1269.8018
1563393.801820 5114382.277202 -1273.8875
1563393.801820 5114181.172486 -1275.2747
1563393.801820 5113980.067771 -1283.2300
1563393.801820 5113778.963055 -1283.0420
1563393.801820 5113577.858339 -1280.2996
1563393.801820 5113376.753624 -1277.2175
1563393.801820 5113175.648908 -1274.7097
1563393.801820 5112974.544192 -1272.9163
1563393.801820 5112773.439477 -1271.6697
1563393.801820 5112572.334761 -1270.7374
1563393.801820 5112371.230045 -1269.9080
1563594.097273 5115186.696065 -1266.6567
1563594.097273 5114985.591349 -1267.2772
1563594.097273 5114784.486633 -1268.2321
1563594.097273 5114583.381918 -1269.7192
1563594.097273 5114382.277202 -1272.0016
1563594.097273 5114181.172486 -1277.4097
1563594.097273 5113980.067771 -1277.7014
1563594.097273 5113778.963055 -1281.7343
1563594.097273 5113577.858339 -1277.7771
1563594.097273 5113376.753624 -1274.2612
1563594.097273 5113175.648908 -1271.8845
1563594.097273 5112974.544192 -1270.4707
1563594.097273 5112773.439477 -1269.6511
1563594.097273 5112572.334761 -1269.1064
1563594.097273 5112371.230045 -1268.5981
1563594.097273 5112170.125330 -1267.9421
1563794.392726 5115186.696065 -1267.6127
1563794.392726 5114985.591349 -1268.1655
1563794.392726 5114784.486633 -1268.8879
1563794.392726 5114583.381918 -1269.8716
1563794.392726 5114382.277202 -1271.1912
1563794.392726 5114181.172486 -1272.9214
1563794.392726 5113980.067771 -1276.6606
1563794.392726 5113778.963055 -1275.6689
1563794.392726 5113577.858339 -1273.3131
1563794.392726 5113376.753624 -1270.3444
1563794.392726 5113175.648908 -1268.6929
1563794.392726 5112974.544192 -1267.9709
1563794.392726 5112773.439477 -1267.7012
1563794.392726 5112572.334761 -1267.5787
1563794.392726 5112371.230045 -1267.3979
1563794.392726 5112170.125330 -1266.9807
1563794.392726 5111969.020614 -1266.1797
1563994.688178 5114985.591349 -1269.1772
1563994.688178 5114784.486633 -1269.8584
1563994.688178 5114583.381918 -1270.7111
1563994.688178 5114382.277202 -1271.8005
1563994.688178 5114181.172486 -1273.1780
1563994.688178 5113980.067771 -1274.7783
1563994.688178 5113778.963055 -1275.7883
1563994.688178 5113577.858339 -1275.6631
1563994.688178 5113376.753624 -1267.6477
1563994.688178 5113175.648908 -1266.5386
1563994.688178 5112974.544192 -1266.3313
1563994.688178 5112773.439477 -1266.3938
1563994.688178 5112572.334761 -1266.5132
1563994.688178 5112371.230045 -1266.5540
1563994.688178 5112170.125330 -1266.3193
1563994.688178 5111969.020614 -1265.6084
1563994.688178 5111767.915898 -1264.2993
1564194.983631 5114784.486633 -1271.0331
1564194.983631 5114583.381918 -1271.9792
1564194.983631 5114382.277202 -1273.1672
1564194.983631 5114181.172486 -1274.6277
1564194.983631 5113980.067771 -1276.1978
1564194.983631 5113778.963055 -1277.0421
1564194.983631 5113577.858339 -1274.3536
1564194.983631 5113376.753624 -1273.7885
1564194.983631 5113175.648908 -1266.9209
1564194.983631 5112974.544192 -1266.3961
1564194.983631 5112773.439477 -1266.1589
1564194.983631 5112572.334761 -1266.1300
1564194.983631 5112371.230045 -1266.2175
1564194.983631 5112170.125330 -1266.0964
1564194.983631 5111969.020614 -1265.4231
1564194.983631 5111767.915898 -1263.9972
1564194.983631 5111566.811183 -1261.8094
1564395.279084 5114583.381918 -1273.2371
1564395.279084 5114382.277202 -1274.5356
1564395.279084 5114181.172486 -1276.0323
1564395.279084 5113980.067771 -1277.5051
1564395.279084 5113778.963055 -1278.3119
1564395.279084 5113577.858339 -1277.3376
1564395.279084 5113376.753624 -1273.4849
1564395.279084 5113175.648908 -1273.1877
1564395.279084 5112974.544192 -1268.2048
1564395.279084 5112773.439477 -1266.8867
1564395.279084 5112572.334761 -1266.3098
1564395.279084 5112371.230045 -1266.3599
1564395.279084 5112170.125330 -1266.3601
1564395.279084 5111969.020614 -1265.7002
1564395.279084 5111767.915898 -1264.0671
1564395.279084 5111566.811183 -1261.4673
1564595.574537 5114382.277202 -1275.4668
1564595.574537 5114181.172486 -1276.8677
1564595.574537 5113980.067771 -1278.1260
1564595.574537 5113778.963055 -1278.7689
1564595.574537 5113577.858339 -1278.1722
1564595.574537 5113376.753624 -1276.0668
1564595.574537 5113175.648908 -1272.8804
1564595.574537 5112974.544192 -1272.6492
1564595.574537 5112773.439477 -1267.7329
1564595.574537 5112572.334761 -1266.5497
1564595.574537 5112371.230045 -1266.7996
1564595.574537 5112170.125330 -1267.0902
1564595.574537 5111969.020614 -1266.4595
1564595.574537 5111767.915898 -1264.5017
1564595.574537 5111566.811183 -1261.3071
1564595.574537 5111365.706467 -1257.2477
1564795.869989 5114181.172486 -1276.9951
1564795.869989 5113980.067771 -1277.9755
1564795.869989 5113778.963055 -1278.3927
1564795.869989 5113577.858339 -1277.8865
1564795.869989 5113376.753624 -1276.3339
1564795.869989 5113175.648908 -1274.0636
1564795.869989 5112974.544192 -1270.7957
1564795.869989 5112773.439477 -1268.8231
1564795.869989 5112572.334761 -1266.3262
1564795.869989 5112371.230045 -1267.4315
1564795.869989 5112170.125330 -1268.2678
1564795.869989 5111969.020614 -1267.6538
1564795.869989 5111767.915898 -1265.1738
1564795.869989 5111566.811183 -1261.1372
1564795.869989 5111365.706467 -1256.1560
1564795.869989 5111164.601751 -1250.8435
1564996.165442 5113980.067771 -1277.1083
1564996.165442 5113778.963055 -1277.2542
1564996.165442 5113577.858339 -1276.6477
1564996.165442 5113376.753624 -1275.2063
1564996.165442 5113175.648908 -1273.0513
1564996.165442 5112974.544192 -1270.3342
1564996.165442 5112773.439477 -1267.8770
1564996.165442 5112572.334761 -1267.5200
1564996.165442 5112371.230045 -1268.5144
1564996.165442 5112170.125330 -1269.8391
1564996.165442 5111969.020614 -1269.0786
1564996.165442 5111767.915898 -1265.7354
1564996.165442 5111566.811183 -1260.5399
1564996.165442 5111365.706467 -1254.4534
1564996.165442 5111164.601751 -1248.2517
1564996.165442 5110963.497036 -1242.4548
1565196.460895 5113778.963055 -1275.4688
1565196.460895 5113577.858339 -1274.6699
1565196.460895 5113376.753624 -1273.1948
1565196.460895 5113175.648908 -1271.1912
1565196.460895 5112974.544192 -1269.0159
1565196.460895 5112773.439477 -1267.4287
1565196.460895 5112572.334761 -1266.8884
1565196.460895 5112371.230045 -1268.4841
1565196.460895 5112170.125330 -1271.1687
1565196.460895 5111969.020614 -1270.1276
1565196.460895 5111767.915898 -1265.4293
1565196.460895 5111566.811183 -1258.7633
1565196.460895 5111365.706467 -1251.5209
1565196.460895 5111164.601751 -1244.5547
1565196.460895 5110963.497036 -1238.3186
1565196.460895 5110762.392320 -1233.0292
1565396.756348 5113577.858339 -1272.0681
1565396.756348 5113376.753624 -1270.4240
1565396.756348 5113175.648908 -1268.3708
1565396.756348 5112974.544192 -1266.2794
1565396.756348 5112773.439477 -1264.7456
1565396.756348 5112572.334761 -1264.4260
1565396.756348 5112371.230045 -1266.3269
1565396.756348 5112170.125330 -1271.6964
1565396.756348 5111969.020614 -1269.6367
1565396.756348 5111767.915898 -1262.8542
1565396.756348 5111566.811183 -1254.6403
1565396.756348 5111365.706467 -1246.5568
1565396.756348 5111164.601751 -1239.2699
1565396.756348 5110963.497036 -1233.0212
1565396.756348 5110762.392320 -1227.8768
1565396.756348 5110561.287604 -1223.8405
1565597.051800 5113376.753624 -1266.9528
1565597.051800 5113175.648908 -1264.6025
1565597.051800 5112974.544192 -1262.2196
1565597.051800 5112773.439477 -1260.3711
1565597.051800 5112572.334761 -1259.8547
1565597.051800 5112371.230045 -1266.3934
1565597.051800 5112170.125330 -1267.7446
1565597.051800 5111969.020614 -1264.7747
1565597.051800 5111767.915898 -1255.5500
1565597.051800 5111566.811183 -1246.6895
1565597.051800 5111365.706467 -1238.8098
1565597.051800 5111164.601751 -1232.0840
1565597.051800 5110963.497036 -1226.4829
1565597.051800 5110762.392320 -1221.9424
1565597.051800 5110561.287604 -1218.4305
1565597.051800 5110360.182889 -1215.9374
1565797.347253 5113175.648908 -1259.9653
1565797.347253 5112974.544192 -1256.8796
1565797.347253 5112773.439477 -1254.1077
1565797.347253 5112572.334761 -1252.4087
1565797.347253 5112371.230045 -1252.8210
1565797.347253 5112170.125330 -1260.6829
1565797.347253 5111969.020614 -1243.9905
1565797.347253 5111767.915898 -1240.2297
1565797.347253 5111566.811183 -1233.9778
1565797.347253 5111365.706467 -1228.1995
1565797.347253 5111164.601751 -1223.2091
1565797.347253 5110963.497036 -1218.9829
1565797.347253 5110762.392320 -1215.4816
1565797.347253 5110561.287604 -1212.7490
1565797.347253 5110360.182889 -1210.8628
1565797.347253 5110159.078173 -1209.8811
1565997.642706 5112974.544192 -1250.5187
1565997.642706 5112773.439477 -1246.0221
1565997.642706 5112572.334761 -1241.3140
1565997.642706 5112371.230045 -1236.0046
1565997.642706 5112170.125330 -1228.1991
1565997.642706 5111969.020614 -1225.2085
1565997.642706 5111767.915898 -1216.1074
1565997.642706 5111566.811183 -1218.6907
1565997.642706 5111365.706467 -1216.2322
1565997.642706 5111164.601751 -1213.7045
1565997.642706 5110963.497036 -1211.2620
1565997.642706 5110762.392320 -1208.9939
1565997.642706 5110561.287604 -1207.1259
1565997.642706 5110360.182889 -1205.8816
1565997.642706 5110159.078173 -1205.4255
1565997.642706 5109957.973457 -1205.8442
1566197.938158 5112773.439477 -1238.0066
1566197.938158 5112572.334761 -1231.0778
1566197.938158 5112371.230045 -1222.9509
1566197.938158 5112170.125330 -1213.3179
1566197.938158 5111969.020614 -1203.8978
1566197.938158 5111767.915898 -1210.5525
1566197.938158 5111566.811183 -1207.9683
1566197.938158 5111365.706467 -1205.6968
1566197.938158 5111164.601751 -1205.2212
1566197.938158 5110963.497036 -1204.3307
1566197.938158 5110762.392320 -1203.0858
1566197.938158 5110561.287604 -1201.9290
1566197.938158 5110360.182889 -1201.2222
1566197.938158 5110159.078173 -1201.2231
1566197.938158 5109957.973457 -1202.0830
1566197.938158 5109756.868742 -1203.8530
1566398.233611 5112572.334761 -1223.5348
1566398.233611 5112371.230045 -1214.9875
1566398.233611 5112170.125330 -1206.4191
1566398.233611 5111969.020614 -1200.0338
1566398.233611 5111767.915898 -1199.5959
1566398.233611 5111566.811183 -1201.5654
1566398.233611 5111365.706467 -1197.6892
1566398.233611 5111164.601751 -1199.0789
1566398.233611 5110963.497036 -1198.9717
1566398.233611 5110762.392320 -1198.1877
1566398.233611 5110561.287604 -1197.4275
1566398.233611 5110360.182889 -1197.0648
1566398.233611 5110159.078173 -1197.3977
1566398.233611 5109957.973457 -1198.6194
1566398.233611 5109756.868742 -1200.8184
1566398.233611 5109555.764026 -1203.9790
1566598.529064 5112572.334761 -1218.5098
1566598.529064 5112371.230045 -1210.4769
1566598.529064 5112170.125330 -1203.1111
1566598.529064 5111969.020614 -1197.9160
1566598.529064 5111767.915898 -1196.1863
1566598.529064 5111566.811183 -1196.1270
1566598.529064 5111365.706467 -1196.2461
1566598.529064 5111164.601751 -1194.4377
1566598.529064 5110963.497036 -1195.1377
1566598.529064 5110762.392320 -1194.2764
1566598.529064 5110561.287604 -1193.7123
1566598.529064 5110360.182889 -1193.5220
1566598.529064 5110159.078173 -1194.0540
1566598.529064 5109957.973457 -1195.5405
1566598.529064 5109756.868742 -1198.1060
1566598.529064 5109555.764026 -1201.7764
1566598.529064 5109354.659310 -1206.4307
1566798.824517 5112371.230045 -1207.9756
1566798.824517 5112170.125330 -1201.4519
1566798.824517 5111969.020614 -1196.6000
1566798.824517 5111767.915898 -1193.8209
1566798.824517 5111566.811183 -1192.1471
1566798.824517 5111365.706467 -1190.2335
1566798.824517 5111164.601751 -1192.0310
1566798.824517 5110963.497036 -1190.0803
1566798.824517 5110762.392320 -1190.9562
1566798.824517 5110561.287604 -1190.8662
1566798.824517 5110360.182889 -1190.7131
1566798.824517 5110159.078173 -1191.3230
1566798.824517 5109957.973457 -1192.9685
1566798.824517 5109756.868742 -1195.8120
1566798.824517 5109555.764026 -1199.9662
1566798.824517 5109354.659310 -1205.3330
1566798.824517 5109153.554595 -1211.5564
1566999.119969 5112170.125330 -1200.7517
1566999.119969 5111969.020614 -1196.0911
1566999.119969 5111767.915898 -1192.8519
1566999.119969 5111566.811183 -1190.6428
1566999.119969 5111365.706467 -1189.0632
1566999.119969 5111164.601751 -1188.6862
1566999.119969 5110963.497036 -1189.9336
1566999.119969 5110762.392320 -1190.1111
1566999.119969 5110561.287604 -1189.5171
1566999.119969 5110360.182889 -1188.8403
1566999.119969 5110159.078173 -1189.4148
1566999.119969 5109957.973457 -1191.1102
1566999.119969 5109756.868742 -1194.0854
1566999.119969 5109555.764026 -1198.6707
1566999.119969 5109354.659310 -1204.8312
1566999.119969 5109153.554595 -1212.0701
1566999.119969 5108952.449879 -1219.6543
1567199.415422 5111969.020614 -1196.3320
1567199.415422 5111767.915898 -1193.0566
1567199.415422 5111566.811183 -1190.8142
1567199.415422 5111365.706467 -1189.5308
1567199.415422 5111164.601751 -1189.4094
1567199.415422 5110963.497036 -1190.3796
1567199.415422 5110762.392320 -1190.5420
1567199.415422 5110561.287604 -1190.4091
1567199.415422 5110360.182889 -1187.7664
1567199.415422 5110159.078173 -1188.6531
1567199.415422 5109957.973457 -1190.3213
1567199.415422 5109756.868742 -1193.1445
1567199.415422 5109555.764026 -1198.0586
1567199.415422 5109354.659310 -1205.1506
1567199.415422 5109153.554595 -1213.6375
1567199.415422 5108952.449879 -1222.4044
1567399.710875 5111767.915898 -1194.0969
1567399.710875 5111566.811183 -1191.9851
1567399.710875 5111365.706467 -1190.8232
1567399.710875 5111164.601751 -1190.5437
1567399.710875 5110963.497036 -1190.7327
1567399.710875 5110762.392320 -1190.2748
1567399.710875 5110561.287604 -1187.7080
1567399.710875 5110360.182889 -1189.0886
1567399.710875 5110159.078173 -1189.9346
1567399.710875 5109957.973457 -1191.2297
1567399.710875 5109756.868742 -1193.2524
1567399.710875 5109555.764026 -1198.3428
1567399.710875 5109354.659310 -1206.6390
1567399.710875 5109153.554595 -1216.7305
1567399.710875 5108952.449879 -1226.8611
1567399.710875 5108751.345164 -1235.7595
1567600.006327 5111566.811183 -1193.8894
1567600.006327 5111365.706467 -1192.8832
1567600.006327 5111164.601751 -1192.6008
1567600.006327 5110963.497036 -1192.6748
1567600.006327 5110762.392320 -1192.5538
1567600.006327 5110561.287604 -1192.1702
1567600.006327 5110360.182889 -1193.9961
1567600.006327 5110159.078173 -1195.7813
1567600.006327 5109957.973457 -1194.5320
1567600.006327 5109756.868742 -1194.5670
1567600.006327 5109555.764026 -1199.8173
1567600.006327 5109354.659310 -1209.8818
1567600.006327 5109153.554595 -1222.0894
1567600.006327 5108952.449879 -1233.6904
1567600.006327 5108751.345164 -1243.1240
1567600.006327 5108550.240448 -1249.9507
1567800.301780 5111365.706467 -1195.7461
1567800.301780 5111164.601751 -1195.7639
1567800.301780 5110963.497036 -1196.2605
1567800.301780 5110762.392320 -1196.9749
1567800.301780 5110561.287604 -1197.8928
1567800.301780 5110360.182889 -1199.3147
1567800.301780 5110159.078173 -1199.6696
1567800.301780 5109957.973457 -1202.8473
1567800.301780 5109756.868742 -1197.1406
1567800.301780 5109555.764026 -1203.2103
1567800.301780 5109354.659310 -1215.9761
1567800.301780 5109153.554595 -1230.8528
1567800.301780 5108952.449879 -1243.7125
1567800.301780 5108751.345164 -1252.9846
1567800.301780 5108550.240448 -1258.7678
1567800.301780 5108349.135732 -1261.7684
1568000.597233 5111164.601751 -1199.9026
1568000.597233 5110963.497036 -1201.1140
1568000.597233 5110762.392320 -1202.8423
1568000.597233 5110561.287604 -1204.9980
1568000.597233 5110360.182889 -1207.4205
1568000.597233 5110159.078173 -1209.3141
1568000.597233 5109957.973457 -1206.2610
1568000.597233 5109756.868742 -1209.8224
1568000.597233 5109555.764026 -1211.0060
1568000.597233 5109354.659310 -1226.9065
1568000.597233 5109153.554595 -1244.5603
1568000.597233 5108952.449879 -1257.6587
1568000.597233 5108751.345164 -1265.3672
1568000.597233 5108550.240448 -1268.9076
1568000.597233 5108349.135732 -1269.6490
1568000.597233 5108148.031017 -1268.6299
1568200.892686 5110963.497036 -1206.7986
1568200.892686 5110762.392320 -1209.6008
1568200.892686 5110561.287604 -1213.0698
1568200.892686 5110360.182889 -1217.0233
1568200.892686 5110159.078173 -1221.0332
1568200.892686 5109957.973457 -1224.5011
1568200.892686 5109756.868742 -1225.7964
1568200.892686 5109555.764026 -1232.9346
1568200.892686 5109354.659310 -1244.8804
1568200.892686 5109153.554595 -1264.4923
1568200.892686 5108952.449879 -1275.4011
1568200.892686 5108751.345164 -1279.3325
1568200.892686 5108550.240448 -1279.2451
1568200.892686 5108349.135732 -1277.0173
1568200.892686 5108148.031017 -1273.6658
1568200.892686 5107946.926301 -1269.8081
1568401.188138 5110762.392320 -1216.6858
1568401.188138 5110561.287604 -1221.3826
1568401.188138 5110360.182889 -1226.8579
1568401.188138 5110159.078173 -1232.9276
1568401.188138 5109957.973457 -1239.4315
1568401.188138 5109756.868742 -1246.4667
1568401.188138 5109555.764026 -1252.0972
1568401.188138 5109354.659310 -1268.5139
1568401.188138 5109153.554595 -1289.6959
1568401.188138 5108952.449879 -1294.3586
1568401.188138 5108751.345164 -1292.1672
1568401.188138 5108550.240448 -1287.6643
1568401.188138 5108349.135732 -1282.4119
1568401.188138 5108148.031017 -1276.8885
1568401.188138 5107946.926301 -1271.4055
1568401.188138 5107745.821585 -1266.2653
1568601.483591 5110561.287604 -1229.2493
1568601.483591 5110360.182889 -1235.8896
1568601.483591 5110159.078173 -1243.4210
1568601.483591 5109957.973457 -1251.7937
1568601.483591 5109756.868742 -1261.1177
1568601.483591 5109555.764026 -1271.9669
1568601.483591 5109354.659310 -1286.6956
1568601.483591 5109153.554595 -1303.8906
1568601.483591 5108952.449879 -1307.3110
1568601.483591 5108751.345164 -1299.1394
1568601.483591 5108550.240448 -1291.4597
1568601.483591 5108349.135732 -1284.3489
1568601.483591 5108148.031017 -1277.4368
1568601.483591 5107946.926301 -1270.8330
1568601.483591 5107745.821585 -1264.8541
1568601.483591 5107544.716870 -1259.7354
1568801.779044 5110360.182889 -1243.4879
1568801.779044 5110159.078173 -1251.7894
1568801.779044 5109957.973457 -1261.0623
1568801.779044 5109756.868742 -1271.4304
1568801.779044 5109555.764026 -1283.3354
1568801.779044 5109354.659310 -1297.5933
1568801.779044 5109153.554595 -1310.2063
1568801.779044 5108952.449879 -1301.4937
1568801.779044 5108751.345164 -1296.3140
1568801.779044 5108550.240448 -1289.1581
1568801.779044 5108349.135732 -1282.2813
1568801.779044 5108148.031017 -1275.0098
1568801.779044 5107946.926301 -1267.8572
1568801.779044 5107745.821585 -1261.4822
1568801.779044 5107544.716870 -1256.1976
1568801.779044 5107343.612154 -1252.0441
1569002.074497 5110159.078173 -1257.6580
1569002.074497 5109957.973457 -1266.7716
1569002.074497 5109756.868742 -1276.5518
1569002.074497 5109555.764026 -1286.7838
1569002.074497 5109354.659310 -1296.6006
1569002.074497 5109153.554595 -1302.5503
1569002.074497 5108952.449879 -1295.7361
1569002.074497 5108751.345164 -1289.1873
1569002.074497 5108550.240448 -1282.9478
1569002.074497 5108349.135732 -1277.3047
1569002.074497 5108148.031017 -1270.0073
1569002.074497 5107946.926301 -1262.5750
1569002.074497 5107745.821585 -1256.2107
1569002.074497 5107544.716870 -1251.2000
1569002.074497 5107343.612154 -1247.4337
1569002.074497 5107142.507438 -1244.7408
1569202.369949 5109957.973457 -1269.2546
1569202.369949 5109756.868742 -1277.4270
1569202.369949 5109555.764026 -1284.9993
1569202.369949 5109354.659310 -1290.7297
1569202.369949 5109153.554595 -1292.3333
1569202.369949 5108952.449879 -1287.5619
1569202.369949 5108751.345164 -1280.1628
1569202.369949 5108550.240448 -1273.5635
1569202.369949 5108349.135732 -1270.6533
1569202.369949 5108148.031017 -1262.8091
1569202.369949 5107946.926301 -1255.1418
1569202.369949 5107745.821585 -1249.2963
1569202.369949 5107544.716870 -1245.0801
1569202.369949 5107343.612154 -1242.0791
1569202.369949 5107142.507438 -1240.0366
1569202.369949 5106941.402723 -1238.8195
1569402.665402 5109756.868742 -1275.5745
1569402.665402 5109555.764026 -1280.5653
1569402.665402 5109354.659310 -1283.2419
1569402.665402 5109153.554595 -1282.3279
1569402.665402 5108952.449879 -1277.2733
1569402.665402 5108751.345164 -1270.1331
1569402.665402 5108550.240448 -1263.4528
1569402.665402 5108349.135732 -1255.1368
1569402.665402 5108148.031017 -1252.9683
1569402.665402 5107946.926301 -1245.7031
1569402.665402 5107745.821585 -1241.3522
1569402.665402 5107544.716870 -1238.5192
1569402.665402 5107343.612154 -1236.5447
1569402.665402 5107142.507438 -1235.2616
1569402.665402 5106941.402723 -1234.6433
1569402.665402 5106740.298007 -1234.6746
1569602.960855 5109756.868742 -1272.3110
1569602.960855 5109555.764026 -1275.1974
1569602.960855 5109354.659310 -1275.7703
1569602.960855 5109153.554595 -1273.3318
1569602.960855 5108952.449879 -1267.7595
1569602.960855 5108751.345164 -1259.9883
1569602.960855 5108550.240448 -1251.2465
1569602.960855 5108349.135732 -1245.3827
1569602.960855 5108148.031017 -1239.4521
1569602.960855 5107946.926301 -1235.5557
1569602.960855 5107745.821585 -1233.9834
1569602.960855 5107544.716870 -1232.6902
1569602.960855 5107343.612154 -1231.5721
1569602.960855 5107142.507438 -1230.8889
1569602.960855 5106941.402723 -1230.7822
1569602.960855 5106740.298007 -1231.2725
1569602.960855 5106539.193291 -1232.3521
1569803.256307 5109555.764026 -1269.8862
1569803.256307 5109354.659310 -1269.1487
1569803.256307 5109153.554595 -1266.0032
1569803.256307 5108952.449879 -1260.5792
1569803.256307 5108751.345164 -1253.6824
1569803.256307 5108550.240448 -1246.7085
1569803.256307 5108349.135732 -1241.7717
1569803.256307 5108148.031017 -1238.9551
1569803.256307 5107946.926301 -1236.2991
1569803.256307 5107745.821585 -1230.3105
1569803.256307 5107544.716870 -1228.9224
1569803.256307 5107343.612154 -1227.7402
1569803.256307 5107142.507438 -1227.2305
1569803.256307 5106941.402723 -1227.4667
1569803.256307 5106740.298007 -1228.3430
1569803.256307 5106539.193291 -1229.7904
1569803.256307 5106338.088576 -1231.8160
1570003.551760 5109354.659310 -1263.6062
1570003.551760 5109153.554595 -1260.2678
1570003.551760 5108952.449879 -1255.3342
1570003.551760 5108751.345164 -1249.5330
1570003.551760 5108550.240448 -1243.9822
1570003.551760 5108349.135732 -1239.8557
1570003.551760 5108148.031017 -1237.0313
1570003.551760 5107946.926301 -1232.7207
1570003.551760 5107745.821585 -1229.0105
1570003.551760 5107544.716870 -1226.7529
1570003.551760 5107343.612154 -1224.7523
1570003.551760 5107142.507438 -1224.1992
1570003.551760 5106941.402723 -1224.7545
1570003.551760 5106740.298007 -1226.0020
1570003.551760 5106539.193291 -1227.7766
1570003.551760 5106338.088576 -1230.1038
1570003.551760 5106136.983860 -1233.0776
1570203.847213 5109153.554595 -1255.7480
1570203.847213 5108952.449879 -1251.3022
1570203.847213 5108751.345164 -1246.2888
1570203.847213 5108550.240448 -1241.4546
1570203.847213 5108349.135732 -1237.3845
1570203.847213 5108148.031017 -1233.8840
1570203.847213 5107946.926301 -1229.9041
1570203.847213 5107745.821585 -1226.2542
1570203.847213 5107544.716870 -1223.3680
1570203.847213 5107343.612154 -1221.6301
1570203.847213 5107142.507438 -1221.4937
1570203.847213 5106941.402723 -1222.6399
1570203.847213 5106740.298007 -1224.3186
1570203.847213 5106539.193291 -1226.3777
1570203.847213 5106338.088576 -1228.9448
1570203.847213 5106136.983860 -1232.2092
1570404.142666 5108952.449879 -1248.0159
1570404.142666 5108751.345164 -1243.4651
1570404.142666 5108550.240448 -1238.9211
1570404.142666 5108349.135732 -1234.7073
1570404.142666 5108148.031017 -1230.7800
1570404.142666 5107946.926301 -1226.8977
1570404.142666 5107745.821585 -1223.5081
1570404.142666 5107544.716870 -1221.0631
1570404.142666 5107343.612154 -1218.5341
1570404.142666 5107142.507438 -1219.2618
1570404.142666 5106941.402723 -1221.2693
1570404.142666 5106740.298007 -1223.3550
1570404.142666 5106539.193291 -1225.5938
1570404.142666 5106338.088576 -1228.3132
1570404.142666 5106136.983860 -1231.8433
1570404.142666 5105935.879144 -1236.3608
1570604.438118 5108751.345164 -1240.9781
1570604.438118 5108550.240448 -1236.5303
1570604.438118 5108349.135732 -1232.1445
1570604.438118 5108148.031017 -1227.8928
1570604.438118 5107946.926301 -1223.8459
1570604.438118 5107745.821585 -1220.3955
1570604.438118 5107544.716870 -1218.0809
1570604.438118 5107343.612154 -1217.7439
1570604.438118 5107142.507438 -1218.5186
1570604.438118 5106941.402723 -1220.7671
1570604.438118 5106740.298007 -1223.0278
1570604.438118 5106539.193291 -1225.2924
1570604.438118 5106338.088576 -1228.0742
1570604.438118 5106136.983860 -1231.8811
1570604.438118 5105935.879144 -1236.9447
1570604.438118 5105734.774429 -1243.1671
1570804.733571 5108550.240448 -1234.5015
1570804.733571 5108349.135732 -1229.9810
1570804.733571 5108148.031017 -1225.4500
1570804.733571 5107946.926301 -1221.0510
1570804.733571 5107745.821585 -1217.1035
1570804.733571 5107544.716870 -1214.1497
1570804.733571 5107343.612154 -1213.1060
1570804.733571 5107142.507438 -1215.3206
1570804.733571 5106941.402723 -1219.7649
1570804.733571 5106740.298007 -1222.8188
1570804.733571 5106539.193291 -1225.1693
1570804.733571 5106338.088576 -1227.9897
1570804.733571 5106136.983860 -1232.1594
1570804.733571 5105935.879144 -1237.9904
1570804.733571 5105734.774429 -1245.2299
1570804.733571 5105533.669713 -1253.3329
1571005.029024 5108349.135732 -1228.5194
1571005.029024 5108148.031017 -1223.8517
1571005.029024 5107946.926301 -1219.1776
1571005.029024 5107745.821585 -1214.6709
1571005.029024 5107544.716870 -1210.5343
1571005.029024 5107343.612154 -1210.0000
1571005.029024 5107142.507438 -1214.3693
1571005.029024 5106941.402723 -1218.5574
1571005.029024 5106740.298007 -1222.7837
1571005.029024 5106539.193291 -1225.0593
1571005.029024 5106338.088576 -1227.8264
1571005.029024 5106136.983860 -1232.5077
1571005.029024 5105935.879144 -1239.4758
1571005.029024 5105734.774429 -1248.1488
1571005.029024 5105533.669713 -1257.5967
1571005.029024 5105332.564997 -1267.0322
1571205.324476 5108148.031017 -1223.4875
1571205.324476 5107946.926301 -1218.9753
1571205.324476 5107745.821585 -1214.7401
1571205.324476 5107544.716870 -1211.2742
1571205.324476 5107343.612154 -1209.6501
1571205.324476 5107142.507438 -1212.3661
1571205.324476 5106941.402723 -1222.1497
1571205.324476 5106740.298007 -1223.3083
1571205.324476 5106539.193291 -1224.9268
1571205.324476 5106338.088576 -1227.3911
1571205.324476 5106136.983860 -1232.8177
1571205.324476 5105935.879144 -1241.5051
1571205.324476 5105734.774429 -1252.1901
1571205.324476 5105533.669713 -1263.3247
1571205.324476 5105332.564997 -1273.8691
1571205.324476 5105131.460282 -1283.3567
1571405.619929 5107946.926301 -1220.4133
1571405.619929 5107745.821585 -1216.8604
1571405.619929 5107544.716870 -1214.3511
1571405.619929 5107343.612154 -1213.8407
1571405.619929 5107142.507438 -1216.5249
1571405.619929 5106941.402723 -1222.1249
1571405.619929 5106740.298007 -1223.8777
1571405.619929 5106539.193291 -1224.6182
1571405.619929 5106338.088576 -1226.5454
1571405.619929 5106136.983860 -1233.1924
1571405.619929 5105935.879144 -1244.4712
1571405.619929 5105734.774429 -1257.8730
1571405.619929 5105533.669713 -1270.9493
1571405.619929 5105332.564997 -1282.5051
1571405.619929 5105131.460282 -1292.2773
1571405.619929 5104930.355566 -1300.4269
1571605.915382 5107745.821585 -1220.2864
1571605.915382 5107544.716870 -1218.4187
1571605.915382 5107343.612154 -1218.0707
1571605.915382 5107142.507438 -1219.5098
1571605.915382 5106941.402723 -1221.8085
1571605.915382 5106740.298007 -1222.2112
1571605.915382 5106539.193291 -1225.7654
1571605.915382 5106338.088576 -1227.3654
1571605.915382 5106136.983860 -1234.4658
1571605.915382 5105935.879144 -1249.3379
1571605.915382 5105734.774429 -1266.0479
1571605.915382 5105533.669713 -1280.9591
1571605.915382 5105332.564997 -1293.0751
1571605.915382 5105131.460282 -1302.6387
1571605.915382 5104930.355566 -1310.1819
1571605.915382 5104729.250850 -1316.2222
1571806.210835 5107544.716870 -1223.2004
1571806.210835 5107343.612154 -1222.8132
1571806.210835 5107142.507438 -1223.4302
1571806.210835 5106941.402723 -1224.4636
1571806.210835 5106740.298007 -1225.0876
1571806.210835 5106539.193291 -1226.3225
1571806.210835 5106338.088576 -1231.7881
1571806.210835 5106136.983860 -1240.5469
1571806.210835 5105935.879144 -1257.7935
1571806.210835 5105734.774429 -1277.6592
1571806.210835 5105533.669713 -1293.5432
1571806.210835 5105332.564997 -1305.3052
1571806.210835 5105131.460282 -1313.9976
1571806.210835 5104930.355566 -1320.4978
1571806.210835 5104729.250850 -1325.4719
1571806.210835 5104528.146135 -1329.4303
1572006.506287 5107343.612154 -1228.5229
1572006.506287 5107142.507438 -1229.0208
1572006.506287 5106941.402723 -1230.0710
1572006.506287 5106740.298007 -1231.7273
1572006.506287 5106539.193291 -1235.0996
1572006.506287 5106338.088576 -1242.3142
1572006.506287 5106136.983860 -1252.4602
1572006.506287 5105935.879144 -1271.2765
1572006.506287 5105734.774429 -1292.3997
1572006.506287 5105533.669713 -1307.7131
1572006.506287 5105332.564997 -1318.0818
1572006.506287 5105131.460282 -1325.4198
1572006.506287 5104930.355566 -1330.6436
1572006.506287 5104729.250850 -1334.4241
1572006.506287 5104528.146135 -1337.3116
1572006.506287 5104327.041419 -1339.7141
1572206.801740 5107142.507438 -1236.1312
1572206.801740 5106941.402723 -1237.7319
1572206.801740 5106740.298007 -1240.3522
1572206.801740 5106539.193291 -1244.7516
1572206.801740 5106338.088576 -1251.9071
1572206.801740 5106136.983860 -1262.1534
1572206.801740 5105935.879144 -1284.7417
1572206.801740 5105734.774429 -1299.7184
1572206.801740 5105533.669713 -1320.2561
1572206.801740 5105332.564997 -1329.3140
1572206.801740 5105131.460282 -1335.6469
1572206.801740 5104930.355566 -1339.7887
1572206.801740 5104729.250850 -1342.4719
1572206.801740 5104528.146135 -1344.3685
1572206.801740 5104327.041419 -1345.9534
1572206.801740 5104125.936703 -1347.4890
1572407.097193 5106941.402723 -1246.7345
1572407.097193 5106740.298007 -1250.2781
1572407.097193 5106539.193291 -1255.5156
1572407.097193 5106338.088576 -1263.0369
1572407.097193 5106136.983860 -1273.3108
1572407.097193 5105935.879144 -1287.3324
1572407.097193 5105734.774429 -1312.5232
1572407.097193 5105533.669713 -1326.1959
1572407.097193 5105332.564997 -1337.3589
1572407.097193 5105131.460282 -1343.9448
1572407.097193 5104930.355566 -1347.3898
1572407.097193 5104729.250850 -1349.1499
1572407.097193 5104528.146135 -1350.2173
1572407.097193 5104327.041419 -1351.1750
1572407.097193 5104125.936703 -1352.2759
1572407.097193 5103924.831988 -1353.5573
1572607.392646 5106941.402723 -1256.4800
1572607.392646 5106740.298007 -1260.9431
1572607.392646 5106539.193291 -1267.0701
1572607.392646 5106338.088576 -1275.3741
1572607.392646 5106136.983860 -1286.4529
1572607.392646 5105935.879144 -1301.1725
1572607.392646 5105734.774429 -1320.2356
1572607.392646 5105533.669713 -1336.5950
1572607.392646 5105332.564997 -1343.3711
1572607.392646 5105131.460282 -1351.1128
1572607.392646 5104930.355566 -1353.3673
1572607.392646 5104729.250850 -1354.1921
1572607.392646 5104528.146135 -1354.6035
1572607.392646 5104327.041419 -1355.1934
1572607.392646 5104125.936703 -1356.1426
1572607.392646 5103924.831988 -1357.3688
1572607.392646 5103723.727272 -1358.7246
1572807.688098 5106740.298007 -1271.6682
1572807.688098 5106539.193291 -1278.5261
1572807.688098 5106338.088576 -1287.3687
1572807.688098 5106136.983860 -1298.5942
1572807.688098 5105935.879144 -1312.4312
1572807.688098 5105734.774429 -1328.1826
1572807.688098 5105533.669713 -1342.2869
1572807.688098 5105332.564997 -1349.3669
1572807.688098 5105131.460282 -1354.1362
1572807.688098 5104930.355566 -1357.1265
1572807.688098 5104729.250850 -1357.3564
1572807.688098 5104528.146135 -1357.4098
1572807.688098 5104327.041419 -1357.9670
1572807.688098 5104125.936703 -1359.1128
1572807.688098 5103924.831988 -1360.5662
1572807.688098 5103723.727272 -1362.0598
1572807.688098 5103522.622556 -1363.4666
1573007.983551 5106539.193291 -1289.1406
1573007.983551 5106338.088576 -1298.0723
1573007.983551 5106136.983860 -1308.7822
1573007.983551 5105935.879144 -1321.0674
1573007.983551 5105734.774429 -1333.9364
1573007.983551 5105533.669713 -1345.1665
1573007.983551 5105332.564997 -1352.5873
1573007.983551 5105131.460282 -1354.4741
1573007.983551 5104930.355566 -1358.0828
1573007.983551 5104729.250850 -1358.8993
1573007.983551 5104528.146135 -1358.8411
1573007.983551 5104327.041419 -1359.6721
1573007.983551 5104125.936703 -1361.3784
1573007.983551 5103924.831988 -1363.3196
1573007.983551 5103723.727272 -1365.0845
1573007.983551 5103522.622556 -1366.5740
1573007.983551 5103321.517841 -1367.8475
1573208.279004 5106338.088576 -1307.1870
1573208.279004 5106136.983860 -1317.0449
1573208.279004 5105935.879144 -1327.7280
1573208.279004 5105734.774429 -1338.3627
1573208.279004 5105533.669713 -1347.5835
1573208.279004 5105332.564997 -1354.2429
1573208.279004 5105131.460282 -1358.3818
1573208.279004 5104930.355566 -1359.5835
1573208.279004 5104729.250850 -1360.5178
1573208.279004 5104528.146135 -1359.5660
1573208.279004 5104327.041419 -1360.7201
1573208.279004 5104125.936703 -1363.3014
1573208.279004 5103924.831988 -1365.8840
1573208.279004 5103723.727272 -1367.9227
1573208.279004 5103522.622556 -1369.4553
1573208.279004 5103321.517841 -1370.6853
1573408.574456 5106136.983860 -1323.6724
1573408.574456 5105935.879144 -1332.9297
1573408.574456 5105734.774429 -1341.8612
1573408.574456 5105533.669713 -1349.6218
1573408.574456 5105332.564997 -1355.5676
1573408.574456 5105131.460282 -1359.6221
1573408.574456 5104930.355566 -1361.9839
1573408.574456 5104729.250850 -1362.1311
1573408.574456 5104528.146135 -1362.8167
1573408.574456 5104327.041419 -1361.5994
1573408.574456 5104125.936703 -1365.3225
1573408.574456 5103924.831988 -1368.4698
1573408.574456 5103723.727272 -1370.5885
1573408.574456 5103522.622556 -1372.0264
1573408.574456 5103321.517841 -1373.1797
1573408.574456 5103120.413125 -1374.2378
1573608.869909 5105935.879144 -1337.0118
1573608.869909 5105734.774429 -1344.6027
1573608.869909 5105533.669713 -1351.1962
1573608.869909 5105332.564997 -1356.3961
1573608.869909 5105131.460282 -1360.1130
1573608.869909 5104930.355566 -1362.4761
1573608.869909 5104729.250850 -1363.6439
1573608.869909 5104528.146135 -1363.3091
1573608.869909 5104327.041419 -1363.2319
1573608.869909 5104125.936703 -1367.6682
1573608.869909 5103924.831988 -1370.9170
1573608.869909 5103723.727272 -1372.7854
1573608.869909 5103522.622556 -1373.9990
1573608.869909 5103321.517841 -1375.1287
1573608.869909 5103120.413125 -1376.2926
1573608.869909 5102919.308409 -1377.4028
1573809.165362 5105734.774429 -1346.7246
1573809.165362 5105533.669713 -1352.3247
1573809.165362 5105332.564997 -1356.7416
1573809.165362 5105131.460282 -1359.8604
1573809.165362 5104930.355566 -1361.7043
1573809.165362 5104729.250850 -1362.3689
1573809.165362 5104528.146135 -1362.1079
1573809.165362 5104327.041419 -1363.6174
1573809.165362 5104125.936703 -1364.6807
1573809.165362 5103924.831988 -1371.9827
1573809.165362 5103723.727272 -1373.7339
1573809.165362 5103522.622556 -1374.8923
1573809.165362 5103321.517841 -1376.2952
1573809.165362 5103120.413125 -1377.8429
1573809.165362 5102919.308409 -1379.2576
1573809.165362 5102718.203694 -1380.3506
1574009.460815 5105533.669713 -1353.1627
1574009.460815 5105332.564997 -1356.8619
1574009.460815 5105131.460282 -1359.3684
1574009.460815 5104930.355566 -1360.6559
1574009.460815 5104729.250850 -1360.8030
1574009.460815 5104528.146135 -1360.1279
1574009.460815 5104327.041419 -1359.6758
1574009.460815 5104125.936703 -1364.8859
1574009.460815 5103924.831988 -1368.0402
1574009.460815 5103723.727272 -1372.7194
1574009.460815 5103522.622556 -1374.3928
1574009.460815 5103321.517841 -1376.6499
1574009.460815 5103120.413125 -1378.9615
1574009.460815 5102919.308409 -1380.8689
1574009.460815 5102718.203694 -1382.1558
1574009.460815 5102517.098978 -1382.8440
1574209.756267 5105332.564997 -1357.0520
1574209.756267 5105131.460282 -1359.1262
1574209.756267 5104930.355566 -1360.1250
1574209.756267 5104729.250850 -1360.1846
1574209.756267 5104528.146135 -1359.7031
1574209.756267 5104327.041419 -1359.5637
1574209.756267 5104125.936703 -1361.2134
1574209.756267 5103924.831988 -1367.6880
1574209.756267 5103723.727272 -1368.9463
1574209.756267 5103522.622556 -1373.0837
1574209.756267 5103321.517841 -1376.7136
1574209.756267 5103120.413125 -1379.9844
1574209.756267 5102919.308409 -1382.4097
1574209.756267 5102718.203694 -1383.8118
1574209.756267 5102517.098978 -1384.3513
1574209.756267 5102315.994262 -1384.3372
1574410.051720 5105131.460282 -1359.3604
1574410.051720 5104930.355566 -1360.3546
1574410.051720 5104729.250850 -1360.6803
1574410.051720 5104528.146135 -1360.7888
1574410.051720 5104327.041419 -1361.4812
1574410.051720 5104125.936703 -1363.8484
1574410.051720 5103924.831988 -1368.6653
1574410.051720 5103723.727272 -1372.7354
1574410.051720 5103522.622556 -1374.9800
1574410.051720 5103321.517841 -1377.5712
1574410.051720 5103120.413125 -1381.3181
1574410.051720 5102919.308409 -1384.0001
1574410.051720 5102718.203694 -1385.2759
1574410.051720 5102517.098978 -1385.4666
1574410.051720 5102315.994262 -1385.0769
1574410.051720 5102114.889547 -1384.5033
1574610.347173 5104930.355566 -1361.2100
1574610.347173 5104729.250850 -1361.9026
1574610.347173 5104528.146135 -1362.5422
1574610.347173 5104327.041419 -1363.7102
1574610.347173 5104125.936703 -1365.9873
1574610.347173 5103924.831988 -1369.4015
1574610.347173 5103723.727272 -1372.4618
1574610.347173 5103522.622556 -1375.3979
1574610.347173 5103321.517841 -1376.2441
1574610.347173 5103120.413125 -1382.6034
1574610.347173 5102919.308409 -1385.3655
1574610.347173 5102718.203694 -1386.2576
1574610.347173 5102517.098978 -1385.9041
1574610.347173 5102315.994262 -1385.0726
1574610.347173 5102114.889547 -1384.2368
1574610.347173 5101913.784831 -1383.6125
1574810.642625 5104729.250850 -1363.4661
1574810.642625 5104528.146135 -1364.4478
1574810.642625 5104327.041419 -1365.7656
1574810.642625 5104125.936703 -1367.6980
1574810.642625 5103924.831988 -1370.1614
1574810.642625 5103723.727272 -1372.5837
1574810.642625 5103522.622556 -1374.8993
1574810.642625 5103321.517841 -1378.2579
1574810.642625 5103120.413125 -1382.2410
1574810.642625 5102919.308409 -1385.7225
1574810.642625 5102718.203694 -1386.1501
1574810.642625 5102517.098978 -1385.2224
1574810.642625 5102315.994262 -1384.0601
1574810.642625 5102114.889547 -1383.1305
1574810.642625 5101913.784831 -1382.5823
1574810.642625 5101712.680115 -1382.4033
1575010.938078 5104528.146135 -1366.2971
1575010.938078 5104327.041419 -1367.6014
1575010.938078 5104125.936703 -1369.1709
1575010.938078 5103924.831988 -1370.9429
1575010.938078 5103723.727272 -1372.7043
1575010.938078 5103522.622556 -1374.4968
1575010.938078 5103321.517841 -1376.8264
1575010.938078 5103120.413125 -1379.0509
1575010.938078 5102919.308409 -1380.4221
1575010.938078 5102718.203694 -1384.1008
1575010.938078 5102517.098978 -1382.9954
1575010.938078 5102315.994262 -1381.9224
1575010.938078 5102114.889547 -1381.2192
1575010.938078 5101913.784831 -1380.9832
1575010.938078 5101712.680115 -1381.1667
1575010.938078 5101511.575400 -1381.6277
1575211.233531 5104327.041419 -1369.2798
1575211.233531 5104125.936703 -1370.5581
1575211.233531 5103924.831988 -1371.8220
1575211.233531 5103723.727272 -1372.9539
1575211.233531 5103522.622556 -1373.8871
1575211.233531 5103321.517841 -1374.5837
1575211.233531 5103120.413125 -1374.7323
1575211.233531 5102919.308409 -1376.7504
1575211.233531 5102718.203694 -1379.3264
1575211.233531 5102517.098978 -1379.4114
1575211.233531 5102315.994262 -1379.0712
1575211.233531 5102114.889547 -1378.8832
1575211.233531 5101913.784831 -1379.1248
1575211.233531 5101712.680115 -1379.7996
1575211.233531 5101511.575400 -1380.7224
1575211.233531 5101310.470684 -1381.6853
1575411.528984 5104125.936703 -1371.9766
1575411.528984 5103924.831988 -1372.9563
1575411.528984 5103723.727272 -1373.7468
1575411.528984 5103522.622556 -1374.3101
1575411.528984 5103321.517841 -1374.6672
1575411.528984 5103120.413125 -1375.0013
1575411.528984 5102919.308409 -1376.2271
1575411.528984 5102718.203694 -1377.4379
1575411.528984 5102517.098978 -1377.0168
1575411.528984 5102315.994262 -1376.8794
1575411.528984 5102114.889547 -1376.9087
1575411.528984 5101913.784831 -1377.5051
1575411.528984 5101712.680115 -1378.6680
1575411.528984 5101511.575400 -1380.0669
1575411.528984 5101310.470684 -1381.4041
1575411.528984 5101109.365968 -1382.5200
1575611.824436 5104125.936703 -1373.4548
1575611.824436 5103924.831988 -1374.3582
1575611.824436 5103723.727272 -1375.0938
1575611.824436 5103522.622556 -1375.6858
1575611.824436 5103321.517841 -1376.2200
1575611.824436 5103120.413125 -1376.8696
1575611.824436 5102919.308409 -1377.8123
1575611.824436 5102718.203694 -1378.3040
1575611.824436 5102517.098978 -1378.4365
1575611.824436 5102315.994262 -1376.5654
1575611.824436 5102114.889547 -1376.0179
1575611.824436 5101913.784831 -1376.5896
1575611.824436 5101712.680115 -1378.1494
1575611.824436 5101511.575400 -1379.9580
1575611.824436 5101310.470684 -1381.5699
1575611.824436 5101109.365968 -1382.8396
1575611.824436 5100908.261253 -1383.7576
1575812.119889 5103924.831988 -1375.9026
1575812.119889 5103723.727272 -1376.7524
1575812.119889 5103522.622556 -1377.5568
1575812.119889 5103321.517841 -1378.4346
1575812.119889 5103120.413125 -1379.5428
1575812.119889 5102919.308409 -1380.9824
1575812.119889 5102718.203694 -1382.5063
1575812.119889 5102517.098978 -1379.1494
1575812.119889 5102315.994262 -1378.9944
1575812.119889 5102114.889547 -1376.5144
1575812.119889 5101913.784831 -1376.6115
1575812.119889 5101712.680115 -1378.5552
1575812.119889 5101511.575400 -1380.6399
1575812.119889 5101310.470684 -1382.3182
1575812.119889 5101109.365968 -1383.5588
1575812.119889 5100908.261253 -1384.4302
1575812.119889 5100707.156537 -1384.9817
1576012.415342 5103723.727272 -1378.4208
1576012.415342 5103522.622556 -1379.4364
1576012.415342 5103321.517841 -1380.5608
1576012.415342 5103120.413125 -1381.8794
1576012.415342 5102919.308409 -1383.3555
1576012.415342 5102718.203694 -1384.6045
1576012.415342 5102517.098978 -1384.5762
1576012.415342 5102315.994262 -1381.2776
1576012.415342 5102114.889547 -1378.4988
1576012.415342 5101913.784831 -1377.5476
1576012.415342 5101712.680115 -1380.1584
1576012.415342 5101511.575400 -1382.2185
1576012.415342 5101310.470684 -1383.6074
1576012.415342 5101109.365968 -1384.5896
1576012.415342 5100908.261253 -1385.3037
1576012.415342 5100707.156537 -1385.7576
1576012.415342 5100506.051821 -1385.9395
1576212.710795 5103522.622556 -1381.0137
1576212.710795 5103321.517841 -1382.2238
1576212.710795 5103120.413125 -1383.5186
1576212.710795 5102919.308409 -1384.7898
1576212.710795 5102718.203694 -1385.7029
1576212.710795 5102517.098978 -1385.6833
1576212.710795 5102315.994262 -1384.3425
1576212.710795 5102114.889547 -1380.5885
1576212.710795 5101913.784831 -1382.0659
1576212.710795 5101712.680115 -1383.2461
1576212.710795 5101511.575400 -1384.4055
1576212.710795 5101310.470684 -1385.0496
1576212.710795 5101109.365968 -1385.6298
1576212.710795 5100908.261253 -1386.1932
1576212.710795 5100707.156537 -1386.5818
1576212.710795 5100506.051821 -1386.6866
1576413.006247 5103321.517841 -1383.3335
1576413.006247 5103120.413125 -1384.4694
1576413.006247 5102919.308409 -1385.4475
1576413.006247 5102718.203694 -1386.0215
1576413.006247 5102517.098978 -1385.8879
1576413.006247 5102315.994262 -1384.9495
1576413.006247 5102114.889547 -1383.6738
1576413.006247 5101913.784831 -1382.4850
1576413.006247 5101712.680115 -1384.3237
1576413.006247 5101511.575400 -1385.6887
1576413.006247 5101310.470684 -1385.7585
1576413.006247 5101109.365968 -1386.2047
1576413.006247 5100908.261253 -1386.8760
1576413.006247 5100707.156537 -1387.3475
1576413.006247 5100506.051821 -1387.4165
1576413.006247 5100304.947106 -1387.1399
1576613.301700 5103120.413125 -1384.8799
1576613.301700 5102919.308409 -1385.5658
1576613.301700 5102718.203694 -1385.8313
1576613.301700 5102517.098978 -1385.4976
1576613.301700 5102315.994262 -1384.5122
1576613.301700 5102114.889547 -1383.0710
1576613.301700 5101913.784831 -1381.6003
1576613.301700 5101712.680115 -1383.8813
1576613.301700 5101511.575400 -1384.0492
1576613.301700 5101310.470684 -1385.0591
1576613.301700 5101109.365968 -1386.0580
1576613.301700 5100908.261253 -1387.2903
1576613.301700 5100707.156537 -1388.0248
1576613.301700 5100506.051821 -1388.0566
1576613.301700 5100304.947106 -1387.6378
1576613.301700 5100103.842390 -1387.0327
1576813.597153 5102919.308409 -1385.3794
1576813.597153 5102718.203694 -1385.4282
1576813.597153 5102517.098978 -1384.9794
1576813.597153 5102315.994262 -1384.0420
1576813.597153 5102114.889547 -1382.8208
1576813.597153 5101913.784831 -1381.8071
1576813.597153 5101712.680115 -1381.9620
1576813.597153 5101511.575400 -1383.8228
1576813.597153 5101310.470684 -1383.6394
1576813.597153 5101109.365968 -1385.6714
1576813.597153 5100908.261253 -1387.6858
1576813.597153 5100707.156537 -1388.6670
1576813.597153 5100506.051821 -1388.4867
1576813.597153 5100304.947106 -1387.8429
1576813.597153 5100103.842390 -1387.1400
1576813.597153 5099902.737674 -1386.4963
1577013.892605 5102718.203694 -1384.9907
1577013.892605 5102517.098978 -1384.5310
1577013.892605 5102315.994262 -1383.7383
1577013.892605 5102114.889547 -1382.8301
1577013.892605 5101913.784831 -1382.2234
1577013.892605 5101712.680115 -1382.4781
1577013.892605 5101511.575400 -1383.7456
1577013.892605 5101310.470684 -1384.7612
1577013.892605 5101109.365968 -1385.2963
1577013.892605 5100908.261253 -1388.2549
1577013.892605 5100707.156537 -1389.1694
1577013.892605 5100506.051821 -1388.3674
1577013.892605 5100304.947106 -1387.4495
1577013.892605 5100103.842390 -1386.7874
1577013.892605 5099902.737674 -1386.3171
1577013.892605 5099701.632959 -1385.8973
1577214.188058 5102517.098978 -1384.1677
1577214.188058 5102315.994262 -1383.5193
1577214.188058 5102114.889547 -1382.8229
1577214.188058 5101913.784831 -1382.3657
1577214.188058 5101712.680115 -1382.4475
1577214.188058 5101511.575400 -1383.1202
1577214.188058 5101310.470684 -1384.0419
1577214.188058 5101109.365968 -1385.5540
1577214.188058 5100908.261253 -1385.5610
1577214.188058 5100707.156537 -1388.7813
1577214.188058 5100506.051821 -1386.9117
1577214.188058 5100304.947106 -1386.0347
1577214.188058 5100103.842390 -1385.8037
1577214.188058 5099902.737674 -1385.8044
1577214.188058 5099701.632959 -1385.7467
1577214.188058 5099500.528243 -1385.4711
1577414.483511 5102315.994262 -1383.3068
1577414.483511 5102114.889547 -1382.6965
1577414.483511 5101913.784831 -1382.1929
1577414.483511 5101712.680115 -1381.9272
1577414.483511 5101511.575400 -1381.8704
1577414.483511 5101310.470684 -1381.7957
1577414.483511 5101109.365968 -1381.5640
1577414.483511 5100908.261253 -1385.6067
1577414.483511 5100707.156537 -1382.6774
1577414.483511 5100506.051821 -1383.0225
1577414.483511 5100304.947106 -1383.4363
1577414.483511 5100103.842390 -1384.2501
1577414.483511 5099902.737674 -1385.0532
1577414.483511 5099701.632959 -1385.5375
1577414.483511 5099500.528243 -1385.5066
1577414.483511 5099299.423528 -1385.0376
1577614.778964 5102114.889547 -1382.4863
1577614.778964 5101913.784831 -1381.8730
1577614.778964 5101712.680115 -1381.2986
1577614.778964 5101511.575400 -1380.7458
1577614.778964 5101310.470684 -1380.1620
1577614.778964 5101109.365968 -1379.6597
1577614.778964 5100908.261253 -1379.8048
1577614.778964 5100707.156537 -1381.7366
1577614.778964 5100506.051821 -1379.1538
1577614.778964 5100304.947106 -1380.8176
1577614.778964 5100103.842390 -1382.6023
1577614.778964 5099902.737674 -1384.2985
1577614.778964 5099701.632959 -1385.4247
1577614.778964 5099500.528243 -1385.5906
1577614.778964 5099299.423528 -1385.0447
1577614.778964 5099098.318812 -1384.1979
1577815.074416 5101913.784831 -1381.5493
1577815.074416 5101712.680115 -1380.7637
1577815.074416 5101511.575400 -1379.9152
1577815.074416 5101310.470684 -1379.0522
1577815.074416 5101109.365968 -1378.3691
1577815.074416 5100908.261253 -1378.2747
1577815.074416 5100707.156537 -1379.0265
1577815.074416 5100506.051821 -1378.3406
1577815.074416 5100304.947106 -1379.1296
1577815.074416 5100103.842390 -1380.8885
1577815.074416 5099902.737674 -1383.6206
1577815.074416 5099701.632959 -1385.5568
1577815.074416 5099500.528243 -1385.7322
1577815.074416 5099299.423528 -1384.8964
1577815.074416 5099098.318812 -1383.8112
1577815.074416 5098897.214096 -1382.8428
1578015.369869 5101712.680115 -1380.3811
1578015.369869 5101511.575400 -1379.3408
1578015.369869 5101310.470684 -1378.2212
1578015.369869 5101109.365968 -1377.1202
1578015.369869 5100908.261253 -1376.1055
1578015.369869 5100707.156537 -1374.8955
1578015.369869 5100506.051821 -1372.4868
1578015.369869 5100304.947106 -1371.6648
1578015.369869 5100103.842390 -1375.7218
1578015.369869 5099902.737674 -1382.9418
1578015.369869 5099701.632959 -1386.1356
1578015.369869 5099500.528243 -1385.8025
1578015.369869 5099299.423528 -1384.3508
1578015.369869 5099098.318812 -1382.9969
1578015.369869 5098897.214096 -1382.0144
1578015.369869 5098696.109381 -1381.3525
1578215.665322 5101511.575400 -1379.0353
1578215.665322 5101310.470684 -1377.7590
1578215.665322 5101109.365968 -1376.3945
1578215.665322 5100908.261253 -1374.9736
1578215.665322 5100707.156537 -1373.4783
1578215.665322 5100506.051821 -1372.1467
1578215.665322 5100304.947106 -1372.9346
1578215.665322 5100103.842390 -1380.6887
1578215.665322 5099902.737674 -1384.4756
1578215.665322 5099701.632959 -1387.5674
1578215.665322 5099500.528243 -1385.2615
1578215.665322 5099299.423528 -1382.9492
1578215.665322 5099098.318812 -1381.5724
1578215.665322 5098897.214096 -1380.8418
1578215.665322 5098696.109381 -1380.4373
1578215.665322 5098495.004665 -1380.1929
1578415.960774 5101310.470684 -1377.7162
1578415.960774 5101109.365968 -1376.3403
1578415.960774 5100908.261253 -1374.9728
1578415.960774 5100707.156537 -1373.8140
1578415.960774 5100506.051821 -1373.3818
1578415.960774 5100304.947106 -1374.8218
1578415.960774 5100103.842390 -1378.9749
1578415.960774 5099902.737674 -1383.2343
1578415.960774 5099701.632959 -1384.8220
1578415.960774 5099500.528243 -1382.3146
1578415.960774 5099299.423528 -1380.1846
1578415.960774 5099098.318812 -1379.6267
1578415.960774 5098897.214096 -1379.5460
1578415.960774 5098696.109381 -1379.5289
1578415.960774 5098495.004665 -1379.4998
1578415.960774 5098293.899949 -1379.4714
1578616.256227 5101310.470684 -1378.0084
1578616.256227 5101109.365968 -1376.7848
1578616.256227 5100908.261253 -1375.6509
1578616.256227 5100707.156537 -1374.8481
1578616.256227 5100506.051821 -1374.7678
1578616.256227 5100304.947106 -1375.8553
1578616.256227 5100103.842390 -1377.9380
1578616.256227 5099902.737674 -1379.2506
1578616.256227 5099701.632959 -1379.3241
1578616.256227 5099500.528243 -1377.9792
1578616.256227 5099299.423528 -1377.1724
1578616.256227 5099098.318812 -1378.1659
1578616.256227 5098897.214096 -1378.7246
1578616.256227 5098696.109381 -1378.9260
1578616.256227 5098495.004665 -1378.9764
1578616.256227 5098293.899949 -1378.9917
1578616.256227 5098092.795234 -1379.0239
1578816.551680 5101109.365968 -1377.4784
1578816.551680 5100908.261253 -1376.6028
1578816.551680 5100707.156537 -1376.0669
1578816.551680 5100506.051821 -1376.1201
1578816.551680 5100304.947106 -1376.9349
1578816.551680 5100103.842390 -1378.3391
1578816.551680 5099902.737674 -1379.7549
1578816.551680 5099701.632959 -1381.2134
1578816.551680 5099500.528243 -1381.0592
1578816.551680 5099299.423528 -1379.3239
1578816.551680 5099098.318812 -1378.9966
1578816.551680 5098897.214096 -1378.9526
1578816.551680 5098696.109381 -1378.7749
1578816.551680 5098495.004665 -1378.6505
1578816.551680 5098293.899949 -1378.6023
1578816.551680 5098092.795234 -1378.6382
1578816.551680 5097891.690518 -1378.7285
1579016.847133 5100908.261253 -1377.5571
1579016.847133 5100707.156537 -1377.2021
1579016.847133 5100506.051821 -1377.3042
1579016.847133 5100304.947106 -1377.9443
1579016.847133 5100103.842390 -1379.0283
1579016.847133 5099902.737674 -1380.3044
1579016.847133 5099701.632959 -1381.5498
1579016.847133 5099500.528243 -1382.0087
1579016.847133 5099299.423528 -1379.8726
1579016.847133 5099098.318812 -1380.6130
1579016.847133 5098897.214096 -1379.3881
1579016.847133 5098696.109381 -1378.6272
1579016.847133 5098495.004665 -1378.3241
1579016.847133 5098293.899949 -1378.2144
1579016.847133 5098092.795234 -1378.2750
1579016.847133 5097891.690518 -1378.4191
1579217.142585 5100707.156537 -1378.1063
1579217.142585 5100506.051821 -1378.1993
1579217.142585 5100304.947106 -1378.6731
1579217.142585 5100103.842390 -1379.4609
1579217.142585 5099902.737674 -1380.3893
1579217.142585 5099701.632959 -1381.1997
1579217.142585 5099500.528243 -1381.4520
1579217.142585 5099299.423528 -1380.8939
1579217.142585 5099098.318812 -1380.2561
1579217.142585 5098897.214096 -1377.1199
1579217.142585 5098696.109381 -1377.8003
1579217.142585 5098495.004665 -1377.8032
1579217.142585 5098293.899949 -1377.7456
1579217.142585 5098092.795234 -1377.9167
1579217.142585 5097891.690518 -1378.1664
1579217.142585 5097690.585802 -1378.3607
1579417.438038 5100506.051821 -1378.7639
1579417.438038 5100304.947106 -1379.0580
1579417.438038 5100103.842390 -1379.5417
1579417.438038 5099902.737674 -1380.0645
1579417.438038 5099701.632959 -1380.3872
1579417.438038 5099500.528243 -1380.1869
1579417.438038 5099299.423528 -1379.2079
1579417.438038 5099098.318812 -1377.4379
1579417.438038 5098897.214096 -1376.6998
1579417.438038 5098696.109381 -1377.5515
1579417.438038 5098495.004665 -1377.3988
1579417.438038 5098293.899949 -1377.2322
1579417.438038 5098092.795234 -1377.6115
1579417.438038 5097891.690518 -1378.0189
1579417.438038 5097690.585802 -1378.2390
1579417.438038 5097489.481087 -1378.3245
1579617.733491 5100304.947106 -1379.1538
1579617.733491 5100103.842390 -1379.3706
1579617.733491 5099902.737674 -1379.5586
1579617.733491 5099701.632959 -1379.5378
1579617.733491 5099500.528243 -1379.1094
1579617.733491 5099299.423528 -1378.1713
1579617.733491 5099098.318812 -1376.8979
1579617.733491 5098897.214096 -1376.0046
1579617.733491 5098696.109381 -1377.9141
1579617.733491 5098495.004665 -1377.2241
1579617.733491 5098293.899949 -1376.6343
1579617.733491 5098092.795234 -1377.4824
1579617.733491 5097891.690518 -1378.0543
1579617.733491 5097690.585802 -1378.1912
1579617.733491 5097489.481087 -1378.1619
1579617.733491 5097288.376371 -1378.1479
1579818.028943 5100103.842390 -1379.0743
1579818.028943 5099902.737674 -1379.0403
1579818.028943 5099701.632959 -1378.8434
1579818.028943 5099500.528243 -1378.3943
1579818.028943 5099299.423528 -1377.7150
1579818.028943 5099098.318812 -1377.0543
1579818.028943 5098897.214096 -1376.9565
1579818.028943 5098696.109381 -1377.9626
1579818.028943 5098495.004665 -1376.8677
1579818.028943 5098293.899949 -1376.7852
1579818.028943 5098092.795234 -1377.8584
1579818.028943 5097891.690518 -1378.3105
1579818.028943 5097690.585802 -1378.0939
1579818.028943 5097489.481087 -1377.8679
1579818.028943 5097288.376371 -1377.8081
1579818.028943 5097087.271655 -1377.9104
1580018.324396 5099902.737674 -1378.5830
1580018.324396 5099701.632959 -1378.3142
1580018.324396 5099500.528243 -1377.9109
1580018.324396 5099299.423528 -1377.4286
1580018.324396 5099098.318812 -1377.0420
1580018.324396 5098897.214096 -1376.9847
1580018.324396 5098696.109381 -1377.2423
1580018.324396 5098495.004665 -1376.9575
1580018.324396 5098293.899949 -1377.2966
1580018.324396 5098092.795234 -1377.8846
1580018.324396 5097891.690518 -1378.3677
1580018.324396 5097690.585802 -1377.5281
1580018.324396 5097489.481087 -1377.2142
1580018.324396 5097288.376371 -1377.2651
1580018.324396 5097087.271655 -1377.5111
1580018.324396 5096886.166940 -1377.8591
1580218.619849 5099701.632959 -1377.9146
1580218.619849 5099500.528243 -1377.5492
1580218.619849 5099299.423528 -1377.1559
1580218.619849 5099098.318812 -1376.8240
1580218.619849 5098897.214096 -1376.6331
1580218.619849 5098696.109381 -1376.5247
1580218.619849 5098495.004665 -1376.2827
1580218.619849 5098293.899949 -1376.2572
1580218.619849 5098092.795234 -1377.0195
1580218.619849 5097891.690518 -1376.0867
1580218.619849 5097690.585802 -1375.7959
1580218.619849 5097489.481087 -1376.0472
1580218.619849 5097288.376371 -1376.5336
1580218.619849 5097087.271655 -1377.0714
1580218.619849 5096886.166940 -1377.5952
1580218.619849 5096685.062224 -1378.1160
1580418.915302 5099500.528243 -1377.2712
1580418.915302 5099299.423528 -1376.8940
1580418.915302 5099098.318812 -1376.5227
1580418.915302 5098897.214096 -1376.1704
1580418.915302 5098696.109381 -1375.7919
1580418.915302 5098495.004665 -1375.3147
1580418.915302 5098293.899949 -1374.8147
1580418.915302 5098092.795234 -1374.2784
1580418.915302 5097891.690518 -1373.4351
1580418.915302 5097690.585802 -1373.7975
1580418.915302 5097489.481087 -1374.8678
1580418.915302 5097288.376371 -1375.8960
1580418.915302 5097087.271655 -1376.7501
1580418.915302 5096886.166940 -1377.4297
1580418.915302 5096685.062224 -1378.0231
1580418.915302 5096483.957508 -1378.6212
1580619.210754 5099299.423528 -1376.6915
1580619.210754 5099098.318812 -1376.2616
1580619.210754 5098897.214096 -1375.7798
1580619.210754 5098696.109381 -1375.2129
1580619.210754 5098495.004665 -1374.5316
1580619.210754 5098293.899949 -1373.7629
1580619.210754 5098092.795234 -1372.9611
1580619.210754 5097891.690518 -1372.3092
1580619.210754 5097690.585802 -1373.3839
1580619.210754 5097489.481087 -1374.3444
1580619.210754 5097288.376371 -1375.6744
1580619.210754 5097087.271655 -1376.7080
1580619.210754 5096886.166940 -1377.4304
1580619.210754 5096685.062224 -1378.0194
1580619.210754 5096483.957508 -1378.6243
1580619.210754 5096282.852793 -1379.3054
1580819.506207 5099098.318812 -1376.1261
1580819.506207 5098897.214096 -1375.5740
1580819.506207 5098696.109381 -1374.9182
1580819.506207 5098495.004665 -1374.1577
1580819.506207 5098293.899949 -1373.3403
1580819.506207 5098092.795234 -1372.5864
1580819.506207 5097891.690518 -1372.1709
1580819.506207 5097690.585802 -1374.2452
1580819.506207 5097489.481087 -1374.1741
1580819.506207 5097288.376371 -1375.8458
1580819.506207 5097087.271655 -1376.9646
1580819.506207 5096886.166940 -1377.5864
1580819.506207 5096685.062224 -1378.0804
1580819.506207 5096483.957508 -1378.6667
1580819.506207 5096282.852793 -1379.3733
1580819.506207 5096081.748077 -1380.1779
1581019.801660 5098897.214096 -1375.5953
1581019.801660 5098696.109381 -1374.9413
1581019.801660 5098495.004665 -1374.2136
1581019.801660 5098293.899949 -1373.4795
1581019.801660 5098092.795234 -1372.8738
1581019.801660 5097891.690518 -1372.6223
1581019.801660 5097690.585802 -1373.0220
1581019.801660 5097489.481087 -1374.9316
1581019.801660 5097288.376371 -1376.2115
1581019.801660 5097087.271655 -1377.4425
1581019.801660 5096886.166940 -1377.8052
1581019.801660 5096685.062224 -1378.1400
1581019.801660 5096483.957508 -1378.7379
1581019.801660 5096282.852793 -1379.4980
1581019.801660 5096081.748077 -1380.3442
1581019.801660 5095880.643361 -1381.2600
1581220.097113 5098696.109381 -1375.2456
1581220.097113 5098495.004665 -1374.6230
1581220.097113 5098293.899949 -1374.0381
1581220.097113 5098092.795234 -1373.6150
1581220.097113 5097891.690518 -1373.5208
1581220.097113 5097690.585802 -1373.9229
1581220.097113 5097489.481087 -1374.8765
1581220.097113 5097288.376371 -1377.0917
1581220.097113 5097087.271655 -1377.9132
1581220.097113 5096886.166940 -1377.9534
1581220.097113 5096685.062224 -1378.1367
1581220.097113 5096483.957508 -1378.8821
1581220.097113 5096282.852793 -1379.7446
1581220.097113 5096081.748077 -1380.6190
1581220.097113 5095880.643361 -1381.5359
1581220.097113 5095679.538646 -1382.5297
1581420.392565 5098495.004665 -1375.2770
1581420.392565 5098293.899949 -1374.8644
1581420.392565 5098092.795234 -1374.6274
1581420.392565 5097891.690518 -1374.6953
1581420.392565 5097690.585802 -1375.1864
1581420.392565 5097489.481087 -1376.1577
1581420.392565 5097288.376371 -1377.5557
1581420.392565 5097087.271655 -1378.7079
1581420.392565 5096886.166940 -1378.8350
1581420.392565 5096685.062224 -1378.1445
1581420.392565 5096483.957508 -1379.2986
1581420.392565 5096282.852793 -1380.2471
1581420.392565 5096081.748077 -1381.0684
1581420.392565 5095880.643361 -1381.9252
1581420.392565 5095679.538646 -1382.8806
1581420.392565 5095478.433930 -1383.9644
1581620.688018 5098495.004665 -1376.0701
1581620.688018 5098293.899949 -1375.8218
1581620.688018 5098092.795234 -1375.7454
1581620.688018 5097891.690518 -1375.9332
1581620.688018 5097690.585802 -1376.4570
1581620.688018 5097489.481087 -1377.3213
1581620.688018 5097288.376371 -1378.3893
1581620.688018 5097087.271655 -1379.2273
1581620.688018 5096886.166940 -1377.9658
1581620.688018 5096685.062224 -1378.5992
1581620.688018 5096483.957508 -1380.4078
1581620.688018 5096282.852793 -1381.1401
1581620.688018 5096081.748077 -1381.7223
1581620.688018 5095880.643361 -1382.4478
1581620.688018 5095679.538646 -1383.3181
1581620.688018 5095478.433930 -1384.3602
1581620.688018 5095277.329214 -1385.5938
1581820.983471 5098293.899949 -1376.8137
1581820.983471 5098092.795234 -1376.8628
1581820.983471 5097891.690518 -1377.1261
1581820.983471 5097690.585802 -1377.6348
1581820.983471 5097489.481087 -1378.3531
1581820.983471 5097288.376371 -1379.1307
1581820.983471 5097087.271655 -1379.6716
1581820.983471 5096886.166940 -1379.6993
1581820.983471 5096685.062224 -1379.9159
1581820.983471 5096483.957508 -1381.7740
1581820.983471 5096282.852793 -1382.2406
1581820.983471 5096081.748077 -1382.4927
1581820.983471 5095880.643361 -1383.1173
1581820.983471 5095679.538646 -1383.8646
1581820.983471 5095478.433930 -1384.8219
1581820.983471 5095277.329214 -1386.0400
1581820.983471 5095076.224499 -1387.4968
1582021.278923 5098092.795234 -1377.9344
1582021.278923 5097891.690518 -1378.2526
1582021.278923 5097690.585802 -1378.7505
1582021.278923 5097489.481087 -1379.3877
1582021.278923 5097288.376371 -1380.0586
1582021.278923 5097087.271655 -1380.6163
1582021.278923 5096886.166940 -1381.0146
1582021.278923 5096685.062224 -1381.5879
1582021.278923 5096483.957508 -1383.0554
1582021.278923 5096282.852793 -1382.6322
1582021.278923 5096081.748077 -1383.3453
1582021.278923 5095880.643361 -1384.0651
1582021.278923 5095679.538646 -1384.5759
1582021.278923 5095478.433930 -1385.3688
1582021.278923 5095277.329214 -1386.5466
1582021.278923 5095076.224499 -1388.0363
1582221.574376 5097891.690518 -1379.3219
1582221.574376 5097690.585802 -1379.8373
1582221.574376 5097489.481087 -1380.4717
1582221.574376 5097288.376371 -1381.1721
1582221.574376 5097087.271655 -1381.8923
1582221.574376 5096886.166940 -1382.6716
1582221.574376 5096685.062224 -1383.7076
1582221.574376 5096483.957508 -1385.1506
1582221.574376 5096282.852793 -1384.8474
1582221.574376 5096081.748077 -1385.5946
1582221.574376 5095880.643361 -1385.7139
1582221.574376 5095679.538646 -1385.4819
1582221.574376 5095478.433930 -1385.9998
1582221.574376 5095277.329214 -1387.1461
1582221.574376 5095076.224499 -1388.6681
1582221.574376 5094875.119783 -1390.4357
1582421.869829 5097690.585802 -1380.9020
1582421.869829 5097489.481087 -1381.5780
1582421.869829 5097288.376371 -1382.3535
1582421.869829 5097087.271655 -1383.2198
1582421.869829 5096886.166940 -1384.2026
1582421.869829 5096685.062224 -1385.3406
1582421.869829 5096483.957508 -1386.5068
1582421.869829 5096282.852793 -1387.0880
1582421.869829 5096081.748077 -1385.9905
1582421.869829 5095880.643361 -1387.8601
1582421.869829 5095679.538646 -1386.2192
1582421.869829 5095478.433930 -1386.6633
1582421.869829 5095277.329214 -1387.9185
1582421.869829 5095076.224499 -1389.4781
1582421.869829 5094875.119783 -1391.2517
1582421.869829 5094674.015067 -1393.1898
1582622.165282 5097489.481087 -1382.6722
1582622.165282 5097288.376371 -1383.5192
1582622.165282 5097087.271655 -1384.4797
1582622.165282 5096886.166940 -1385.5525
1582622.165282 5096685.062224 -1386.7120
1582622.165282 5096483.957508 -1387.8414
1582622.165282 5096282.852793 -1388.7319
1582622.165282 5096081.748077 -1389.4642
1582622.165282 5095880.643361 -1388.8374
1582622.165282 5095679.538646 -1387.2905
1582622.165282 5095478.433930 -1387.5691
1582622.165282 5095277.329214 -1389.1038
1582622.165282 5095076.224499 -1390.6128
1582622.165282 5094875.119783 -1392.3024
1582622.165282 5094674.015067 -1394.1295
1582622.165282 5094472.910352 -1396.1292
1582822.460734 5097288.376371 -1384.6434
1582822.460734 5097087.271655 -1385.6563
1582822.460734 5096886.166940 -1386.7571
1582822.460734 5096685.062224 -1387.8906
1582822.460734 5096483.957508 -1388.9401
1582822.460734 5096282.852793 -1389.7301
1582822.460734 5096081.748077 -1390.0686
1582822.460734 5095880.643361 -1389.5002
1582822.460734 5095679.538646 -1387.5989
1582822.460734 5095478.433930 -1389.1501
1582822.460734 5095277.329214 -1391.0564
1582822.460734 5095076.224499 -1392.2013
1582822.460734 5094875.119783 -1393.7153
1582822.460734 5094674.015067 -1395.2712
1582822.460734 5094472.910352 -1397.0247
1582822.460734 5094271.805636 -1399.1260
1583022.756187 5097087.271655 -1386.7875
1583022.756187 5096886.166940 -1387.9019
1583022.756187 5096685.062224 -1389.0181
1583022.756187 5096483.957508 -1390.0251
1583022.756187 5096282.852793 -1390.7661
1583022.756187 5096081.748077 -1391.0557
1583022.756187 5095880.643361 -1390.7120
1583022.756187 5095679.538646 -1389.9910
1583022.756187 5095478.433930 -1391.9333
1583022.756187 5095277.329214 -1393.1859
1583022.756187 5095076.224499 -1394.1960
1583022.756187 5094875.119783 -1395.7000
1583022.756187 5094674.015067 -1396.7122
1583022.756187 5094472.910352 -1397.9771
1583022.756187 5094271.805636 -1399.8621
1583022.756187 5094070.700920 -1402.2870
1583223.051640 5096886.166940 -1389.0724
1583223.051640 5096685.062224 -1390.2246
1583223.051640 5096483.957508 -1391.2974
1583223.051640 5096282.852793 -1392.1912
1583223.051640 5096081.748077 -1392.8296
1583223.051640 5095880.643361 -1393.2556
1583223.051640 5095679.538646 -1393.8669
1583223.051640 5095478.433930 -1395.5576
1583223.051640 5095277.329214 -1395.9663
1583223.051640 5095076.224499 -1398.3929
1583223.051640 5094875.119783 -1398.8856
1583223.051640 5094674.015067 -1398.5308
1583223.051640 5094472.910352 -1398.9404
1583223.051640 5094271.805636 -1400.5635
1583223.051640 5094070.700920 -1403.0156
1583223.051640 5093869.596205 -1405.8762
1583423.347092 5096685.062224 -1391.5574
1583423.347092 5096483.957508 -1392.7832
1583423.347092 5096282.852793 -1393.9479
1583423.347092 5096081.748077 -1395.0522
1583423.347092 5095880.643361 -1396.2015
1583423.347092 5095679.538646 -1397.6577
1583423.347092 5095478.433930 -1399.6897
1583423.347092 5095277.329214 -1401.8174
1583423.347092 5095076.224499 -1403.0089
1583423.347092 5094875.119783 -1403.5032
1583423.347092 5094674.015067 -1400.3041
1583423.347092 5094472.910352 -1399.7261
1583423.347092 5094271.805636 -1401.2963
1583423.347092 5094070.700920 -1403.8944
1583423.347092 5093869.596205 -1406.8965
1583423.347092 5093668.491489 -1409.9810
1583623.642545 5096483.957508 -1394.4025
1583623.642545 5096282.852793 -1395.8457
1583623.642545 5096081.748077 -1397.3499
1583623.642545 5095880.643361 -1398.9962
1583623.642545 5095679.538646 -1400.9087
1583623.642545 5095478.433930 -1403.1232
1583623.642545 5095277.329214 -1405.3325
1583623.642545 5095076.224499 -1406.9490
1583623.642545 5094875.119783 -1405.9910
1583623.642545 5094674.015067 -1401.7083
1583623.642545 5094472.910352 -1400.3434
1583623.642545 5094271.805636 -1402.4177
1583623.642545 5094070.700920 -1405.2212
1583623.642545 5093869.596205 -1408.2920
1583623.642545 5093668.491489 -1411.3865
1583823.937998 5096282.852793 -1397.7216
1583823.937998 5096081.748077 -1399.4913
1583823.937998 5095880.643361 -1401.3972
1583823.937998 5095679.538646 -1403.4491
1583823.937998 5095478.433930 -1405.5449
1583823.937998 5095277.329214 -1407.3419
1583823.937998 5095076.224499 -1408.2026
1583823.937998 5094875.119783 -1407.1160
1583823.937998 5094674.015067 -1403.6233
1583823.937998 5094472.910352 -1403.2747
1583823.937998 5094271.805636 -1404.8525
1583823.937998 5094070.700920 -1407.3517
1583823.937998 5093869.596205 -1410.2177
1584024.233451 5096081.748077 -1401.3977
1584024.233451 5095880.643361 -1403.3955
1584024.233451 5095679.538646 -1405.4172
1584024.233451 5095478.433930 -1407.3038
1584024.233451 5095277.329214 -1408.7458
1584024.233451 5095076.224499 -1409.3031
1584024.233451 5094875.119783 -1408.5879
1584024.233451 5094674.015067 -1406.9773
1584024.233451 5094472.910352 -1406.7642
1584024.233451 5094271.805636 -1407.9569
1584024.233451 5094070.700920 -1410.0400
1584024.233451 5093869.596205 -1412.5664
1584224.528903 5095880.643361 -1405.0861
1584224.528903 5095679.538646 -1407.0287
1584224.528903 5095478.433930 -1408.7533
1584224.528903 5095277.329214 -1410.0319
1584224.528903 5095076.224499 -1410.6244
1584224.528903 5094875.119783 -1410.4565
1584224.528903 5094674.015067 -1409.9431
1584224.528903 5094472.910352 -1410.0938
1584224.528903 5094271.805636 -1411.1488
1584224.528903 5094070.700920 -1412.9167
1584424.824356 5095679.538646 -1408.4520
1584424.824356 5095478.433930 -1410.0939
1584424.824356 5095277.329214 -1411.3533
1584424.824356 5095076.224499 -1412.1190
1584424.824356 5094875.119783 -1412.4288
1584424.824356 5094674.015067 -1412.5846
1584424.824356 5094472.910352 -1413.0830
1584424.824356 5094271.805636 -1414.1420
1584625.119809 5095679.538646 -1409.7906
1584625.119809 5095478.433930 -1411.4119
1584625.119809 5095277.329214 -1412.7267
1584625.119809 5095076.224499 -1413.6906
1584625.119809 5094875.119783 -1414.3655
1584625.119809 5094674.015067 -1414.9526
1584625.119809 5094472.910352 -1415.7250
1584825.415262 5095478.433930 -1412.7391
1584825.415262 5095277.329214 -1414.1361
1584825.415262 5095076.224499 -1415.2762
1584825.415262 5094875.119783 -1416.2180
1584825.415262 5094674.015067 -1417.0935
1585025.710714 5095277.329214 -1415.5679
1585025.710714 5095076.224499 -1416.8525
1585025.710714 5094875.119783 -1417.9865
1585025.710714 5094674.015067 -1419.0598
1585226.006167 5095076.224499 -1418.4209
1585226.006167 5094875.119783 -1419.6971
