  1584229.00   5094302.00 CB82-08        1.00
  1584070.00   5094442.00 CB82-08       10.00
  1583429.00   5094999.00 CB82-08       46.00
  1582983.00   5095400.00 CB82-08       71.00
  1582765.00   5095613.00 CB82-08       83.00
  1582446.00   5095920.00 CB82-08      101.00
  1580455.00   5097853.00 CB82-08      212.00
  1580292.00   5098010.00 CB82-08      221.00
  1580093.00   5098197.00 CB82-08      232.00
  1579873.00   5098406.00 CB82-08      244.00
  1579478.00   5098784.00 CB82-08      266.00
  1579117.00   5099129.00 CB82-08      286.00
  1578990.00   5099252.00 CB82-08      293.00
  1578846.00   5099391.00 CB82-08      301.00
  1578703.00   5099528.00 CB82-08      309.00
  1578047.00   5100171.00 CB82-08      346.00
  1577744.00   5100473.00 CB82-08      363.00
  1577515.00   5100703.00 CB82-08      376.00
  1576868.00   5101324.00 CB82-08      412.00
  1576572.00   5101591.00 CB82-08      428.00
  1576233.00   5101917.00 CB82-08      447.00
  1575142.00   5102981.00 CB82-08      508.00
  1574964.00   5103156.00 CB82-08      518.00
  1574842.00   5103279.00 CB82-08      525.00
  1574681.00   5103439.00 CB82-08      534.00
  1574501.00   5103611.00 CB82-08      544.00
  1574376.00   5103734.00 CB82-08      551.00
  1574069.00   5104026.00 CB82-08      568.00
  1573921.00   5104161.00 CB82-08      576.00
  1573168.00   5104887.00 CB82-08      618.00
  1572894.00   5105147.00 CB82-08      633.00
  1572767.00   5105267.00 CB82-08      640.00
  1572640.00   5105387.00 CB82-08      647.00
  1572373.00   5105645.00 CB82-08      662.00
  1572193.00   5105820.00 CB82-08      672.00
  1572016.00   5105999.00 CB82-08      682.00
  1571948.00   5106066.00 CB82-08      686.00
  1571771.00   5106241.00 CB82-08      696.00
  1571103.00   5106883.00 CB82-08      733.00
  1570882.00   5107085.00 CB82-08      745.00
  1570371.00   5107562.00 CB82-08      773.00
  1570297.00   5107632.00 CB82-08      777.00
  1570172.00   5107752.00 CB82-08      784.00
  1569836.00   5108084.00 CB82-08      803.00
  1569626.00   5108296.00 CB82-08      815.00
  1569385.00   5108538.00 CB82-08      829.00
  1569189.00   5108732.00 CB82-08      840.00
  1569099.00   5108821.00 CB82-08      845.00
  1568702.00   5109201.00 CB82-08      867.00
  1568649.00   5109254.00 CB82-08      870.00
  1568488.00   5109407.00 CB82-08      879.00
  1568198.00   5109686.00 CB82-08      895.00
  1567712.00   5110150.00 CB82-08      922.00
  1567496.00   5110359.00 CB82-08      934.00
  1566776.00   5111084.00 CB82-08      975.00
  1566544.00   5111314.00 CB82-08      988.00
  1566509.00   5111344.00 CB82-08      990.00
  1566493.00   5111369.00 CB82-08      991.00
  1566346.00   5111501.00 CB82-08      999.00
  1566196.00   5111636.00 CB82-08     1007.00
  1566012.00   5111804.00 CB82-08     1017.00
  1565776.00   5112026.00 CB82-08     1030.00
  1565629.00   5112164.00 CB82-08     1038.00
  1565394.00   5112384.00 CB82-08     1051.00
  1565088.00   5112676.00 CB82-08     1068.00
  1564946.00   5112817.00 CB82-08     1076.00
  1564657.00   5113093.00 CB82-08     1092.00
  1564588.00   5113161.00 CB82-08     1096.00
  1564445.00   5113302.00 CB82-08     1104.00
  1564217.00   5113532.00 CB82-08     1117.00
  1564110.00   5113633.00 CB82-08     1123.00
  1564000.00   5113741.00 CB82-08     1129.00
  1562562.00   5115097.00 CB82-08     1208.00
  1561822.00   5115805.00 CB82-08     1249.00
  1561589.00   5116032.00 CB82-08     1262.00
  1561147.00   5116465.00 CB82-08     1287.00
  1560277.00   5117327.00 CB82-08     1336.00
  1560189.00   5117415.00 CB82-08     1341.00
  1559887.00   5117710.00 CB82-08     1358.00
  1559762.00   5117829.00 CB82-08     1365.00
  1559166.00   5118400.00 CB82-08     1398.00
  1558670.00   5118890.00 CB82-08     1426.00
  1558596.00   5118964.00 CB82-08     1430.00
