1557384.938239 5118203.266799 -601.5870
1557384.938239 5118002.162084 -600.7265
1557585.233691 5118404.371515 -602.6318
1557585.233691 5118203.266799 -601.9306
1557585.233691 5118002.162084 -600.8079
1557585.233691 5117801.057368 -599.5276
1557785.529144 5118605.476231 -603.4462
1557785.529144 5118404.371515 -603.2764
1557785.529144 5118203.266799 -602.2260
1557785.529144 5118002.162084 -600.7397
1557785.529144 5117801.057368 -599.1824
1557785.529144 5117599.952653 -597.7679
1557985.824597 5118806.580946 -603.1578
1557985.824597 5118605.476231 -604.3885
1557985.824597 5118404.371515 -603.8896
1557985.824597 5118203.266799 -602.2963
1557985.824597 5118002.162084 -600.3322
1557985.824597 5117801.057368 -598.4786
1557985.824597 5117599.952653 -596.9466
1557985.824597 5117398.847937 -595.7650
1558186.120050 5119007.685662 -599.7968
1558186.120050 5118806.580946 -603.9224
1558186.120050 5118605.476231 -605.3658
1558186.120050 5118404.371515 -604.2321
1558186.120050 5118203.266799 -601.8414
1558186.120050 5118002.162084 -599.3230
1558186.120050 5117801.057368 -597.2370
1558186.120050 5117599.952653 -595.7142
1558186.120050 5117398.847937 -594.6733
1558186.120050 5117197.743221 -593.9691
1558386.415502 5119208.790378 -593.7586
1558386.415502 5119007.685662 -598.2157
1558386.415502 5118806.580946 -604.6030
1558386.415502 5118605.476231 -606.0878
1558386.415502 5118404.371515 -603.8344
1558386.415502 5118203.266799 -600.4133
1558386.415502 5118002.162084 -597.4152
1558386.415502 5117801.057368 -595.3224
1558386.415502 5117599.952653 -594.0496
1558386.415502 5117398.847937 -593.3419
1558386.415502 5117197.743221 -592.9555
1558586.710955 5119409.895093 -588.9417
1558586.710955 5119208.790378 -591.1180
1558586.710955 5119007.685662 -596.5775
1558586.710955 5118806.580946 -598.4318
1558586.710955 5118605.476231 -605.6500
1558586.710955 5118404.371515 -601.8907
1558586.710955 5118203.266799 -597.4995
1558586.710955 5118002.162084 -594.4282
1558586.710955 5117801.057368 -592.7786
1558586.710955 5117599.952653 -592.0976
1558586.710955 5117398.847937 -591.9361
1558586.710955 5117197.743221 -591.9801
1558586.710955 5116996.638506 -592.0463
1558787.006408 5119610.999809 -586.7280
1558787.006408 5119409.895093 -588.1336
1558787.006408 5119208.790378 -589.7804
1558787.006408 5119007.685662 -592.2483
1558787.006408 5118806.580946 -598.3980
1558787.006408 5118605.476231 -597.0858
1558787.006408 5118404.371515 -597.6714
1558787.006408 5118203.266799 -592.9957
1558787.006408 5118002.162084 -590.6607
1558787.006408 5117801.057368 -590.0387
1558787.006408 5117599.952653 -590.2615
1558787.006408 5117398.847937 -590.7718
1558787.006408 5117197.743221 -591.2691
1558787.006408 5116996.638506 -591.6173
1558787.006408 5116795.533790 -591.7813
1558987.301860 5119610.999809 -587.1783
1558987.301860 5119409.895093 -588.5986
1558987.301860 5119208.790378 -590.3052
1558987.301860 5119007.685662 -592.6947
1558987.301860 5118806.580946 -596.0288
1558987.301860 5118605.476231 -598.6765
1558987.301860 5118404.371515 -593.3622
1558987.301860 5118203.266799 -588.4024
1558987.301860 5118002.162084 -587.4221
1558987.301860 5117801.057368 -588.0880
1558987.301860 5117599.952653 -589.1967
1558987.301860 5117398.847937 -590.2586
1558987.301860 5117197.743221 -591.0693
1558987.301860 5116996.638506 -591.5696
1558987.301860 5116795.533790 -591.7873
1558987.301860 5116594.429074 -591.7933
1559187.597313 5119409.895093 -589.7753
1559187.597313 5119208.790378 -591.6262
1559187.597313 5119007.685662 -594.0281
1559187.597313 5118806.580946 -596.8972
1559187.597313 5118605.476231 -599.0007
1559187.597313 5118404.371515 -595.6393
1559187.597313 5118203.266799 -590.3059
1559187.597313 5118002.162084 -586.9870
1559187.597313 5117801.057368 -588.1696
1559187.597313 5117599.952653 -589.5226
1559187.597313 5117398.847937 -590.6985
1559187.597313 5117197.743221 -591.5250
1559187.597313 5116996.638506 -591.9639
1559187.597313 5116795.533790 -592.0821
1559187.597313 5116594.429074 -591.9880
1559187.597313 5116393.324359 -591.7839
1559387.892766 5119208.790378 -592.8292
1559387.892766 5119007.685662 -594.9499
1559387.892766 5118806.580946 -597.1091
1559387.892766 5118605.476231 -598.2965
1559387.892766 5118404.371515 -596.6905
1559387.892766 5118203.266799 -592.1436
1559387.892766 5118002.162084 -590.7130
1559387.892766 5117801.057368 -590.5642
1559387.892766 5117599.952653 -591.1797
1559387.892766 5117398.847937 -591.9859
1559387.892766 5117197.743221 -592.5389
1559387.892766 5116996.638506 -592.7103
1559387.892766 5116795.533790 -592.5831
1559387.892766 5116594.429074 -592.2982
1559387.892766 5116393.324359 -591.9677
1559387.892766 5116192.219643 -591.6590
1559588.188219 5119007.685662 -595.2288
1559588.188219 5118806.580946 -596.7356
1559588.188219 5118605.476231 -597.4404
1559588.188219 5118404.371515 -596.6450
1559588.188219 5118203.266799 -594.7404
1559588.188219 5118002.162084 -593.7278
1559588.188219 5117801.057368 -592.8699
1559588.188219 5117599.952653 -592.9492
1559588.188219 5117398.847937 -593.5025
1559588.188219 5117197.743221 -593.7557
1559588.188219 5116996.638506 -593.5639
1559588.188219 5116795.533790 -593.1085
1559588.188219 5116594.429074 -592.5939
1559588.188219 5116393.324359 -592.1345
1559588.188219 5116192.219643 -591.7662
1559588.188219 5115991.114927 -591.4931
1559788.483671 5118806.580946 -595.9107
1559788.483671 5118605.476231 -596.2666
1559788.483671 5118404.371515 -595.7620
1559788.483671 5118203.266799 -594.6840
1559788.483671 5118002.162084 -593.8414
1559788.483671 5117801.057368 -592.9554
1559788.483671 5117599.952653 -593.6575
1559788.483671 5117398.847937 -594.6102
1559788.483671 5117197.743221 -594.7541
1559788.483671 5116996.638506 -594.2022
1559788.483671 5116795.533790 -593.4157
1559788.483671 5116594.429074 -592.7145
1559788.483671 5116393.324359 -592.1926
1559788.483671 5116192.219643 -591.8224
1559788.483671 5115991.114927 -591.5610
1559788.483671 5115790.010212 -591.3951
1559988.779124 5118605.476231 -594.8231
1559988.779124 5118404.371515 -594.2755
1559988.779124 5118203.266799 -593.3206
1559988.779124 5118002.162084 -592.3890
1559988.779124 5117801.057368 -591.9171
1559988.779124 5117599.952653 -592.9908
1559988.779124 5117398.847937 -594.9695
1559988.779124 5117197.743221 -595.1658
1559988.779124 5116996.638506 -594.2905
1559988.779124 5116795.533790 -593.2599
1559988.779124 5116594.429074 -592.5225
1559988.779124 5116393.324359 -592.0890
1559988.779124 5116192.219643 -591.8177
1559988.779124 5115991.114927 -591.6118
1559988.779124 5115790.010212 -591.4602
1559988.779124 5115588.905496 -591.4022
1560189.074577 5118404.371515 -592.6306
1560189.074577 5118203.266799 -591.5549
1560189.074577 5118002.162084 -590.3278
1560189.074577 5117801.057368 -589.3096
1560189.074577 5117599.952653 -592.6126
1560189.074577 5117398.847937 -592.8270
1560189.074577 5117197.743221 -594.5256
1560189.074577 5116996.638506 -593.5344
1560189.074577 5116795.533790 -592.4888
1560189.074577 5116594.429074 -591.9949
1560189.074577 5116393.324359 -591.8755
1560189.074577 5116192.219643 -591.8157
1560189.074577 5115991.114927 -591.6839
1560189.074577 5115790.010212 -591.5201
1560189.074577 5115588.905496 -591.4285
1560189.074577 5115387.800780 -591.4987
1560389.370030 5118203.266799 -590.2043
1560389.370030 5118002.162084 -588.9965
1560389.370030 5117801.057368 -587.9704
1560389.370030 5117599.952653 -587.7653
1560389.370030 5117398.847937 -592.0576
1560389.370030 5117197.743221 -592.5493
1560389.370030 5116996.638506 -592.0607
1560389.370030 5116795.533790 -591.2827
1560389.370030 5116594.429074 -591.3594
1560389.370030 5116393.324359 -591.7763
1560389.370030 5116192.219643 -591.9716
1560389.370030 5115991.114927 -591.8474
1560389.370030 5115790.010212 -591.5824
1560389.370030 5115588.905496 -591.3914
1560389.370030 5115387.800780 -591.4191
1560389.370030 5115186.696065 -591.7266
1560589.665482 5118002.162084 -588.7125
1560589.665482 5117801.057368 -588.1855
1560589.665482 5117599.952653 -588.4621
1560589.665482 5117398.847937 -589.9802
1560589.665482 5117197.743221 -592.0367
1560589.665482 5116996.638506 -592.1566
1560589.665482 5116795.533790 -590.5112
1560589.665482 5116594.429074 -591.1873
1560589.665482 5116393.324359 -592.1823
1560589.665482 5116192.219643 -592.4823
1560589.665482 5115991.114927 -592.1505
1560589.665482 5115790.010212 -591.6205
1560589.665482 5115588.905496 -591.2438
1560589.665482 5115387.800780 -591.2026
1560589.665482 5115186.696065 -591.5491
1560589.665482 5114985.591349 -592.2524
1560789.960935 5118002.162084 -589.1280
1560789.960935 5117801.057368 -589.1914
1560789.960935 5117599.952653 -590.0861
1560789.960935 5117398.847937 -592.0950
1560789.960935 5117197.743221 -594.9005
1560789.960935 5116996.638506 -592.8528
1560789.960935 5116795.533790 -592.1661
1560789.960935 5116594.429074 -592.0657
1560789.960935 5116393.324359 -593.4025
1560789.960935 5116192.219643 -593.3952
1560789.960935 5115991.114927 -592.5031
1560789.960935 5115790.010212 -591.5287
1560789.960935 5115588.905496 -590.9138
1560789.960935 5115387.800780 -590.8141
1560789.960935 5115186.696065 -591.2372
1560789.960935 5114985.591349 -592.1094
1560789.960935 5114784.486633 -593.3131
1560990.256388 5117801.057368 -590.1767
1560990.256388 5117599.952653 -591.2240
1560990.256388 5117398.847937 -592.9269
1560990.256388 5117197.743221 -594.7628
1560990.256388 5116996.638506 -595.2698
1560990.256388 5116795.533790 -592.5643
1560990.256388 5116594.429074 -593.0325
1560990.256388 5116393.324359 -595.0173
1560990.256388 5116192.219643 -594.2698
1560990.256388 5115991.114927 -592.5553
1560990.256388 5115790.010212 -591.1265
1560990.256388 5115588.905496 -590.3510
1560990.256388 5115387.800780 -590.2697
1560990.256388 5115186.696065 -590.8353
1560990.256388 5114985.591349 -591.9350
1560990.256388 5114784.486633 -593.4091
1560990.256388 5114583.381918 -595.0897
1561190.551840 5117599.952653 -591.7297
1561190.551840 5117398.847937 -592.8108
1561190.551840 5117197.743221 -593.6073
1561190.551840 5116996.638506 -593.3004
1561190.551840 5116795.533790 -591.6559
1561190.551840 5116594.429074 -592.8800
1561190.551840 5116393.324359 -593.8303
1561190.551840 5116192.219643 -593.9820
1561190.551840 5115991.114927 -591.8216
1561190.551840 5115790.010212 -590.3572
1561190.551840 5115588.905496 -589.6743
1561190.551840 5115387.800780 -589.7180
1561190.551840 5115186.696065 -590.4799
1561190.551840 5114985.591349 -591.8503
1561190.551840 5114784.486633 -593.6293
1561190.551840 5114583.381918 -595.6041
1561190.551840 5114382.277202 -597.6030
1561390.847293 5117398.847937 -592.5312
1561390.847293 5117197.743221 -592.6978
1561390.847293 5116996.638506 -592.0088
1561390.847293 5116795.533790 -590.4143
1561390.847293 5116594.429074 -588.8206
1561390.847293 5116393.324359 -591.6690
1561390.847293 5116192.219643 -591.6199
1561390.847293 5115991.114927 -590.6241
1561390.847293 5115790.010212 -589.8342
1561390.847293 5115588.905496 -589.4075
1561390.847293 5115387.800780 -589.5093
1561390.847293 5115186.696065 -590.4125
1561390.847293 5114985.591349 -592.0438
1561390.847293 5114784.486633 -594.1276
1561390.847293 5114583.381918 -596.3834
1561390.847293 5114382.277202 -598.6073
1561591.142746 5117197.743221 -592.6697
1561591.142746 5116996.638506 -592.2841
1561591.142746 5116795.533790 -591.6110
1561591.142746 5116594.429074 -591.3644
1561591.142746 5116393.324359 -592.5906
1561591.142746 5116192.219643 -594.4999
1561591.142746 5115991.114927 -593.8394
1561591.142746 5115790.010212 -591.4180
1561591.142746 5115588.905496 -590.5081
1561591.142746 5115387.800780 -590.0995
1561591.142746 5115186.696065 -590.9131
1561591.142746 5114985.591349 -592.7404
1561591.142746 5114784.486633 -595.0901
1561591.142746 5114583.381918 -597.5681
1561591.142746 5114382.277202 -599.9411
1561591.142746 5114181.172486 -602.1026
1561791.438199 5116996.638506 -593.6837
1561791.438199 5116795.533790 -594.1105
1561791.438199 5116594.429074 -595.2546
1561791.438199 5116393.324359 -597.6401
1561791.438199 5116192.219643 -600.8441
1561791.438199 5115991.114927 -597.2970
1561791.438199 5115790.010212 -596.7077
1561791.438199 5115588.905496 -593.4983
1561791.438199 5115387.800780 -591.6428
1561791.438199 5115186.696065 -592.1631
1561791.438199 5114985.591349 -594.1616
1561791.438199 5114784.486633 -596.7103
1561791.438199 5114583.381918 -599.2947
1561791.438199 5114382.277202 -601.6824
1561791.438199 5114181.172486 -603.8044
1561791.438199 5113980.067771 -605.6714
1561991.733651 5116795.533790 -596.7088
1561991.733651 5116594.429074 -598.5856
1561991.733651 5116393.324359 -601.1425
1561991.733651 5116192.219643 -603.5570
1561991.733651 5115991.114927 -603.5987
1561991.733651 5115790.010212 -599.2749
1561991.733651 5115588.905496 -598.2418
1561991.733651 5115387.800780 -593.7722
1561991.733651 5115186.696065 -594.2981
1561991.733651 5114985.591349 -596.5506
1561991.733651 5114784.486633 -599.1627
1561991.733651 5114583.381918 -601.6534
1561991.733651 5114382.277202 -603.8569
1561991.733651 5114181.172486 -605.7719
1561991.733651 5113980.067771 -607.4613
1561991.733651 5113778.963055 -608.9811
1562192.029104 5116594.429074 -601.0469
1562192.029104 5116393.324359 -603.5302
1562192.029104 5116192.219643 -605.6855
1562192.029104 5115991.114927 -606.4619
1562192.029104 5115790.010212 -605.5814
1562192.029104 5115588.905496 -601.0544
1562192.029104 5115387.800780 -598.6576
1562192.029104 5115186.696065 -597.9344
1562192.029104 5114985.591349 -600.2009
1562192.029104 5114784.486633 -602.5026
1562192.029104 5114583.381918 -604.6094
1562192.029104 5114382.277202 -606.3895
1562192.029104 5114181.172486 -607.9128
1562192.029104 5113980.067771 -609.3064
1562192.029104 5113778.963055 -610.6353
1562192.029104 5113577.858339 -611.9052
1562392.324557 5116393.324359 -605.0757
1562392.324557 5116192.219643 -607.1291
1562392.324557 5115991.114927 -608.3738
1562392.324557 5115790.010212 -608.6704
1562392.324557 5115588.905496 -608.2394
1562392.324557 5115387.800780 -605.1083
1562392.324557 5115186.696065 -603.1516
1562392.324557 5114985.591349 -604.8058
1562392.324557 5114784.486633 -606.3297
1562392.324557 5114583.381918 -607.8925
1562392.324557 5114382.277202 -609.0690
1562392.324557 5114181.172486 -610.0453
1562392.324557 5113980.067771 -611.0687
1562392.324557 5113778.963055 -612.1890
1562392.324557 5113577.858339 -613.3463
1562392.324557 5113376.753624 -614.4861
1562592.620009 5116192.219643 -607.8412
1562592.620009 5115991.114927 -609.0874
1562592.620009 5115790.010212 -609.4308
1562592.620009 5115588.905496 -608.5793
1562592.620009 5115387.800780 -605.9277
1562592.620009 5115186.696065 -604.0689
1562592.620009 5114985.591349 -607.3359
1562592.620009 5114784.486633 -609.5471
1562592.620009 5114583.381918 -611.0950
1562592.620009 5114382.277202 -611.6050
1562592.620009 5114181.172486 -611.9208
1562592.620009 5113980.067771 -612.5873
1562592.620009 5113778.963055 -613.5634
1562592.620009 5113577.858339 -614.6485
1562592.620009 5113376.753624 -615.7352
1562592.620009 5113175.648908 -616.8077
1562792.915462 5115991.114927 -609.3020
1562792.915462 5115790.010212 -609.7011
1562792.915462 5115588.905496 -609.1564
1562792.915462 5115387.800780 -607.7625
1562792.915462 5115186.696065 -606.9409
1562792.915462 5114985.591349 -610.1068
1562792.915462 5114784.486633 -613.0876
1562792.915462 5114583.381918 -614.3983
1562792.915462 5114382.277202 -613.7681
1562792.915462 5114181.172486 -613.2599
1562792.915462 5113980.067771 -613.7383
1562792.915462 5113778.963055 -614.7529
1562792.915462 5113577.858339 -615.8311
1562792.915462 5113376.753624 -616.8563
1562792.915462 5113175.648908 -617.8798
1562792.915462 5112974.544192 -618.9501
1562993.210915 5115790.010212 -610.1742
1562993.210915 5115588.905496 -610.3486
1562993.210915 5115387.800780 -610.4138
1562993.210915 5115186.696065 -611.4504
1562993.210915 5114985.591349 -614.7884
1562993.210915 5114784.486633 -617.8320
1562993.210915 5114583.381918 -617.2694
1562993.210915 5114382.277202 -615.0207
1562993.210915 5114181.172486 -613.7240
1562993.210915 5113980.067771 -614.5536
1562993.210915 5113778.963055 -615.9214
1562993.210915 5113577.858339 -616.9995
1562993.210915 5113376.753624 -617.8748
1562993.210915 5113175.648908 -618.7943
1562993.210915 5112974.544192 -619.8629
1562993.210915 5112773.439477 -621.0565
1563193.506368 5115588.905496 -611.6097
1563193.506368 5115387.800780 -612.5114
1563193.506368 5115186.696065 -614.0164
1563193.506368 5114985.591349 -616.2148
1563193.506368 5114784.486633 -617.4650
1563193.506368 5114583.381918 -615.4699
1563193.506368 5114382.277202 -615.4662
1563193.506368 5114181.172486 -613.2939
1563193.506368 5113980.067771 -615.5541
1563193.506368 5113778.963055 -617.5165
1563193.506368 5113577.858339 -618.3094
1563193.506368 5113376.753624 -618.7836
1563193.506368 5113175.648908 -619.5176
1563193.506368 5112974.544192 -620.6070
1563193.506368 5112773.439477 -621.9305
1563193.506368 5112572.334761 -623.3337
1563393.801820 5115387.800780 -613.9556
1563393.801820 5115186.696065 -615.4905
1563393.801820 5114985.591349 -617.1234
1563393.801820 5114784.486633 -618.1029
1563393.801820 5114583.381918 -617.9849
1563393.801820 5114382.277202 -617.4216
1563393.801820 5114181.172486 -615.8861
1563393.801820 5113980.067771 -618.1904
1563393.801820 5113778.963055 -620.1412
1563393.801820 5113577.858339 -619.7134
1563393.801820 5113376.753624 -619.4084
1563393.801820 5113175.648908 -619.9689
1563393.801820 5112974.544192 -621.1984
1563393.801820 5112773.439477 -622.7512
1563393.801820 5112572.334761 -624.3689
1563393.801820 5112371.230045 -625.9001
1563594.097273 5115186.696065 -616.4189
1563594.097273 5114985.591349 -617.7968
1563594.097273 5114784.486633 -618.7605
1563594.097273 5114583.381918 -619.1907
1563594.097273 5114382.277202 -619.4059
1563594.097273 5114181.172486 -618.6873
1563594.097273 5113980.067771 -621.9108
1563594.097273 5113778.963055 -623.3484
1563594.097273 5113577.858339 -620.3411
1563594.097273 5113376.753624 -619.3031
1563594.097273 5113175.648908 -620.1011
1563594.097273 5112974.544192 -621.7596
1563594.097273 5112773.439477 -623.6691
1563594.097273 5112572.334761 -625.5294
1563594.097273 5112371.230045 -627.2087
1563594.097273 5112170.125330 -628.6646
1563794.392726 5115186.696065 -617.0877
1563794.392726 5114985.591349 -618.3132
1563794.392726 5114784.486633 -619.2144
1563794.392726 5114583.381918 -619.6926
1563794.392726 5114382.277202 -619.7769
1563794.392726 5114181.172486 -619.5243
1563794.392726 5113980.067771 -621.0275
1563794.392726 5113778.963055 -622.1337
1563794.392726 5113577.858339 -618.2850
1563794.392726 5113376.753624 -618.2493
1563794.392726 5113175.648908 -620.2872
1563794.392726 5112974.544192 -622.6807
1563794.392726 5112773.439477 -624.9590
1563794.392726 5112572.334761 -626.9852
1563794.392726 5112371.230045 -628.7209
1563794.392726 5112170.125330 -630.1781
1563794.392726 5111969.020614 -631.3948
1563994.688178 5114985.591349 -618.8256
1563994.688178 5114784.486633 -619.7033
1563994.688178 5114583.381918 -620.2362
1563994.688178 5114382.277202 -620.3992
1563994.688178 5114181.172486 -620.2404
1563994.688178 5113980.067771 -620.0649
1563994.688178 5113778.963055 -619.5035
1563994.688178 5113577.858339 -618.2260
1563994.688178 5113376.753624 -618.3529
1563994.688178 5113175.648908 -621.9458
1563994.688178 5112974.544192 -624.6565
1563994.688178 5112773.439477 -626.9352
1563994.688178 5112572.334761 -628.8769
1563994.688178 5112371.230045 -630.4950
1563994.688178 5112170.125330 -631.8312
1563994.688178 5111969.020614 -632.9449
1563994.688178 5111767.915898 -633.8901
1564194.983631 5114784.486633 -620.3930
1564194.983631 5114583.381918 -621.1273
1564194.983631 5114382.277202 -621.6813
1564194.983631 5114181.172486 -622.1896
1564194.983631 5113980.067771 -622.9391
1564194.983631 5113778.963055 -624.1036
1564194.983631 5113577.858339 -624.9499
1564194.983631 5113376.753624 -627.9321
1564194.983631 5113175.648908 -626.7283
1564194.983631 5112974.544192 -627.9678
1564194.983631 5112773.439477 -629.6028
1564194.983631 5112572.334761 -631.1693
1564194.983631 5112371.230045 -632.4875
1564194.983631 5112170.125330 -633.5783
1564194.983631 5111969.020614 -634.5118
1564194.983631 5111767.915898 -635.3387
1564194.983631 5111566.811183 -636.0842
1564395.279084 5114583.381918 -622.2590
1564395.279084 5114382.277202 -623.2461
1564395.279084 5114181.172486 -624.3732
1564395.279084 5113980.067771 -625.8369
1564395.279084 5113778.963055 -627.6978
1564395.279084 5113577.858339 -629.5336
1564395.279084 5113376.753624 -629.5345
1564395.279084 5113175.648908 -631.1021
1564395.279084 5112974.544192 -630.9740
1564395.279084 5112773.439477 -632.3593
1564395.279084 5112572.334761 -633.6050
1564395.279084 5112371.230045 -634.5455
1564395.279084 5112170.125330 -635.3100
1564395.279084 5111969.020614 -636.0187
1564395.279084 5111767.915898 -636.7133
1564395.279084 5111566.811183 -637.3875
1564595.574537 5114382.277202 -624.7370
1564595.574537 5114181.172486 -626.2244
1564595.574537 5113980.067771 -627.9689
1564595.574537 5113778.963055 -629.8747
1564595.574537 5113577.858339 -631.5151
1564595.574537 5113376.753624 -632.2523
1564595.574537 5113175.648908 -632.7253
1564595.574537 5112974.544192 -633.9445
1564595.574537 5112773.439477 -635.0088
1564595.574537 5112572.334761 -636.0068
1564595.574537 5112371.230045 -636.4929
1564595.574537 5112170.125330 -636.8849
1564595.574537 5111969.020614 -637.3750
1564595.574537 5111767.915898 -637.9670
1564595.574537 5111566.811183 -638.5963
1564595.574537 5111365.706467 -639.2118
1564795.869989 5114181.172486 -627.6512
1564795.869989 5113980.067771 -629.4590
1564795.869989 5113778.963055 -631.2978
1564795.869989 5113577.858339 -632.8767
1564795.869989 5113376.753624 -633.9286
1564795.869989 5113175.648908 -634.7179
1564795.869989 5112974.544192 -635.6240
1564795.869989 5112773.439477 -638.0072
1564795.869989 5112572.334761 -638.2114
1564795.869989 5112371.230045 -638.1194
1564795.869989 5112170.125330 -638.1528
1564795.869989 5111969.020614 -638.5095
1564795.869989 5111767.915898 -639.0842
1564795.869989 5111566.811183 -639.7181
1564795.869989 5111365.706467 -640.3266
1564795.869989 5111164.601751 -640.8950
1564996.165442 5113980.067771 -630.5372
1564996.165442 5113778.963055 -632.3419
1564996.165442 5113577.858339 -633.9764
1564996.165442 5113376.753624 -635.3172
1564996.165442 5113175.648908 -636.4595
1564996.165442 5112974.544192 -637.5880
1564996.165442 5112773.439477 -638.9085
1564996.165442 5112572.334761 -639.4152
1564996.165442 5112371.230045 -639.1757
1564996.165442 5112170.125330 -639.0244
1564996.165442 5111969.020614 -639.4350
1564996.165442 5111767.915898 -640.1246
1564996.165442 5111566.811183 -640.8076
1564996.165442 5111365.706467 -641.4019
1564996.165442 5111164.601751 -641.9345
1564996.165442 5110963.497036 -642.4501
1565196.460895 5113778.963055 -633.1715
1565196.460895 5113577.858339 -634.9161
1565196.460895 5113376.753624 -636.5304
1565196.460895 5113175.648908 -638.0275
1565196.460895 5112974.544192 -639.4216
1565196.460895 5112773.439477 -640.5816
1565196.460895 5112572.334761 -640.8530
1565196.460895 5112371.230045 -640.2449
1565196.460895 5112170.125330 -639.6985
1565196.460895 5111969.020614 -640.3428
1565196.460895 5111767.915898 -641.2618
1565196.460895 5111566.811183 -641.9680
1565196.460895 5111365.706467 -642.4763
1565196.460895 5111164.601751 -642.9183
1565196.460895 5110963.497036 -643.3809
1565196.460895 5110762.392320 -643.8950
1565396.756348 5113577.858339 -635.6954
1565396.756348 5113376.753624 -637.5422
1565396.756348 5113175.648908 -639.3696
1565396.756348 5112974.544192 -641.1270
1565396.756348 5112773.439477 -642.6006
1565396.756348 5112572.334761 -643.2103
1565396.756348 5112371.230045 -642.1087
1565396.756348 5112170.125330 -640.3604
1565396.756348 5111969.020614 -641.5670
1565396.756348 5111767.915898 -642.7589
1565396.756348 5111566.811183 -643.2969
1565396.756348 5111365.706467 -643.5486
1565396.756348 5111164.601751 -643.8174
1565396.756348 5110963.497036 -644.2053
1565396.756348 5110762.392320 -644.7128
1565396.756348 5110561.287604 -645.3102
1565597.051800 5113376.753624 -638.2657
1565597.051800 5113175.648908 -640.3148
1565597.051800 5112974.544192 -642.3957
1565597.051800 5112773.439477 -644.4365
1565597.051800 5112572.334761 -646.2853
1565597.051800 5112371.230045 -644.8279
1565597.051800 5112170.125330 -641.5609
1565597.051800 5111969.020614 -643.5911
1565597.051800 5111767.915898 -644.8547
1565597.051800 5111566.811183 -644.7429
1565597.051800 5111365.706467 -644.4971
1565597.051800 5111164.601751 -644.5451
1565597.051800 5110963.497036 -644.8830
1565597.051800 5110762.392320 -645.4192
1565597.051800 5110561.287604 -646.0773
1565597.051800 5110360.182889 -646.8042
1565797.347253 5113175.648908 -640.6877
1565797.347253 5112974.544192 -642.6794
1565797.347253 5112773.439477 -644.3698
1565797.347253 5112572.334761 -645.1851
1565797.347253 5112371.230045 -643.8845
1565797.347253 5112170.125330 -640.6444
1565797.347253 5111969.020614 -646.3636
1565797.347253 5111767.915898 -647.3468
1565797.347253 5111566.811183 -645.8447
1565797.347253 5111365.706467 -645.0207
1565797.347253 5111164.601751 -644.9812
1565797.347253 5110963.497036 -645.3885
1565797.347253 5110762.392320 -646.0236
1565797.347253 5110561.287604 -646.7812
1565797.347253 5110360.182889 -647.6032
1565797.347253 5110159.078173 -648.4470
1565997.642706 5112974.544192 -642.4879
1565997.642706 5112773.439477 -643.9308
1565997.642706 5112572.334761 -644.6514
1565997.642706 5112371.230045 -644.4076
1565997.642706 5112170.125330 -644.3114
1565997.642706 5111969.020614 -648.2510
1565997.642706 5111767.915898 -648.6769
1565997.642706 5111566.811183 -645.6382
1565997.642706 5111365.706467 -644.8282
1565997.642706 5111164.601751 -645.1277
1565997.642706 5110963.497036 -645.7861
1565997.642706 5110762.392320 -646.5824
1565997.642706 5110561.287604 -647.4630
1565997.642706 5110360.182889 -648.3942
1565997.642706 5110159.078173 -649.3354
1565997.642706 5109957.973457 -650.2465
1566197.938158 5112773.439477 -643.6184
1566197.938158 5112572.334761 -644.6435
1566197.938158 5112371.230045 -645.4210
1566197.938158 5112170.125330 -646.7250
1566197.938158 5111969.020614 -649.4709
1566197.938158 5111767.915898 -647.8919
1566197.938158 5111566.811183 -644.9460
1566197.938158 5111365.706467 -644.4078
1566197.938158 5111164.601751 -645.3613
1566197.938158 5110963.497036 -646.2712
1566197.938158 5110762.392320 -647.1876
1566197.938158 5110561.287604 -648.1740
1566197.938158 5110360.182889 -649.2150
1566197.938158 5110159.078173 -650.2581
1566197.938158 5109957.973457 -651.2497
1566197.938158 5109756.868742 -652.1518
1566398.233611 5112572.334761 -644.6164
1566398.233611 5112371.230045 -645.7442
1566398.233611 5112170.125330 -647.0042
1566398.233611 5111969.020614 -648.1987
1566398.233611 5111767.915898 -647.5009
1566398.233611 5111566.811183 -644.7205
1566398.233611 5111365.706467 -645.0714
1566398.233611 5111164.601751 -646.1623
1566398.233611 5110963.497036 -646.9579
1566398.233611 5110762.392320 -647.8693
1566398.233611 5110561.287604 -648.9428
1566398.233611 5110360.182889 -650.1020
1566398.233611 5110159.078173 -651.2520
1566398.233611 5109957.973457 -652.3192
1566398.233611 5109756.868742 -653.2590
1566398.233611 5109555.764026 -654.0564
1566598.529064 5112572.334761 -644.4750
1566598.529064 5112371.230045 -645.5869
1566598.529064 5112170.125330 -646.5321
1566598.529064 5111969.020614 -647.0058
1566598.529064 5111767.915898 -646.3492
1566598.529064 5111566.811183 -644.8918
1566598.529064 5111365.706467 -645.4865
1566598.529064 5111164.601751 -645.9156
1566598.529064 5110963.497036 -647.4678
1566598.529064 5110762.392320 -648.5267
1566598.529064 5110561.287604 -649.7855
1566598.529064 5110360.182889 -651.1052
1566598.529064 5110159.078173 -652.3663
1566598.529064 5109957.973457 -653.4924
1566598.529064 5109756.868742 -654.4407
1566598.529064 5109555.764026 -655.2059
1566598.529064 5109354.659310 -655.8135
1566798.824517 5112371.230045 -645.3648
1566798.824517 5112170.125330 -646.1072
1566798.824517 5111969.020614 -646.3840
1566798.824517 5111767.915898 -646.0074
1566798.824517 5111566.811183 -645.2996
1566798.824517 5111365.706467 -645.1906
1566798.824517 5111164.601751 -646.5512
1566798.824517 5110963.497036 -648.0311
1566798.824517 5110762.392320 -649.2929
1566798.824517 5110561.287604 -650.8511
1566798.824517 5110360.182889 -652.3347
1566798.824517 5110159.078173 -653.6689
1566798.824517 5109957.973457 -654.8091
1566798.824517 5109756.868742 -655.7150
1566798.824517 5109555.764026 -656.3951
1566798.824517 5109354.659310 -656.8994
1566798.824517 5109153.554595 -657.2883
1566999.119969 5112170.125330 -646.0400
1566999.119969 5111969.020614 -646.4004
1566999.119969 5111767.915898 -646.4185
1566999.119969 5111566.811183 -646.3571
1566999.119969 5111365.706467 -646.7150
1566999.119969 5111164.601751 -647.8063
1566999.119969 5110963.497036 -649.4673
1566999.119969 5110762.392320 -651.1199
1566999.119969 5110561.287604 -652.4946
1566999.119969 5110360.182889 -653.9427
1566999.119969 5110159.078173 -655.2142
1566999.119969 5109957.973457 -656.2902
1566999.119969 5109756.868742 -657.0824
1566999.119969 5109555.764026 -657.6065
1566999.119969 5109354.659310 -657.9503
1566999.119969 5109153.554595 -658.2023
1566999.119969 5108952.449879 -658.4232
1567199.415422 5111969.020614 -646.9317
1567199.415422 5111767.915898 -647.3502
1567199.415422 5111566.811183 -647.8287
1567199.415422 5111365.706467 -648.6626
1567199.415422 5111164.601751 -650.0431
1567199.415422 5110963.497036 -651.8741
1567199.415422 5110762.392320 -653.2335
1567199.415422 5110561.287604 -655.3608
1567199.415422 5110360.182889 -655.9291
1567199.415422 5110159.078173 -656.9396
1567199.415422 5109957.973457 -657.9000
1567199.415422 5109756.868742 -658.5084
1567199.415422 5109555.764026 -658.7930
1567199.415422 5109354.659310 -658.9159
1567199.415422 5109153.554595 -659.0021
1567199.415422 5108952.449879 -659.1121
1567399.710875 5111767.915898 -648.5538
1567399.710875 5111566.811183 -649.4305
1567399.710875 5111365.706467 -650.6101
1567399.710875 5111164.601751 -652.2042
1567399.710875 5110963.497036 -654.1630
1567399.710875 5110762.392320 -656.2452
1567399.710875 5110561.287604 -657.2380
1567399.710875 5110360.182889 -657.9531
1567399.710875 5110159.078173 -658.5612
1567399.710875 5109957.973457 -659.5420
1567399.710875 5109756.868742 -659.9186
1567399.710875 5109555.764026 -659.8686
1567399.710875 5109354.659310 -659.7213
1567399.710875 5109153.554595 -659.6371
1567399.710875 5108952.449879 -659.6517
1567399.710875 5108751.345164 -659.7546
1567600.006327 5111566.811183 -650.9604
1567600.006327 5111365.706467 -652.3129
1567600.006327 5111164.601751 -653.9276
1567600.006327 5110963.497036 -655.7095
1567600.006327 5110762.392320 -657.3826
1567600.006327 5110561.287604 -658.4564
1567600.006327 5110360.182889 -658.5610
1567600.006327 5110159.078173 -659.6415
1567600.006327 5109957.973457 -661.1612
1567600.006327 5109756.868742 -661.2048
1567600.006327 5109555.764026 -660.6998
1567600.006327 5109354.659310 -660.2756
1567600.006327 5109153.554595 -660.0663
1567600.006327 5108952.449879 -660.0327
1567600.006327 5108751.345164 -660.1158
1567600.006327 5108550.240448 -660.2871
1567800.301780 5111365.706467 -653.7305
1567800.301780 5111164.601751 -655.2677
1567800.301780 5110963.497036 -656.8331
1567800.301780 5110762.392320 -658.2132
1567800.301780 5110561.287604 -659.1550
1567800.301780 5110360.182889 -659.6787
1567800.301780 5110159.078173 -661.0817
1567800.301780 5109957.973457 -662.4887
1567800.301780 5109756.868742 -662.1500
1567800.301780 5109555.764026 -661.1001
1567800.301780 5109354.659310 -660.5153
1567800.301780 5109153.554595 -660.2995
1567800.301780 5108952.449879 -660.2898
1567800.301780 5108751.345164 -660.3818
1567800.301780 5108550.240448 -660.5536
1567800.301780 5108349.135732 -660.8196
1568000.597233 5111164.601751 -656.3455
1568000.597233 5110963.497036 -657.7583
1568000.597233 5110762.392320 -659.0137
1568000.597233 5110561.287604 -660.0139
1568000.597233 5110360.182889 -660.8458
1568000.597233 5110159.078173 -661.8605
1568000.597233 5109957.973457 -662.4595
1568000.597233 5109756.868742 -662.6915
1568000.597233 5109555.764026 -660.9703
1568000.597233 5109354.659310 -660.5524
1568000.597233 5109153.554595 -660.4664
1568000.597233 5108952.449879 -660.5230
1568000.597233 5108751.345164 -660.6119
1568000.597233 5108550.240448 -660.7618
1568000.597233 5108349.135732 -661.0316
1568000.597233 5108148.031017 -661.4421
1568200.892686 5110963.497036 -658.5425
1568200.892686 5110762.392320 -659.7460
1568200.892686 5110561.287604 -660.8066
1568200.892686 5110360.182889 -661.7744
1568200.892686 5110159.078173 -662.7258
1568200.892686 5109957.973457 -663.4182
1568200.892686 5109756.868742 -662.8450
1568200.892686 5109555.764026 -662.0136
1568200.892686 5109354.659310 -660.9514
1568200.892686 5109153.554595 -660.8319
1568200.892686 5108952.449879 -660.8662
1568200.892686 5108751.345164 -660.8571
1568200.892686 5108550.240448 -660.9230
1568200.892686 5108349.135732 -661.1848
1568200.892686 5108148.031017 -661.6546
1568200.892686 5107946.926301 -662.2822
1568401.188138 5110762.392320 -660.3301
1568401.188138 5110561.287604 -661.3936
1568401.188138 5110360.182889 -662.3814
1568401.188138 5110159.078173 -663.2896
1568401.188138 5109957.973457 -663.9764
1568401.188138 5109756.868742 -664.1666
1568401.188138 5109555.764026 -663.1306
1568401.188138 5109354.659310 -662.7209
1568401.188138 5109153.554595 -661.4352
1568401.188138 5108952.449879 -661.3320
1568401.188138 5108751.345164 -661.0792
1568401.188138 5108550.240448 -660.9935
1568401.188138 5108349.135732 -661.2685
1568401.188138 5108148.031017 -661.8494
1568401.188138 5107946.926301 -662.6137
1568401.188138 5107745.821585 -663.4617
1568601.483591 5110561.287604 -661.7252
1568601.483591 5110360.182889 -662.6333
1568601.483591 5110159.078173 -663.4124
1568601.483591 5109957.973457 -663.9524
1568601.483591 5109756.868742 -664.0767
1568601.483591 5109555.764026 -663.6127
1568601.483591 5109354.659310 -662.3214
1568601.483591 5109153.554595 -661.6809
1568601.483591 5108952.449879 -661.6822
1568601.483591 5108751.345164 -661.0858
1568601.483591 5108550.240448 -660.8654
1568601.483591 5108349.135732 -661.2794
1568601.483591 5108148.031017 -662.0799
1568601.483591 5107946.926301 -663.0385
1568601.483591 5107745.821585 -664.0279
1568601.483591 5107544.716870 -664.9911
1568801.779044 5110360.182889 -662.6038
1568801.779044 5110159.078173 -663.1986
1568801.779044 5109957.973457 -663.5167
1568801.779044 5109756.868742 -663.4158
1568801.779044 5109555.764026 -662.7677
1568801.779044 5109354.659310 -661.6065
1568801.779044 5109153.554595 -660.7521
1568801.779044 5108952.449879 -660.9841
1568801.779044 5108751.345164 -660.5760
1568801.779044 5108550.240448 -660.4654
1568801.779044 5108349.135732 -661.3211
1568801.779044 5108148.031017 -662.4828
1568801.779044 5107946.926301 -663.6661
1568801.779044 5107745.821585 -664.7797
1568801.779044 5107544.716870 -665.8041
1568801.779044 5107343.612154 -666.7462
1569002.074497 5110159.078173 -662.8553
1569002.074497 5109957.973457 -663.0010
1569002.074497 5109756.868742 -662.7659
1569002.074497 5109555.764026 -662.0815
1569002.074497 5109354.659310 -661.0120
1569002.074497 5109153.554595 -659.9070
1569002.074497 5108952.449879 -659.7820
1569002.074497 5108751.345164 -660.0836
1569002.074497 5108550.240448 -660.1135
1569002.074497 5108349.135732 -661.8005
1569002.074497 5108148.031017 -663.3210
1569002.074497 5107946.926301 -664.6329
1569002.074497 5107745.821585 -665.7808
1569002.074497 5107544.716870 -666.7991
1569002.074497 5107343.612154 -667.7144
1569002.074497 5107142.507438 -668.5567
1569202.369949 5109957.973457 -662.6360
1569202.369949 5109756.868742 -662.4283
1569202.369949 5109555.764026 -661.9407
1569202.369949 5109354.659310 -661.3051
1569202.369949 5109153.554595 -660.8566
1569202.369949 5108952.449879 -661.0881
1569202.369949 5108751.345164 -661.9014
1569202.369949 5108550.240448 -662.0387
1569202.369949 5108349.135732 -663.5353
1569202.369949 5108148.031017 -664.8527
1569202.369949 5107946.926301 -665.9938
1569202.369949 5107745.821585 -667.0235
1569202.369949 5107544.716870 -667.9537
1569202.369949 5107343.612154 -668.7928
1569202.369949 5107142.507438 -669.5633
1569202.369949 5106941.402723 -670.3019
1569402.665402 5109756.868742 -662.4236
1569402.665402 5109555.764026 -662.2225
1569402.665402 5109354.659310 -662.0387
1569402.665402 5109153.554595 -662.1137
1569402.665402 5108952.449879 -662.6765
1569402.665402 5108751.345164 -663.5919
1569402.665402 5108550.240448 -664.3970
1569402.665402 5108349.135732 -666.2158
1569402.665402 5108148.031017 -666.7248
1569402.665402 5107946.926301 -667.5216
1569402.665402 5107745.821585 -668.3657
1569402.665402 5107544.716870 -669.1773
1569402.665402 5107343.612154 -669.9194
1569402.665402 5107142.507438 -670.6011
1569402.665402 5106941.402723 -671.2615
1569402.665402 5106740.298007 -671.9474
1569602.960855 5109756.868742 -662.6666
1569602.960855 5109555.764026 -662.7358
1569602.960855 5109354.659310 -662.9050
1569602.960855 5109153.554595 -663.3290
1569602.960855 5108952.449879 -664.1174
1569602.960855 5108751.345164 -665.2079
1569602.960855 5108550.240448 -666.4354
1569602.960855 5108349.135732 -667.7051
1569602.960855 5108148.031017 -668.4282
1569602.960855 5107946.926301 -668.8292
1569602.960855 5107745.821585 -669.5955
1569602.960855 5107544.716870 -670.3422
1569602.960855 5107343.612154 -671.0098
1569602.960855 5107142.507438 -671.6082
1569602.960855 5106941.402723 -672.1931
1569602.960855 5106740.298007 -672.8234
1569602.960855 5106539.193291 -673.5427
1569803.256307 5109555.764026 -663.3469
1569803.256307 5109354.659310 -663.7520
1569803.256307 5109153.554595 -664.3738
1569803.256307 5108952.449879 -665.2600
1569803.256307 5108751.345164 -666.3644
1569803.256307 5108550.240448 -667.5720
1569803.256307 5108349.135732 -668.7479
1569803.256307 5108148.031017 -669.0551
1569803.256307 5107946.926301 -669.9920
1569803.256307 5107745.821585 -670.5651
1569803.256307 5107544.716870 -671.3357
1569803.256307 5107343.612154 -671.9789
1569803.256307 5107142.507438 -672.5165
1569803.256307 5106941.402723 -673.0441
1569803.256307 5106740.298007 -673.6409
1569803.256307 5106539.193291 -674.3538
1569803.256307 5106338.088576 -675.2016
1570003.551760 5109354.659310 -664.5298
1570003.551760 5109153.554595 -665.2380
1570003.551760 5108952.449879 -666.1199
1570003.551760 5108751.345164 -667.1201
1570003.551760 5108550.240448 -668.1206
1570003.551760 5108349.135732 -668.9468
1570003.551760 5108148.031017 -669.3533
1570003.551760 5107946.926301 -669.8798
1570003.551760 5107745.821585 -671.1465
1570003.551760 5107544.716870 -672.0514
1570003.551760 5107343.612154 -672.7471
1570003.551760 5107142.507438 -673.2579
1570003.551760 5106941.402723 -673.7640
1570003.551760 5106740.298007 -674.3674
1570003.551760 5106539.193291 -675.1152
1570003.551760 5106338.088576 -676.0153
1570003.551760 5106136.983860 -677.0579
1570203.847213 5109153.554595 -665.9758
1570203.847213 5108952.449879 -666.8074
1570203.847213 5108751.345164 -667.6875
1570203.847213 5108550.240448 -668.5239
1570203.847213 5108349.135732 -669.2172
1570203.847213 5108148.031017 -669.7422
1570203.847213 5107946.926301 -670.4025
1570203.847213 5107745.821585 -671.4669
1570203.847213 5107544.716870 -672.1837
1570203.847213 5107343.612154 -673.2448
1570203.847213 5107142.507438 -673.7725
1570203.847213 5106941.402723 -674.3188
1570203.847213 5106740.298007 -674.9876
1570203.847213 5106539.193291 -675.8270
1570203.847213 5106338.088576 -676.8267
1570203.847213 5106136.983860 -677.9604
1570404.142666 5108952.449879 -667.4296
1570404.142666 5108751.345164 -668.2140
1570404.142666 5108550.240448 -668.9460
1570404.142666 5108349.135732 -669.5735
1570404.142666 5108148.031017 -670.1028
1570404.142666 5107946.926301 -670.6429
1570404.142666 5107745.821585 -671.2342
1570404.142666 5107544.716870 -671.8678
1570404.142666 5107343.612154 -672.5587
1570404.142666 5107142.507438 -674.0396
1570404.142666 5106941.402723 -674.7274
1570404.142666 5106740.298007 -675.5215
1570404.142666 5106539.193291 -676.5154
1570404.142666 5106338.088576 -677.6649
1570404.142666 5106136.983860 -678.9201
1570404.142666 5105935.879144 -680.2607
1570604.438118 5108751.345164 -668.7820
1570604.438118 5108550.240448 -669.4586
1570604.438118 5108349.135732 -670.0643
1570604.438118 5108148.031017 -670.6093
1570604.438118 5107946.926301 -671.1461
1570604.438118 5107745.821585 -671.7189
1570604.438118 5107544.716870 -672.3959
1570604.438118 5107343.612154 -673.7992
1570604.438118 5107142.507438 -674.6074
1570604.438118 5106941.402723 -675.1418
1570604.438118 5106740.298007 -676.0342
1570604.438118 5106539.193291 -677.2389
1570604.438118 5106338.088576 -678.5812
1570604.438118 5106136.983860 -679.9729
1570604.438118 5105935.879144 -681.4041
1570604.438118 5105734.774429 -682.8970
1570804.733571 5108550.240448 -670.0845
1570804.733571 5108349.135732 -670.7010
1570804.733571 5108148.031017 -671.2946
1570804.733571 5107946.926301 -671.9128
1570804.733571 5107745.821585 -672.6231
1570804.733571 5107544.716870 -673.5182
1570804.733571 5107343.612154 -674.6735
1570804.733571 5107142.507438 -675.2781
1570804.733571 5106941.402723 -675.4709
1570804.733571 5106740.298007 -676.5553
1570804.733571 5106539.193291 -678.0790
1570804.733571 5106338.088576 -679.6434
1570804.733571 5106136.983860 -681.1545
1570804.733571 5105935.879144 -682.6505
1570804.733571 5105734.774429 -684.1939
1570804.733571 5105533.669713 -685.8238
1571005.029024 5108349.135732 -671.4548
1571005.029024 5108148.031017 -672.0958
1571005.029024 5107946.926301 -672.7811
1571005.029024 5107745.821585 -673.5698
1571005.029024 5107544.716870 -674.5244
1571005.029024 5107343.612154 -675.6370
1571005.029024 5107142.507438 -676.0078
1571005.029024 5106941.402723 -675.7582
1571005.029024 5106740.298007 -677.2098
1571005.029024 5106539.193291 -679.1835
1571005.029024 5106338.088576 -680.9233
1571005.029024 5106136.983860 -682.4764
1571005.029024 5105935.879144 -683.9816
1571005.029024 5105734.774429 -685.5544
1571005.029024 5105533.669713 -687.2421
1571005.029024 5105332.564997 -689.0390
1571205.324476 5108148.031017 -672.9592
1571205.324476 5107946.926301 -673.6550
1571205.324476 5107745.821585 -674.3998
1571205.324476 5107544.716870 -675.1706
1571205.324476 5107343.612154 -675.8204
1571205.324476 5107142.507438 -675.9636
1571205.324476 5106941.402723 -676.7869
1571205.324476 5106740.298007 -678.5205
1571205.324476 5106539.193291 -680.7445
1571205.324476 5106338.088576 -682.4170
1571205.324476 5106136.983860 -683.8729
1571205.324476 5105935.879144 -685.3251
1571205.324476 5105734.774429 -686.9264
1571205.324476 5105533.669713 -688.7012
1571205.324476 5105332.564997 -690.6026
1571205.324476 5105131.460282 -692.5742
1571405.619929 5107946.926301 -674.5706
1571405.619929 5107745.821585 -675.2690
1571405.619929 5107544.716870 -675.9524
1571405.619929 5107343.612154 -676.5644
1571405.619929 5107142.507438 -677.1108
1571405.619929 5106941.402723 -678.0882
1571405.619929 5106740.298007 -681.3028
1571405.619929 5106539.193291 -682.2421
1571405.619929 5106338.088576 -683.8175
1571405.619929 5106136.983860 -685.1398
1571405.619929 5105935.879144 -686.5471
1571405.619929 5105734.774429 -688.2409
1571405.619929 5105533.669713 -690.1808
1571405.619929 5105332.564997 -692.2439
1571405.619929 5105131.460282 -694.3360
1571405.619929 5104930.355566 -696.4138
1571605.915382 5107745.821585 -676.2635
1571605.915382 5107544.716870 -676.9488
1571605.915382 5107343.612154 -677.6431
1571605.915382 5107142.507438 -678.4449
1571605.915382 5106941.402723 -679.6392
1571605.915382 5106740.298007 -681.4634
1571605.915382 5106539.193291 -683.2111
1571605.915382 5106338.088576 -684.1578
1571605.915382 5106136.983860 -686.0416
1571605.915382 5105935.879144 -687.5228
1571605.915382 5105734.774429 -689.4666
1571605.915382 5105533.669713 -691.7034
1571605.915382 5105332.564997 -693.9987
1571605.915382 5105131.460282 -696.2318
1571605.915382 5104930.355566 -698.3752
1571605.915382 5104729.250850 -700.4488
1571806.210835 5107544.716870 -678.1180
1571806.210835 5107343.612154 -678.8783
1571806.210835 5107142.507438 -679.7507
1571806.210835 5106941.402723 -680.8376
1571806.210835 5106740.298007 -682.1125
1571806.210835 5106539.193291 -683.1956
1571806.210835 5106338.088576 -685.2982
1571806.210835 5106136.983860 -686.6102
1571806.210835 5105935.879144 -688.2895
1571806.210835 5105734.774429 -690.7006
1571806.210835 5105533.669713 -693.3795
1571806.210835 5105332.564997 -695.9457
1571806.210835 5105131.460282 -698.3018
1571806.210835 5104930.355566 -700.4741
1571806.210835 5104729.250850 -702.5262
1571806.210835 5104528.146135 -704.5283
1572006.506287 5107343.612154 -680.2456
1572006.506287 5107142.507438 -681.1415
1572006.506287 5106941.402723 -682.1600
1572006.506287 5106740.298007 -683.2841
1572006.506287 5106539.193291 -684.4647
1572006.506287 5106338.088576 -685.9675
1572006.506287 5106136.983860 -687.8624
1572006.506287 5105935.879144 -689.3308
1572006.506287 5105734.774429 -692.2477
1572006.506287 5105533.669713 -695.4139
1572006.506287 5105332.564997 -698.1802
1572006.506287 5105131.460282 -700.5717
1572006.506287 5104930.355566 -702.7015
1572006.506287 5104729.250850 -704.6772
1572006.506287 5104528.146135 -706.6000
1572006.506287 5104327.041419 -708.5562
1572206.801740 5107142.507438 -682.6923
1572206.801740 5106941.402723 -683.7173
1572206.801740 5106740.298007 -684.8420
1572206.801740 5106539.193291 -686.0900
1572206.801740 5106338.088576 -687.5671
1572206.801740 5106136.983860 -689.2770
1572206.801740 5105935.879144 -691.6790
1572206.801740 5105734.774429 -694.4647
1572206.801740 5105533.669713 -697.9584
1572206.801740 5105332.564997 -700.7028
1572206.801740 5105131.460282 -702.9946
1572206.801740 5104930.355566 -705.0040
1572206.801740 5104729.250850 -706.8480
1572206.801740 5104528.146135 -708.6531
1572206.801740 5104327.041419 -710.5345
1572206.801740 5104125.936703 -712.5582
1572407.097193 5106941.402723 -685.5054
1572407.097193 5106740.298007 -686.7021
1572407.097193 5106539.193291 -688.0459
1572407.097193 5106338.088576 -689.6014
1572407.097193 5106136.983860 -691.4205
1572407.097193 5105935.879144 -693.6218
1572407.097193 5105734.774429 -697.2844
1572407.097193 5105533.669713 -700.0701
1572407.097193 5105332.564997 -703.2514
1572407.097193 5105131.460282 -705.4122
1572407.097193 5104930.355566 -707.2856
1572407.097193 5104729.250850 -708.9630
1572407.097193 5104528.146135 -710.6180
1572407.097193 5104327.041419 -712.4194
1572407.097193 5104125.936703 -714.4434
1572407.097193 5103924.831988 -716.6799
1572607.392646 5106941.402723 -687.4807
1572607.392646 5106740.298007 -688.7880
1572607.392646 5106539.193291 -690.2614
1572607.392646 5106338.088576 -691.9602
1572607.392646 5106136.983860 -693.9566
1572607.392646 5105935.879144 -696.3627
1572607.392646 5105734.774429 -699.3386
1572607.392646 5105533.669713 -703.0688
1572607.392646 5105332.564997 -705.4243
1572607.392646 5105131.460282 -707.6862
1572607.392646 5104930.355566 -709.4778
1572607.392646 5104729.250850 -710.9517
1572607.392646 5104528.146135 -712.4150
1572607.392646 5104327.041419 -714.1468
1572607.392646 5104125.936703 -716.2227
1572607.392646 5103924.831988 -718.5745
1572607.392646 5103723.727272 -721.1015
1572807.688098 5106740.298007 -691.0127
1572807.688098 5106539.193291 -692.6205
1572807.688098 5106338.088576 -694.4622
1572807.688098 5106136.983860 -696.6030
1572807.688098 5105935.879144 -699.1132
1572807.688098 5105734.774429 -702.0253
1572807.688098 5105533.669713 -705.1639
1572807.688098 5105332.564997 -707.6605
1572807.688098 5105131.460282 -709.9563
1572807.688098 5104930.355566 -711.6099
1572807.688098 5104729.250850 -712.7556
1572807.688098 5104528.146135 -713.9506
1572807.688098 5104327.041419 -715.6537
1572807.688098 5104125.936703 -717.8812
1572807.688098 5103924.831988 -720.4370
1572807.688098 5103723.727272 -723.1440
1572807.688098 5103522.622556 -725.9033
1573007.983551 5106539.193291 -695.0128
1573007.983551 5106338.088576 -696.9553
1573007.983551 5106136.983860 -699.1662
1573007.983551 5105935.879144 -701.6752
1573007.983551 5105734.774429 -704.4570
1573007.983551 5105533.669713 -707.3574
1573007.983551 5105332.564997 -710.0601
1573007.983551 5105131.460282 -712.0136
1573007.983551 5104930.355566 -713.3256
1573007.983551 5104729.250850 -714.2474
1573007.983551 5104528.146135 -715.0987
1573007.983551 5104327.041419 -716.9000
1573007.983551 5104125.936703 -719.4562
1573007.983551 5103924.831988 -722.3265
1573007.983551 5103723.727272 -725.2540
1573007.983551 5103522.622556 -728.1474
1573007.983551 5103321.517841 -731.0049
1573208.279004 5106338.088576 -699.3521
1573208.279004 5106136.983860 -701.5591
1573208.279004 5105935.879144 -703.9811
1573208.279004 5105734.774429 -706.5638
1573208.279004 5105533.669713 -709.1669
1573208.279004 5105332.564997 -711.5576
1573208.279004 5105131.460282 -713.4656
1573208.279004 5104930.355566 -714.6460
1573208.279004 5104729.250850 -715.3381
1573208.279004 5104528.146135 -715.7704
1573208.279004 5104327.041419 -717.9564
1573208.279004 5104125.936703 -721.0963
1573208.279004 5103924.831988 -724.3611
1573208.279004 5103723.727272 -727.4935
1573208.279004 5103522.622556 -730.4749
1573208.279004 5103321.517841 -733.3762
1573408.574456 5106136.983860 -703.7762
1573408.574456 5105935.879144 -706.0631
1573408.574456 5105734.774429 -708.4196
1573408.574456 5105533.669713 -710.7225
1573408.574456 5105332.564997 -712.7990
1573408.574456 5105131.460282 -714.4684
1573408.574456 5104930.355566 -715.6168
1573408.574456 5104729.250850 -716.0516
1573408.574456 5104528.146135 -716.9632
1573408.574456 5104327.041419 -719.2002
1573408.574456 5104125.936703 -723.1155
1573408.574456 5103924.831988 -726.6815
1573408.574456 5103723.727272 -729.8940
1573408.574456 5103522.622556 -732.8587
1573408.574456 5103321.517841 -735.7474
1573408.574456 5103120.413125 -738.6608
1573608.869909 5105935.879144 -708.0000
1573608.869909 5105734.774429 -710.1443
1573608.869909 5105533.669713 -712.1905
1573608.869909 5105332.564997 -714.0154
1573608.869909 5105131.460282 -715.5108
1573608.869909 5104930.355566 -716.6432
1573608.869909 5104729.250850 -717.5293
1573608.869909 5104528.146135 -718.8192
1573608.869909 5104327.041419 -721.1582
1573608.869909 5104125.936703 -725.8239
1573608.869909 5103924.831988 -729.2522
1573608.869909 5103723.727272 -732.3549
1573608.869909 5103522.622556 -735.1788
1573608.869909 5103321.517841 -738.0195
1573608.869909 5103120.413125 -740.9872
1573608.869909 5102919.308409 -744.0409
1573809.165362 5105734.774429 -711.8521
1573809.165362 5105533.669713 -713.7090
1573809.165362 5105332.564997 -715.3683
1573809.165362 5105131.460282 -716.7789
1573809.165362 5104930.355566 -717.9722
1573809.165362 5104729.250850 -719.1367
1573809.165362 5104528.146135 -720.7421
1573809.165362 5104327.041419 -724.1979
1573809.165362 5104125.936703 -727.2587
1573809.165362 5103924.831988 -731.4287
1573809.165362 5103723.727272 -734.5757
1573809.165362 5103522.622556 -737.2080
1573809.165362 5103321.517841 -740.0510
1573809.165362 5103120.413125 -743.1840
1573809.165362 5102919.308409 -746.4271
1573809.165362 5102718.203694 -749.6414
1574009.460815 5105533.669713 -715.3672
1574009.460815 5105332.564997 -716.9415
1574009.460815 5105131.460282 -718.3353
1574009.460815 5104930.355566 -719.6031
1574009.460815 5104729.250850 -720.9064
1574009.460815 5104528.146135 -722.5327
1574009.460815 5104327.041419 -724.8138
1574009.460815 5104125.936703 -728.6726
1574009.460815 5103924.831988 -731.3436
1574009.460815 5103723.727272 -736.4175
1574009.460815 5103522.622556 -738.7002
1574009.460815 5103321.517841 -741.7277
1574009.460815 5103120.413125 -745.2587
1574009.460815 5102919.308409 -748.8205
1574009.460815 5102718.203694 -752.2161
1574009.460815 5102517.098978 -755.4324
1574209.756267 5105332.564997 -718.7657
1574209.756267 5105131.460282 -720.1972
1574209.756267 5104930.355566 -721.5652
1574209.756267 5104729.250850 -723.0072
1574209.756267 5104528.146135 -724.7417
1574209.756267 5104327.041419 -727.0441
1574209.756267 5104125.936703 -730.2238
1574209.756267 5103924.831988 -734.7441
1574209.756267 5103723.727272 -737.9349
1574209.756267 5103522.622556 -739.3748
1574209.756267 5103321.517841 -743.0931
1574209.756267 5103120.413125 -747.3815
1574209.756267 5102919.308409 -751.3502
1574209.756267 5102718.203694 -754.9012
1574209.756267 5102517.098978 -758.1434
1574209.756267 5102315.994262 -761.2190
1574410.051720 5105131.460282 -722.3393
1574410.051720 5104930.355566 -723.8217
1574410.051720 5104729.250850 -725.3925
1574410.051720 5104528.146135 -727.2138
1574410.051720 5104327.041419 -729.4705
1574410.051720 5104125.936703 -732.2933
1574410.051720 5103924.831988 -735.5194
1574410.051720 5103723.727272 -737.9359
1574410.051720 5103522.622556 -739.0672
1574410.051720 5103321.517841 -744.7154
1574410.051720 5103120.413125 -749.9875
1574410.051720 5102919.308409 -754.1881
1574410.051720 5102718.203694 -757.7311
1574410.051720 5102517.098978 -760.8943
1574410.051720 5102315.994262 -763.8851
1574410.051720 5102114.889547 -766.8649
1574610.347173 5104930.355566 -726.3136
1574610.347173 5104729.250850 -727.9915
1574610.347173 5104528.146135 -729.8578
1574610.347173 5104327.041419 -732.0136
1574610.347173 5104125.936703 -734.4850
1574610.347173 5103924.831988 -737.1088
1574610.347173 5103723.727272 -739.5176
1574610.347173 5103522.622556 -742.6760
1574610.347173 5103321.517841 -747.2455
1574610.347173 5103120.413125 -753.5217
1574610.347173 5102919.308409 -757.2732
1574610.347173 5102718.203694 -760.5851
1574610.347173 5102517.098978 -763.5869
1574610.347173 5102315.994262 -766.4586
1574610.347173 5102114.889547 -769.3719
1574610.347173 5101913.784831 -772.4541
1574810.642625 5104729.250850 -730.7663
1574810.642625 5104528.146135 -732.6749
1574810.642625 5104327.041419 -734.7761
1574810.642625 5104125.936703 -737.0868
1574810.642625 5103924.831988 -739.5687
1574810.642625 5103723.727272 -742.2463
1574810.642625 5103522.622556 -745.6356
1574810.642625 5103321.517841 -750.7885
1574810.642625 5103120.413125 -755.5676
1574810.642625 5102919.308409 -759.7608
1574810.642625 5102718.203694 -763.1297
1574810.642625 5102517.098978 -766.0670
1574810.642625 5102315.994262 -768.8561
1574810.642625 5102114.889547 -771.7287
1574810.642625 5101913.784831 -774.8419
1574810.642625 5101712.680115 -778.2681
1575010.938078 5104528.146135 -735.6619
1575010.938078 5104327.041419 -737.7751
1575010.938078 5104125.936703 -740.0618
1575010.938078 5103924.831988 -742.5574
1575010.938078 5103723.727272 -745.3713
1575010.938078 5103522.622556 -748.7878
1575010.938078 5103321.517841 -753.0546
1575010.938078 5103120.413125 -757.3266
1575010.938078 5102919.308409 -761.2115
1575010.938078 5102718.203694 -765.3572
1575010.938078 5102517.098978 -768.3077
1575010.938078 5102315.994262 -771.0538
1575010.938078 5102114.889547 -773.9198
1575010.938078 5101913.784831 -777.1132
1575010.938078 5101712.680115 -780.7058
1575010.938078 5101511.575400 -784.6732
1575211.233531 5104327.041419 -740.9623
1575211.233531 5104125.936703 -743.2900
1575211.233531 5103924.831988 -745.8275
1575211.233531 5103723.727272 -748.6640
1575211.233531 5103522.622556 -751.9164
1575211.233531 5103321.517841 -755.5833
1575211.233531 5103120.413125 -759.3141
1575211.233531 5102919.308409 -763.2519
1575211.233531 5102718.203694 -767.2491
1575211.233531 5102517.098978 -770.4062
1575211.233531 5102315.994262 -773.1087
1575211.233531 5102114.889547 -775.9806
1575211.233531 5101913.784831 -779.3069
1575211.233531 5101712.680115 -783.1407
1575211.233531 5101511.575400 -787.4088
1575211.233531 5101310.470684 -791.9917
1575411.528984 5104125.936703 -746.6713
1575411.528984 5103924.831988 -749.2579
1575411.528984 5103723.727272 -752.0964
1575411.528984 5103522.622556 -755.2386
1575411.528984 5103321.517841 -758.6674
1575411.528984 5103120.413125 -762.2739
1575411.528984 5102919.308409 -766.0715
1575411.528984 5102718.203694 -769.9857
1575411.528984 5102517.098978 -772.8090
1575411.528984 5102315.994262 -775.1661
1575411.528984 5102114.889547 -777.9969
1575411.528984 5101913.784831 -781.5096
1575411.528984 5101712.680115 -785.6694
1575411.528984 5101511.575400 -790.3163
1575411.528984 5101310.470684 -795.2703
1575411.528984 5101109.365968 -800.3775
1575611.824436 5104125.936703 -750.1355
1575611.824436 5103924.831988 -752.7762
1575611.824436 5103723.727272 -755.6255
1575611.824436 5103522.622556 -758.7125
1575611.824436 5103321.517841 -762.0288
1575611.824436 5103120.413125 -765.5250
1575611.824436 5102919.308409 -769.1357
1575611.824436 5102718.203694 -772.6278
1575611.824436 5102517.098978 -774.9751
1575611.824436 5102315.994262 -777.1978
1575611.824436 5102114.889547 -780.0819
1575611.824436 5101913.784831 -783.8696
1575611.824436 5101712.680115 -788.4447
1575611.824436 5101511.575400 -793.5358
1575611.824436 5101310.470684 -798.8956
1575611.824436 5101109.365968 -804.3428
1575611.824436 5100908.261253 -809.7551
1575812.119889 5103924.831988 -756.3344
1575812.119889 5103723.727272 -759.2029
1575812.119889 5103522.622556 -762.2600
1575812.119889 5103321.517841 -765.4972
1575812.119889 5103120.413125 -768.8707
1575812.119889 5102919.308409 -772.2859
1575812.119889 5102718.203694 -775.5236
1575812.119889 5102517.098978 -777.2559
1575812.119889 5102315.994262 -780.0892
1575812.119889 5102114.889547 -782.6024
1575812.119889 5101913.784831 -786.6544
1575812.119889 5101712.680115 -791.6850
1575812.119889 5101511.575400 -797.2390
1575812.119889 5101310.470684 -802.9946
1575812.119889 5101109.365968 -808.7543
1575812.119889 5100908.261253 -814.4012
1575812.119889 5100707.156537 -819.8593
1576012.415342 5103723.727272 -762.8015
1576012.415342 5103522.622556 -765.8429
1576012.415342 5103321.517841 -769.0181
1576012.415342 5103120.413125 -772.2809
1576012.415342 5102919.308409 -775.5355
1576012.415342 5102718.203694 -778.6088
1576012.415342 5102517.098978 -781.2602
1576012.415342 5102315.994262 -783.4017
1576012.415342 5102114.889547 -786.4385
1576012.415342 5101913.784831 -790.1833
1576012.415342 5101712.680115 -795.6258
1576012.415342 5101511.575400 -801.5842
1576012.415342 5101310.470684 -807.6657
1576012.415342 5101109.365968 -813.6669
1576012.415342 5100908.261253 -819.4899
1576012.415342 5100707.156537 -825.0586
1576012.415342 5100506.051821 -830.3222
1576212.710795 5103522.622556 -769.4642
1576212.710795 5103321.517841 -772.6075
1576212.710795 5103120.413125 -775.8109
1576212.710795 5102919.308409 -779.0043
1576212.710795 5102718.203694 -782.0979
1576212.710795 5102517.098978 -785.0414
1576212.710795 5102315.994262 -787.9932
1576212.710795 5102114.889547 -790.4257
1576212.710795 5101913.784831 -794.9844
1576212.710795 5101712.680115 -800.3957
1576212.710795 5101511.575400 -806.6262
1576212.710795 5101310.470684 -812.9230
1576212.710795 5101109.365968 -819.0632
1576212.710795 5100908.261253 -824.9958
1576212.710795 5100707.156537 -830.6255
1576212.710795 5100506.051821 -835.8737
1576413.006247 5103321.517841 -776.2974
1576413.006247 5103120.413125 -779.5001
1576413.006247 5102919.308409 -782.7117
1576413.006247 5102718.203694 -785.8901
1576413.006247 5102517.098978 -789.0335
1576413.006247 5102315.994262 -792.2311
1576413.006247 5102114.889547 -795.6347
1576413.006247 5101913.784831 -799.9603
1576413.006247 5101712.680115 -805.6083
1576413.006247 5101511.575400 -812.1833
1576413.006247 5101310.470684 -818.6535
1576413.006247 5101109.365968 -824.8245
1576413.006247 5100908.261253 -830.8258
1576413.006247 5100707.156537 -836.4912
1576413.006247 5100506.051821 -841.6706
1576413.006247 5100304.947106 -846.3845
1576613.301700 5103120.413125 -783.3719
1576613.301700 5102919.308409 -786.6684
1576613.301700 5102718.203694 -789.9895
1576613.301700 5102517.098978 -793.3527
1576613.301700 5102315.994262 -796.8288
1576613.301700 5102114.889547 -800.5554
1576613.301700 5101913.784831 -804.8254
1576613.301700 5101712.680115 -811.3423
1576613.301700 5101511.575400 -817.3215
1576613.301700 5101310.470684 -824.7006
1576613.301700 5101109.365968 -830.7353
1576613.301700 5100908.261253 -836.8271
1576613.301700 5100707.156537 -842.5523
1576613.301700 5100506.051821 -847.6043
1576613.301700 5100304.947106 -852.0850
1576613.301700 5100103.842390 -856.1973
1576813.597153 5102919.308409 -790.8632
1576813.597153 5102718.203694 -794.3826
1576813.597153 5102517.098978 -798.0257
1576813.597153 5102315.994262 -801.8834
1576813.597153 5102114.889547 -806.1260
1576813.597153 5101913.784831 -811.0582
1576813.597153 5101712.680115 -817.1425
1576813.597153 5101511.575400 -824.3334
1576813.597153 5101310.470684 -830.7396
1576813.597153 5101109.365968 -836.4935
1576813.597153 5100908.261253 -842.8184
1576813.597153 5100707.156537 -848.6864
1576813.597153 5100506.051821 -853.5075
1576813.597153 5100304.947106 -857.6588
1576813.597153 5100103.842390 -861.4955
1576813.597153 5099902.737674 -865.1885
1577013.892605 5102718.203694 -798.9918
1577013.892605 5102517.098978 -802.9260
1577013.892605 5102315.994262 -807.1533
1577013.892605 5102114.889547 -811.8392
1577013.892605 5101913.784831 -817.2198
1577013.892605 5101712.680115 -823.5259
1577013.892605 5101511.575400 -830.6263
1577013.892605 5101310.470684 -836.7584
1577013.892605 5101109.365968 -841.8193
1577013.892605 5100908.261253 -848.6151
1577013.892605 5100707.156537 -854.7262
1577013.892605 5100506.051821 -859.0839
1577013.892605 5100304.947106 -862.8292
1577013.892605 5100103.842390 -866.4415
1577013.892605 5099902.737674 -870.0170
1577013.892605 5099701.632959 -873.5506
1577214.188058 5102517.098978 -807.8920
1577214.188058 5102315.994262 -812.3847
1577214.188058 5102114.889547 -817.3093
1577214.188058 5101913.784831 -822.7955
1577214.188058 5101712.680115 -828.9049
1577214.188058 5101511.575400 -835.4622
1577214.188058 5101310.470684 -841.9402
1577214.188058 5101109.365968 -847.3478
1577214.188058 5100908.261253 -853.0581
1577214.188058 5100707.156537 -860.1954
1577214.188058 5100506.051821 -863.7372
1577214.188058 5100304.947106 -867.2360
1577214.188058 5100103.842390 -870.8737
1577214.188058 5099902.737674 -874.5098
1577214.188058 5099701.632959 -878.0787
1577214.188058 5099500.528243 -881.5435
1577414.483511 5102315.994262 -817.4532
1577414.483511 5102114.889547 -822.4346
1577414.483511 5101913.784831 -827.7824
1577414.483511 5101712.680115 -833.4216
1577414.483511 5101511.575400 -839.0743
1577414.483511 5101310.470684 -844.2095
1577414.483511 5101109.365968 -848.2726
1577414.483511 5100908.261253 -853.5132
1577414.483511 5100707.156537 -861.6827
1577414.483511 5100506.051821 -866.5018
1577414.483511 5100304.947106 -870.7114
1577414.483511 5100103.842390 -874.8630
1577414.483511 5099902.737674 -878.7432
1577414.483511 5099701.632959 -882.4283
1577414.483511 5099500.528243 -885.9346
1577414.483511 5099299.423528 -889.2487
1577614.778964 5102114.889547 -827.3075
1577614.778964 5101913.784831 -832.4763
1577614.778964 5101712.680115 -837.7469
1577614.778964 5101511.575400 -842.8992
1577614.778964 5101310.470684 -847.6682
1577614.778964 5101109.365968 -852.0570
1577614.778964 5100908.261253 -857.0839
1577614.778964 5100707.156537 -865.0080
1577614.778964 5100506.051821 -868.9425
1577614.778964 5100304.947106 -874.3427
1577614.778964 5100103.842390 -879.0074
1577614.778964 5099902.737674 -882.9594
1577614.778964 5099701.632959 -886.7011
1577614.778964 5099500.528243 -890.2394
1577614.778964 5099299.423528 -893.5223
1577614.778964 5099098.318812 -896.5618
1577815.074416 5101913.784831 -837.0965
1577815.074416 5101712.680115 -842.2034
1577815.074416 5101511.575400 -847.2547
1577815.074416 5101310.470684 -852.2114
1577815.074416 5101109.365968 -857.2999
1577815.074416 5100908.261253 -863.1968
1577815.074416 5100707.156537 -870.4357
1577815.074416 5100506.051821 -875.7835
1577815.074416 5100304.947106 -880.9891
1577815.074416 5100103.842390 -883.9545
1577815.074416 5099902.737674 -887.2296
1577815.074416 5099701.632959 -890.9201
1577815.074416 5099500.528243 -894.4858
1577815.074416 5099299.423528 -897.7095
1577815.074416 5099098.318812 -900.6260
1577815.074416 5098897.214096 -903.3273
1578015.369869 5101712.680115 -846.7756
1578015.369869 5101511.575400 -851.8871
1578015.369869 5101310.470684 -857.0828
1578015.369869 5101109.365968 -862.5602
1578015.369869 5100908.261253 -868.6198
1578015.369869 5100707.156537 -875.2222
1578015.369869 5100506.051821 -881.1995
1578015.369869 5100304.947106 -885.1456
1578015.369869 5100103.842390 -887.6279
1578015.369869 5099902.737674 -890.8351
1578015.369869 5099701.632959 -894.9585
1578015.369869 5099500.528243 -898.6800
1578015.369869 5099299.423528 -901.8012
1578015.369869 5099098.318812 -904.5350
1578015.369869 5098897.214096 -907.0652
1578015.369869 5098696.109381 -909.4763
1578215.665322 5101511.575400 -856.5048
1578215.665322 5101310.470684 -861.8071
1578215.665322 5101109.365968 -867.3356
1578215.665322 5100908.261253 -873.1427
1578215.665322 5100707.156537 -878.9972
1578215.665322 5100506.051821 -884.1747
1578215.665322 5100304.947106 -887.9727
1578215.665322 5100103.842390 -890.4030
1578215.665322 5099902.737674 -893.9875
1578215.665322 5099701.632959 -899.0750
1578215.665322 5099500.528243 -902.9192
1578215.665322 5099299.423528 -905.7610
1578215.665322 5099098.318812 -908.2192
1578215.665322 5098897.214096 -910.5670
1578215.665322 5098696.109381 -912.8498
1578215.665322 5098495.004665 -915.0688
1578415.960774 5101310.470684 -866.2242
1578415.960774 5101109.365968 -871.6244
1578415.960774 5100908.261253 -877.0802
1578415.960774 5100707.156537 -882.3503
1578415.960774 5100506.051821 -886.9951
1578415.960774 5100304.947106 -890.6694
1578415.960774 5100103.842390 -893.6004
1578415.960774 5099902.737674 -897.9420
1578415.960774 5099701.632959 -903.3824
1578415.960774 5099500.528243 -907.1771
1578415.960774 5099299.423528 -909.4133
1578415.960774 5099098.318812 -911.5476
1578415.960774 5098897.214096 -913.7798
1578415.960774 5098696.109381 -915.9890
1578415.960774 5098495.004665 -918.1317
1578415.960774 5098293.899949 -920.2131
1578616.256227 5101310.470684 -870.3329
1578616.256227 5101109.365968 -875.5557
1578616.256227 5100908.261253 -880.7196
1578616.256227 5100707.156537 -885.6475
1578616.256227 5100506.051821 -890.1163
1578616.256227 5100304.947106 -894.0443
1578616.256227 5100103.842390 -897.7510
1578616.256227 5099902.737674 -902.0676
1578616.256227 5099701.632959 -907.2971
1578616.256227 5099500.528243 -910.5583
1578616.256227 5099299.423528 -912.3727
1578616.256227 5099098.318812 -914.3877
1578616.256227 5098897.214096 -916.7200
1578616.256227 5098696.109381 -918.9303
1578616.256227 5098495.004665 -921.0139
1578616.256227 5098293.899949 -923.0242
1578616.256227 5098092.795234 -924.9883
1578816.551680 5101109.365968 -879.2302
1578816.551680 5100908.261253 -884.1865
1578816.551680 5100707.156537 -888.9355
1578816.551680 5100506.051821 -893.3840
1578816.551680 5100304.947106 -897.5566
1578816.551680 5100103.842390 -901.6898
1578816.551680 5099902.737674 -906.1447
1578816.551680 5099701.632959 -910.8445
1578816.551680 5099500.528243 -913.8326
1578816.551680 5099299.423528 -914.8958
1578816.551680 5099098.318812 -916.9065
1578816.551680 5098897.214096 -919.6116
1578816.551680 5098696.109381 -921.7780
1578816.551680 5098495.004665 -923.7543
1578816.551680 5098293.899949 -925.6815
1578816.551680 5098092.795234 -927.5792
1578816.551680 5097891.690518 -929.4514
1579016.847133 5100908.261253 -887.5023
1579016.847133 5100707.156537 -892.1400
1579016.847133 5100506.051821 -896.5741
1579016.847133 5100304.947106 -900.8362
1579016.847133 5100103.842390 -905.0315
1579016.847133 5099902.737674 -909.2200
1579016.847133 5099701.632959 -913.1140
1579016.847133 5099500.528243 -915.8429
1579016.847133 5099299.423528 -916.7979
1579016.847133 5099098.318812 -919.9358
1579016.847133 5098897.214096 -922.8802
1579016.847133 5098696.109381 -924.5858
1579016.847133 5098495.004665 -926.3492
1579016.847133 5098293.899949 -928.1921
1579016.847133 5098092.795234 -930.0310
1579016.847133 5097891.690518 -931.8491
1579217.142585 5100707.156537 -895.1959
1579217.142585 5100506.051821 -899.5764
1579217.142585 5100304.947106 -903.8079
1579217.142585 5100103.842390 -907.9102
1579217.142585 5099902.737674 -911.8379
1579217.142585 5099701.632959 -915.3773
1579217.142585 5099500.528243 -918.2099
1579217.142585 5099299.423528 -920.5056
1579217.142585 5099098.318812 -923.4445
1579217.142585 5098897.214096 -926.2053
1579217.142585 5098696.109381 -926.9944
1579217.142585 5098495.004665 -928.7073
1579217.142585 5098293.899949 -930.5641
1579217.142585 5098092.795234 -932.3597
1579217.142585 5097891.690518 -934.1221
1579217.142585 5097690.585802 -935.8845
1579417.438038 5100506.051821 -902.3703
1579417.438038 5100304.947106 -906.5115
1579417.438038 5100103.842390 -910.4853
1579417.438038 5099902.737674 -914.2338
1579417.438038 5099701.632959 -917.6397
1579417.438038 5099500.528243 -920.6049
1579417.438038 5099299.423528 -923.2591
1579417.438038 5099098.318812 -925.9058
1579417.438038 5098897.214096 -927.6010
1579417.438038 5098696.109381 -929.2550
1579417.438038 5098495.004665 -930.9730
1579417.438038 5098293.899949 -932.9048
1579417.438038 5098092.795234 -934.5892
1579417.438038 5097891.690518 -936.2674
1579417.438038 5097690.585802 -937.9893
1579417.438038 5097489.481087 -939.7481
1579617.733491 5100304.947106 -909.0024
1579617.733491 5100103.842390 -912.8486
1579617.733491 5099902.737674 -916.4678
1579617.733491 5099701.632959 -919.8001
1579617.733491 5099500.528243 -922.8161
1579617.733491 5099299.423528 -925.5750
1579617.733491 5099098.318812 -928.1459
1579617.733491 5098897.214096 -930.3406
1579617.733491 5098696.109381 -932.1632
1579617.733491 5098495.004665 -934.2874
1579617.733491 5098293.899949 -935.3459
1579617.733491 5098092.795234 -936.6586
1579617.733491 5097891.690518 -938.2365
1579617.733491 5097690.585802 -939.9520
1579617.733491 5097489.481087 -941.7271
1579617.733491 5097288.376371 -943.5273
1579818.028943 5100103.842390 -915.0502
1579818.028943 5099902.737674 -918.5556
1579818.028943 5099701.632959 -921.8102
1579818.028943 5099500.528243 -924.8004
1579818.028943 5099299.423528 -927.5457
1579818.028943 5099098.318812 -930.0624
1579818.028943 5098897.214096 -932.3063
1579818.028943 5098696.109381 -934.2998
1579818.028943 5098495.004665 -935.7311
1579818.028943 5098293.899949 -936.4547
1579818.028943 5098092.795234 -938.2092
1579818.028943 5097891.690518 -939.9338
1579818.028943 5097690.585802 -941.7563
1579818.028943 5097489.481087 -943.6033
1579818.028943 5097288.376371 -945.4451
1579818.028943 5097087.271655 -947.2917
1580018.324396 5099902.737674 -920.5175
1580018.324396 5099701.632959 -923.6749
1580018.324396 5099500.528243 -926.5834
1580018.324396 5099299.423528 -929.2388
1580018.324396 5099098.318812 -931.6311
1580018.324396 5098897.214096 -933.7239
1580018.324396 5098696.109381 -935.4701
1580018.324396 5098495.004665 -936.7669
1580018.324396 5098293.899949 -938.0652
1580018.324396 5098092.795234 -939.3849
1580018.324396 5097891.690518 -941.4804
1580018.324396 5097690.585802 -943.4516
1580018.324396 5097489.481087 -945.4027
1580018.324396 5097288.376371 -947.3005
1580018.324396 5097087.271655 -949.1814
1580018.324396 5096886.166940 -951.0864
1580218.619849 5099701.632959 -925.4331
1580218.619849 5099500.528243 -928.2324
1580218.619849 5099299.423528 -930.7676
1580218.619849 5099098.318812 -933.0189
1580218.619849 5098897.214096 -934.9606
1580218.619849 5098696.109381 -936.5767
1580218.619849 5098495.004665 -937.9020
1580218.619849 5098293.899949 -939.1862
1580218.619849 5098092.795234 -940.9806
1580218.619849 5097891.690518 -942.9161
1580218.619849 5097690.585802 -945.0599
1580218.619849 5097489.481087 -947.1391
1580218.619849 5097288.376371 -949.0956
1580218.619849 5097087.271655 -951.0181
1580218.619849 5096886.166940 -952.9724
1580218.619849 5096685.062224 -954.9754
1580418.915302 5099500.528243 -929.8234
1580418.915302 5099299.423528 -932.2414
1580418.915302 5099098.318812 -934.3716
1580418.915302 5098897.214096 -936.2033
1580418.915302 5098696.109381 -937.7535
1580418.915302 5098495.004665 -939.1071
1580418.915302 5098293.899949 -940.4751
1580418.915302 5098092.795234 -942.1455
1580418.915302 5097891.690518 -944.2729
1580418.915302 5097690.585802 -946.5333
1580418.915302 5097489.481087 -948.7931
1580418.915302 5097288.376371 -950.8091
1580418.915302 5097087.271655 -952.7911
1580418.915302 5096886.166940 -954.8282
1580418.915302 5096685.062224 -956.9172
1580418.915302 5096483.957508 -959.0313
1580619.210754 5099299.423528 -933.7424
1580619.210754 5099098.318812 -935.7838
1580619.210754 5098897.214096 -937.5438
1580619.210754 5098696.109381 -939.0516
1580619.210754 5098495.004665 -940.3892
1580619.210754 5098293.899949 -941.7094
1580619.210754 5098092.795234 -943.2131
1580619.210754 5097891.690518 -945.0988
1580619.210754 5097690.585802 -947.6758
1580619.210754 5097489.481087 -950.2986
1580619.210754 5097288.376371 -952.4026
1580619.210754 5097087.271655 -954.4978
1580619.210754 5096886.166940 -956.6769
1580619.210754 5096685.062224 -958.8920
1580619.210754 5096483.957508 -961.0942
1580619.210754 5096282.852793 -963.2631
1580819.506207 5099098.318812 -937.3129
1580819.506207 5098897.214096 -939.0405
1580819.506207 5098696.109381 -940.5351
1580819.506207 5098495.004665 -941.8574
1580819.506207 5098293.899949 -943.0969
1580819.506207 5098092.795234 -944.3444
1580819.506207 5097891.690518 -945.6725
1580819.506207 5097690.585802 -948.2963
1580819.506207 5097489.481087 -951.3412
1580819.506207 5097288.376371 -953.9011
1580819.506207 5097087.271655 -956.2112
1580819.506207 5096886.166940 -958.5955
1580819.506207 5096685.062224 -960.9594
1580819.506207 5096483.957508 -963.2456
1580819.506207 5096282.852793 -965.4523
1580819.506207 5096081.748077 -967.5854
1581019.801660 5098897.214096 -940.7279
1581019.801660 5098696.109381 -942.2621
1581019.801660 5098495.004665 -943.6471
1581019.801660 5098293.899949 -944.9662
1581019.801660 5098092.795234 -946.3340
1581019.801660 5097891.690518 -947.9366
1581019.801660 5097690.585802 -950.1717
1581019.801660 5097489.481087 -954.1519
1581019.801660 5097288.376371 -956.0738
1581019.801660 5097087.271655 -958.2170
1581019.801660 5096886.166940 -960.7365
1581019.801660 5096685.062224 -963.1972
1581019.801660 5096483.957508 -965.5167
1581019.801660 5096282.852793 -967.7286
1581019.801660 5096081.748077 -969.8384
1581019.801660 5095880.643361 -971.8575
1581220.097113 5098696.109381 -944.2232
1581220.097113 5098495.004665 -945.7383
1581220.097113 5098293.899949 -947.2402
1581220.097113 5098092.795234 -948.8694
1581220.097113 5097891.690518 -950.8369
1581220.097113 5097690.585802 -953.4323
1581220.097113 5097489.481087 -956.7895
1581220.097113 5097288.376371 -959.1562
1581220.097113 5097087.271655 -960.8576
1581220.097113 5096886.166940 -963.1728
1581220.097113 5096685.062224 -965.6208
1581220.097113 5096483.957508 -967.8870
1581220.097113 5096282.852793 -970.0761
1581220.097113 5096081.748077 -972.1420
1581220.097113 5095880.643361 -974.0762
1581220.097113 5095679.538646 -975.9348
1581420.392565 5098495.004665 -948.0196
1581420.392565 5098293.899949 -949.7052
1581420.392565 5098092.795234 -951.5350
1581420.392565 5097891.690518 -953.6528
1581420.392565 5097690.585802 -956.1620
1581420.392565 5097489.481087 -958.9219
1581420.392565 5097288.376371 -961.2305
1581420.392565 5097087.271655 -962.9955
1581420.392565 5096886.166940 -965.3557
1581420.392565 5096685.062224 -968.0792
1581420.392565 5096483.957508 -970.2434
1581420.392565 5096282.852793 -972.4531
1581420.392565 5096081.748077 -974.4788
1581420.392565 5095880.643361 -976.2891
1581420.392565 5095679.538646 -977.9965
1581420.392565 5095478.433930 -979.7263
1581620.688018 5098495.004665 -950.3845
1581620.688018 5098293.899949 -952.2109
1581620.688018 5098092.795234 -954.1538
1581620.688018 5097891.690518 -956.2883
1581620.688018 5097690.585802 -958.6204
1581620.688018 5097489.481087 -960.9927
1581620.688018 5097288.376371 -963.0679
1581620.688018 5097087.271655 -964.7787
1581620.688018 5096886.166940 -967.1318
1581620.688018 5096685.062224 -970.6100
1581620.688018 5096483.957508 -972.4377
1581620.688018 5096282.852793 -974.8552
1581620.688018 5096081.748077 -976.8500
1581620.688018 5095880.643361 -978.4643
1581620.688018 5095679.538646 -979.9561
1581620.688018 5095478.433930 -981.5286
1581620.688018 5095277.329214 -983.2803
1581820.983471 5098293.899949 -954.6890
1581820.983471 5098092.795234 -956.6924
1581820.983471 5097891.690518 -958.8116
1581820.983471 5097690.585802 -961.0332
1581820.983471 5097489.481087 -963.2719
1581820.983471 5097288.376371 -965.4307
1581820.983471 5097087.271655 -967.6368
1581820.983471 5096886.166940 -970.4147
1581820.983471 5096685.062224 -973.2232
1581820.983471 5096483.957508 -974.2435
1581820.983471 5096282.852793 -977.4329
1581820.983471 5096081.748077 -979.2741
1581820.983471 5095880.643361 -980.5401
1581820.983471 5095679.538646 -981.7390
1581820.983471 5095478.433930 -983.1436
1581820.983471 5095277.329214 -984.8406
1581820.983471 5095076.224499 -986.8057
1582021.278923 5098092.795234 -959.1558
1582021.278923 5097891.690518 -961.2646
1582021.278923 5097690.585802 -963.4357
1582021.278923 5097489.481087 -965.6357
1582021.278923 5097288.376371 -967.8464
1582021.278923 5097087.271655 -970.1331
1582021.278923 5096886.166940 -972.5781
1582021.278923 5096685.062224 -974.8161
1582021.278923 5096483.957508 -976.7290
1582021.278923 5096282.852793 -980.0863
1582021.278923 5096081.748077 -981.6122
1582021.278923 5095880.643361 -982.3581
1582021.278923 5095679.538646 -983.2442
1582021.278923 5095478.433930 -984.5290
1582021.278923 5095277.329214 -986.2386
1582021.278923 5095076.224499 -988.2797
1582221.574376 5097891.690518 -963.6587
1582221.574376 5097690.585802 -965.8085
1582221.574376 5097489.481087 -967.9935
1582221.574376 5097288.376371 -970.2131
1582221.574376 5097087.271655 -972.4869
1582221.574376 5096886.166940 -974.8096
1582221.574376 5096685.062224 -977.0654
1582221.574376 5096483.957508 -979.3138
1582221.574376 5096282.852793 -982.1683
1582221.574376 5096081.748077 -983.1097
1582221.574376 5095880.643361 -983.6920
1582221.574376 5095679.538646 -984.4233
1582221.574376 5095478.433930 -985.7177
1582221.574376 5095277.329214 -987.5447
1582221.574376 5095076.224499 -989.7202
1582221.574376 5094875.119783 -992.1041
1582421.869829 5097690.585802 -968.1334
1582421.869829 5097489.481087 -970.3049
1582421.869829 5097288.376371 -972.5120
1582421.869829 5097087.271655 -974.7576
1582421.869829 5096886.166940 -977.0290
1582421.869829 5096685.062224 -979.2903
1582421.869829 5096483.957508 -981.5591
1582421.869829 5096282.852793 -983.8225
1582421.869829 5096081.748077 -984.4264
1582421.869829 5095880.643361 -985.1320
1582421.869829 5095679.538646 -985.5198
1582421.869829 5095478.433930 -986.9173
1582421.869829 5095277.329214 -988.9453
1582421.869829 5095076.224499 -991.2628
1582421.869829 5094875.119783 -993.7498
1582421.869829 5094674.015067 -996.3027
1582622.165282 5097489.481087 -972.5557
1582622.165282 5097288.376371 -974.7360
1582622.165282 5097087.271655 -976.9393
1582622.165282 5096886.166940 -979.1459
1582622.165282 5096685.062224 -981.3140
1582622.165282 5096483.957508 -983.3701
1582622.165282 5096282.852793 -985.1083
1582622.165282 5096081.748077 -985.9858
1582622.165282 5095880.643361 -986.2245
1582622.165282 5095679.538646 -987.3806
1582622.165282 5095478.433930 -988.5129
1582622.165282 5095277.329214 -990.7412
1582622.165282 5095076.224499 -993.0745
1582622.165282 5094875.119783 -995.5753
1582622.165282 5094674.015067 -998.1288
1582622.165282 5094472.910352 -1000.6409
1582822.460734 5097288.376371 -976.8915
1582822.460734 5097087.271655 -979.0447
1582822.460734 5096886.166940 -981.1819
1582822.460734 5096685.062224 -983.2560
1582822.460734 5096483.957508 -985.1860
1582822.460734 5096282.852793 -986.8355
1582822.460734 5096081.748077 -988.0637
1582822.460734 5095880.643361 -989.1263
1582822.460734 5095679.538646 -989.6744
1582822.460734 5095478.433930 -991.4764
1582822.460734 5095277.329214 -993.2692
1582822.460734 5095076.224499 -995.2410
1582822.460734 5094875.119783 -997.6260
1582822.460734 5094674.015067 -1000.0889
1582822.460734 5094472.910352 -1002.4850
1582822.460734 5094271.805636 -1004.8085
1583022.756187 5097087.271655 -981.0967
1583022.756187 5096886.166940 -983.1751
1583022.756187 5096685.062224 -985.1885
1583022.756187 5096483.957508 -987.0795
1583022.756187 5096282.852793 -988.7817
1583022.756187 5096081.748077 -990.2706
1583022.756187 5095880.643361 -991.6608
1583022.756187 5095679.538646 -993.0424
1583022.756187 5095478.433930 -994.0362
1583022.756187 5095277.329214 -996.3696
1583022.756187 5095076.224499 -997.5380
1583022.756187 5094875.119783 -999.8602
1583022.756187 5094674.015067 -1002.1548
1583022.756187 5094472.910352 -1004.3250
1583022.756187 5094271.805636 -1006.4584
1583022.756187 5094070.700920 -1008.5961
1583223.051640 5096886.166940 -985.1451
1583223.051640 5096685.062224 -987.1229
1583223.051640 5096483.957508 -989.0126
1583223.051640 5096282.852793 -990.7871
1583223.051640 5096081.748077 -992.4526
1583223.051640 5095880.643361 -994.0707
1583223.051640 5095679.538646 -995.6994
1583223.051640 5095478.433930 -997.3565
1583223.051640 5095277.329214 -998.5112
1583223.051640 5095076.224499 -1000.6038
1583223.051640 5094875.119783 -1002.3175
1583223.051640 5094674.015067 -1004.2377
1583223.051640 5094472.910352 -1006.0321
1583223.051640 5094271.805636 -1007.9316
1583223.051640 5094070.700920 -1009.9359
1583223.051640 5093869.596205 -1012.0003
1583423.347092 5096685.062224 -989.0453
1583423.347092 5096483.957508 -990.9347
1583423.347092 5096282.852793 -992.7523
1583423.347092 5096081.748077 -994.5092
1583423.347092 5095880.643361 -996.2442
1583423.347092 5095679.538646 -998.0065
1583423.347092 5095478.433930 -999.8515
1583423.347092 5095277.329214 -1001.8416
1583423.347092 5095076.224499 -1003.2096
1583423.347092 5094875.119783 -1004.9335
1583423.347092 5094674.015067 -1005.9622
1583423.347092 5094472.910352 -1007.3305
1583423.347092 5094271.805636 -1009.0984
1583423.347092 5094070.700920 -1011.0540
1583423.347092 5093869.596205 -1013.0861
1583423.347092 5093668.491489 -1015.1433
1583623.642545 5096483.957508 -992.8111
1583623.642545 5096282.852793 -994.6277
1583623.642545 5096081.748077 -996.3912
1583623.642545 5095880.643361 -998.1111
1583623.642545 5095679.538646 -999.7912
1583623.642545 5095478.433930 -1001.4025
1583623.642545 5095277.329214 -1002.8239
1583623.642545 5095076.224499 -1003.7132
1583623.642545 5094875.119783 -1003.8992
1583623.642545 5094674.015067 -1005.8484
1583623.642545 5094472.910352 -1007.8846
1583623.642545 5094271.805636 -1009.9290
1583623.642545 5094070.700920 -1011.9852
1583623.642545 5093869.596205 -1014.0409
1583623.642545 5093668.491489 -1016.0860
1583823.937998 5096282.852793 -996.4120
1583823.937998 5096081.748077 -998.1260
1583823.937998 5095880.643361 -999.7599
1583823.937998 5095679.538646 -1001.2856
1583823.937998 5095478.433930 -1002.6428
1583823.937998 5095277.329214 -1003.7256
1583823.937998 5095076.224499 -1004.4335
1583823.937998 5094875.119783 -1005.0196
1583823.937998 5094674.015067 -1006.6992
1583823.937998 5094472.910352 -1008.7308
1583823.937998 5094271.805636 -1010.8276
1583823.937998 5094070.700920 -1012.9118
1583823.937998 5093869.596205 -1014.9641
1584024.233451 5096081.748077 -999.7736
1584024.233451 5095880.643361 -1001.3124
1584024.233451 5095679.538646 -1002.7114
1584024.233451 5095478.433930 -1003.9252
1584024.233451 5095277.329214 -1004.9152
1584024.233451 5095076.224499 -1005.7214
1584024.233451 5094875.119783 -1006.6144
1584024.233451 5094674.015067 -1008.0999
1584024.233451 5094472.910352 -1009.9455
1584024.233451 5094271.805636 -1011.9299
1584024.233451 5094070.700920 -1013.9406
1584024.233451 5093869.596205 -1015.9330
1584224.528903 5095880.643361 -1002.8493
1584224.528903 5095679.538646 -1004.1725
1584224.528903 5095478.433930 -1005.3345
1584224.528903 5095277.329214 -1006.3427
1584224.528903 5095076.224499 -1007.2758
1584224.528903 5094875.119783 -1008.3245
1584224.528903 5094674.015067 -1009.7120
1584224.528903 5094472.910352 -1011.3807
1584224.528903 5094271.805636 -1013.2039
1584224.528903 5094070.700920 -1015.0870
1584424.824356 5095679.538646 -1005.6907
1584424.824356 5095478.433930 -1006.8486
1584424.824356 5095277.329214 -1007.9037
1584424.824356 5095076.224499 -1008.9307
1584424.824356 5094875.119783 -1010.0524
1584424.824356 5094674.015067 -1011.3806
1584424.824356 5094472.910352 -1012.9109
1584424.824356 5094271.805636 -1014.5801
1584625.119809 5095679.538646 -1007.2535
1584625.119809 5095478.433930 -1008.4229
1584625.119809 5095277.329214 -1009.5204
1584625.119809 5095076.224499 -1010.6049
1584625.119809 5094875.119783 -1011.7557
1584625.119809 5094674.015067 -1013.0379
1584625.119809 5094472.910352 -1014.4626
1584825.415262 5095478.433930 -1010.0219
1584825.415262 5095277.329214 -1011.1469
1584825.415262 5095076.224499 -1012.2605
1584825.415262 5094875.119783 -1013.4163
1584825.415262 5094674.015067 -1014.6573
1585025.710714 5095277.329214 -1012.7615
1585025.710714 5095076.224499 -1013.8842
1585025.710714 5094875.119783 -1015.0307
1585025.710714 5094674.015067 -1016.2332
1585226.006167 5095076.224499 -1015.4781
1585226.006167 5094875.119783 -1016.6068
