172.790707670675	-44.297059298619 0.000000000000
172.790484551176	-44.296914480899 0.000000000000
172.790261432610	-44.296769662633 0.000000000000
172.790038315292	-44.296624844046 0.000000000000
172.789815199084	-44.296480025014 0.000000000000
172.789592083972	-44.296335205544 0.000000000000
172.789368969958	-44.296190385645 0.000000000000
172.789145856865	-44.296045565192 0.000000000000
172.788922744870	-44.295900744302 0.000000000000
172.788699634309	-44.295755923200 0.000000000000
172.788476524520	-44.295611101435 0.000000000000
172.788253415815	-44.295466279242 0.000000000000
172.788030308545	-44.295321456819 0.000000000000
172.787807202047	-44.295176633742 0.000000000000
172.787584096972	-44.295031810454 0.000000000000
172.787360992655	-44.294886986502 0.000000000000
172.787137889448	-44.294742162114 0.000000000000
172.786914787663	-44.294597337514 0.000000000000
172.786691686637	-44.294452512250 0.000000000000
172.786464547884	-44.294292283869 0.000000000000
172.786237410366	-44.294132055044 0.000000000000
172.786010274096	-44.293971825774 0.000000000000
172.785783139024	-44.293811596022 0.000000000000
172.785556005274	-44.293651365872 0.000000000000
172.785328872672	-44.293491135213 0.000000000000
172.785101741393	-44.293330904156 0.000000000000
172.784874611174	-44.293170672536 0.000000000000
172.784647482366	-44.293010440570 0.000000000000
172.784420354792	-44.292850208151 0.000000000000
172.784193228279	-44.292689975170 0.000000000000
172.783966103176	-44.292529741844 0.000000000000
172.783744527190	-44.292375770642 0.000000000000
172.783522952350	-44.292221799017 0.000000000000
172.783301378668	-44.292067826943 0.000000000000
172.783079806168	-44.291913854455 0.000000000000
172.782858234764	-44.291759881500 0.000000000000
172.782636664568	-44.291605908158 0.000000000000
172.782415095543	-44.291451934375 0.000000000000
172.782193527675	-44.291297960170 0.000000000000
172.781971960965	-44.291143985524 0.000000000000
172.781750395288	-44.290990010365 0.000000000000
172.781528831019	-44.290836034946 0.000000000000
172.781307267657	-44.290682058924 0.000000000000
172.781085705691	-44.290528082642 0.000000000000
172.780864144658	-44.290374105757 0.000000000000
172.780642585008	-44.290220128612 0.000000000000
172.780421026278	-44.290066150864 0.000000000000
172.780199468955	-44.289912172856 0.000000000000
172.779977912541	-44.289758194245 0.000000000000
172.779753678256	-44.289600979283 0.000000000000
172.779529445155	-44.289443763879 0.000000000000
172.779305213263	-44.289286548034 0.000000000000
172.779080982568	-44.289129331755 0.000000000000
172.778856753106	-44.288972115052 0.000000000000
172.778632524753	-44.288814897854 0.000000000000
172.778408297684	-44.288657680276 0.000000000000
172.778184071723	-44.288500462184 0.000000000000
172.777959847147	-44.288343243785 0.000000000000
172.777735623579	-44.288186024818 0.000000000000
172.777511401207	-44.288028805400 0.000000000000
172.777287180032	-44.287871585549 0.000000000000
172.777062960228	-44.287714365382 0.000000000000
172.776838741446	-44.287557144638 0.000000000000
172.776614524047	-44.287399923588 0.000000000000
172.776390307469	-44.287242701843 0.000000000000
172.776166092463	-44.287085479908 0.000000000000
172.775941878653	-44.286928257531 0.000000000000
172.775717665664	-44.286771034451 0.000000000000
172.775493454233	-44.286613811191 0.000000000000
172.775269243637	-44.286456587227 0.000000000000
172.775045034611	-44.286299363082 0.000000000000
172.774820826782	-44.286142138496 0.000000000000
172.774596619774	-44.285984913206 0.000000000000
172.774372414337	-44.285827687736 0.000000000000
172.774148210097	-44.285670461824 0.000000000000
172.773924006677	-44.285513235209 0.000000000000
172.773699804816	-44.285356008413 0.000000000000
172.773475604164	-44.285198781176 0.000000000000
172.773251404707	-44.285041553496 0.000000000000
172.773027205697	-44.284884324851 0.000000000000
172.772803008633	-44.284727096288 0.000000000000
172.772578812765	-44.284569867283 0.000000000000
172.772354618093	-44.284412637836 0.000000000000
172.772130424605	-44.284255407947 0.000000000000
172.771906232325	-44.284098177617 0.000000000000
172.771682040504	-44.283940946321 0.000000000000
172.771457850604	-44.283783715107 0.000000000000
172.771233661912	-44.283626483451 0.000000000000
172.771009474416	-44.283469251353 0.000000000000
172.770785288117	-44.283312018813 0.000000000000
172.770561102263	-44.283154785317 0.000000000000
172.770336918356	-44.282997551894 0.000000000000
172.770112735631	-44.282840318029 0.000000000000
172.769888554116	-44.282683083723 0.000000000000
172.769664373796	-44.282525848974 0.000000000000
172.769440194672	-44.282368613784 0.000000000000
172.769216015994	-44.282211377629 0.000000000000
172.768991839262	-44.282054141555 0.000000000000
172.768767663726	-44.281896905039 0.000000000000
172.768543489373	-44.281739668082 0.000000000000
172.768319316229	-44.281582430684 0.000000000000
172.768095143544	-44.281425192319 0.000000000000
172.767870972779	-44.281267954037 0.000000000000
172.767646803222	-44.281110715313 0.000000000000
172.767422634861	-44.280953476148 0.000000000000
172.767198467696	-44.280796236540 0.000000000000
172.766974301715	-44.280638996491 0.000000000000
172.766750136942	-44.280481756001 0.000000000000
172.766525973364	-44.280324515069 0.000000000000
172.766301810983	-44.280167273695 0.000000000000
172.766077648310	-44.280010030841 0.000000000000
172.765853488307	-44.279852788583 0.000000000000
172.765629329513	-44.279695545876 0.000000000000
172.765405171915	-44.279538302735 0.000000000000
172.765181015512	-44.279381059153 0.000000000000
172.764956860305	-44.279223815129 0.000000000000
172.764732706281	-44.279066570664 0.000000000000
172.764508553466	-44.278909325757 0.000000000000
172.764284401846	-44.278752080409 0.000000000000
172.764060251422	-44.278594834619 0.000000000000
172.763836102182	-44.278437588387 0.000000000000
172.763611952662	-44.278280340676 0.000000000000
172.763387805825	-44.278123093561 0.000000000000
172.763163660184	-44.277965846005 0.000000000000
172.762939515739	-44.277808598007 0.000000000000
172.762715372476	-44.277651349568 0.000000000000
172.762491230422	-44.277494100687 0.000000000000
172.762267089563	-44.277336851364 0.000000000000
172.762042949901	-44.277179601600 0.000000000000
172.761818811421	-44.277022351395 0.000000000000
172.761594674149	-44.276865100748 0.000000000000
172.761370538073	-44.276707849660 0.000000000000
172.761146401706	-44.276550597082 0.000000000000
172.760922268021	-44.276393345111 0.000000000000
172.760698135519	-44.276236092698 0.000000000000
172.760474004225	-44.276078839844 0.000000000000
172.760249874127	-44.275921586548 0.000000000000
172.760025745224	-44.275764332811 0.000000000000
172.759801617517	-44.275607078633 0.000000000000
172.759577490993	-44.275449824012 0.000000000000
172.759353365677	-44.275292568951 0.000000000000
172.759129241556	-44.275135313448 0.000000000000
172.758905118631	-44.274978057504 0.000000000000
172.758680995415	-44.274820800080 0.000000000000
172.758456874868	-44.274663543252 0.000000000000
172.758232755530	-44.274506285984 0.000000000000
172.758008637387	-44.274349028274 0.000000000000
172.757784520439	-44.274191770123 0.000000000000
172.757560404674	-44.274034511530 0.000000000000
172.757336290117	-44.273877252496 0.000000000000
172.757112176756	-44.273719993021 0.000000000000
172.756888064590	-44.273562733095 0.000000000000
172.756663953607	-44.273405472737 0.000000000000
172.756439843832	-44.273248211938 0.000000000000
172.756215733765	-44.273090949659 0.000000000000
172.755991626381	-44.272933687977 0.000000000000
172.755767520192	-44.272776425853 0.000000000000
172.755543415185	-44.272619163289 0.000000000000
172.755319311387	-44.272461900283 0.000000000000
172.755095208784	-44.272304636836 0.000000000000
172.754868925935	-44.272147097805 0.000000000000
172.754642644296	-44.271989558333 0.000000000000
172.754416363840	-44.271832018393 0.000000000000
172.754190084631	-44.271674478030 0.000000000000
172.753963806568	-44.271516937173 0.000000000000
172.753737529777	-44.271359395902 0.000000000000
172.753511254195	-44.271201854190 0.000000000000
172.753284979823	-44.271044312019 0.000000000000
172.753058706659	-44.270886769407 0.000000000000
172.752832671038	-44.270733228203 0.000000000000
172.752606636606	-44.270579686560 0.000000000000
172.752380603339	-44.270426144459 0.000000000000
172.752154571249	-44.270272601918 0.000000000000
172.751928540349	-44.270119058920 0.000000000000
172.751702510614	-44.269965515482 0.000000000000
172.751476482143	-44.269811971640 0.000000000000
172.751250454686	-44.269658427251 0.000000000000
172.751024428557	-44.269504882512 0.000000000000
172.750798403467	-44.269351337225 0.000000000000
172.750572379692	-44.269197791589 0.000000000000
172.750343335448	-44.269040487568 0.000000000000
172.750114292426	-44.268883183087 0.000000000000
172.749885250651	-44.268725878154 0.000000000000
172.749656210048	-44.268568572733 0.000000000000
172.749427170767	-44.268411266914 0.000000000000
172.749198132607	-44.268253960571 0.000000000000
172.748969095758	-44.268096653822 0.000000000000
172.748740059967	-44.267939346513 0.000000000000
172.748511025561	-44.267782038843 0.000000000000
172.748281992376	-44.267624730712 0.000000000000
172.748052960252	-44.267467422020 0.000000000000
172.747823929511	-44.267310112968 0.000000000000
172.747599068504	-44.267154634682 0.000000000000
172.747374208670	-44.266999155952 0.000000000000
172.747149350022	-44.266843676770 0.000000000000
172.746924492585	-44.266688197161 0.000000000000
172.746699636333	-44.266532717108 0.000000000000
172.746474781191	-44.266377236566 0.000000000000
172.746249927311	-44.266221755625 0.000000000000
172.746025074615	-44.266066274249 0.000000000000
172.745800223105	-44.265910792420 0.000000000000
172.745575372781	-44.265755310146 0.000000000000
172.745350523505	-44.265599827339 0.000000000000
172.745125675552	-44.265444344178 0.000000000000
172.744900828784	-44.265288860581 0.000000000000
172.744675983202	-44.265133376532 0.000000000000
172.744451138818	-44.264977892039 0.000000000000
172.744226295607	-44.264822407102 0.000000000000
172.744001453581	-44.264666921729 0.000000000000
172.743776612741	-44.264511435904 0.000000000000
172.743551773086	-44.264355949635 0.000000000000
172.743326934616	-44.264200462931 0.000000000000
172.743102097332	-44.264044975773 0.000000000000
172.742877260959	-44.263889487983 0.000000000000
172.742652426321	-44.263734000136 0.000000000000
172.742427592318	-44.263578511448 0.000000000000
172.742202760050	-44.263423022714 0.000000000000
172.741977928419	-44.263267533147 0.000000000000
172.741753098522	-44.263112043525 0.000000000000
172.741528269261	-44.262956553071 0.000000000000
172.741303441747	-44.262801062552 0.000000000000
172.741078614844	-44.262645571210 0.000000000000
172.740853789702	-44.262490079812 0.000000000000
172.740628965169	-44.262334587582 0.000000000000
172.740404142397	-44.262179095296 0.000000000000
172.740179320236	-44.262023602179 0.000000000000
172.739954499834	-44.261868108996 0.000000000000
172.739729680056	-44.261712614991 0.000000000000
172.739504862012	-44.261557120930 0.000000000000
172.739280044604	-44.261401626037 0.000000000000
172.739055228931	-44.261246131088 0.000000000000
172.738830413894	-44.261090635298 0.000000000000
172.738605600591	-44.260935139462 0.000000000000
172.738380787924	-44.260779642793 0.000000000000
172.738155982041	-44.260622943601 0.000000000000
172.737931177340	-44.260466243955 0.000000000000
172.737706373870	-44.260309543884 0.000000000000
172.737481571544	-44.260152843342 0.000000000000
172.737256770488	-44.259996142410 0.000000000000
172.737031970551	-44.259839440989 0.000000000000
172.736807171884	-44.259682739170 0.000000000000
172.736582374261	-44.259526036798 0.000000000000
172.736357577994	-44.259369334091 0.000000000000
172.736132782909	-44.259212630940 0.000000000000
172.735907988869	-44.259055927238 0.000000000000
172.735683196172	-44.258899223199 0.000000000000
172.735458404670	-44.258742518717 0.000000000000
172.735233614375	-44.258585813792 0.000000000000
172.735008824949	-44.258429108205 0.000000000000
172.734784037042	-44.258272402392 0.000000000000
172.734559250317	-44.258115696135 0.000000000000
172.734334464785	-44.257958989444 0.000000000000
172.734109680461	-44.257802282300 0.000000000000
172.733884897318	-44.257645574712 0.000000000000
172.733660115057	-44.257488866463 0.000000000000
172.733435334315	-44.257332157988 0.000000000000
172.733210554755	-44.257175449069 0.000000000000
172.732989163234	-44.257018472515 0.000000000000
172.732767772892	-44.256861495530 0.000000000000
172.732546383765	-44.256704518152 0.000000000000
172.732324995729	-44.256547540279 0.000000000000
172.732103608996	-44.256390562057 0.000000000000
172.731882223378	-44.256233583360 0.000000000000
172.731660838826	-44.256076604151 0.000000000000
172.731439455565	-44.255919624602 0.000000000000
172.731218073481	-44.255762644613 0.000000000000
172.730996692700	-44.255605664285 0.000000000000
172.730775312848	-44.255448683354 0.000000000000
172.730553934423	-44.255291702164 0.000000000000
172.730332556926	-44.255134720373 0.000000000000
172.730111180607	-44.254977738142 0.000000000000
172.729889805716	-44.254820755661 0.000000000000
172.729668431753	-44.254663772578 0.000000000000
172.729447059218	-44.254506789237 0.000000000000
172.729225687623	-44.254349805293 0.000000000000
172.729004317431	-44.254192821091 0.000000000000
172.728782948430	-44.254035836458 0.000000000000
172.728561580119	-44.253878851052 0.000000000000
172.728340213473	-44.253721865559 0.000000000000
172.728118848005	-44.253564879635 0.000000000000
172.727897483715	-44.253407893281 0.000000000000
172.727676120103	-44.253250906145 0.000000000000
172.727454758169	-44.253093918930 0.000000000000
172.727233397412	-44.252936931285 0.000000000000
172.727012037346	-44.252779942867 0.000000000000
172.726790678933	-44.252622954361 0.000000000000
172.726569321709	-44.252465965425 0.000000000000
172.726347965664	-44.252308976059 0.000000000000
172.726126610309	-44.252151985911 0.000000000000
172.725905256619	-44.251994995684 0.000000000000
172.725683904107	-44.251838005027 0.000000000000
172.725462552760	-44.251681013940 0.000000000000
172.725241202116	-44.251524022080 0.000000000000
172.725019853137	-44.251367030132 0.000000000000
172.724797346521	-44.251206556719 0.000000000000
172.724574841103	-44.251046082872 0.000000000000
172.724352336882	-44.250885608580 0.000000000000
172.724129833908	-44.250725133872 0.000000000000
172.723907332082	-44.250564658693 0.000000000000
172.723684831529	-44.250404183115 0.000000000000
172.723462332186	-44.250243707102 0.000000000000
172.723239834040	-44.250083230655 0.000000000000
172.723017337004	-44.249922753700 0.000000000000
172.722794841278	-44.249762276383 0.000000000000
172.722572346774	-44.249601798631 0.000000000000
172.722349853481	-44.249441320445 0.000000000000
172.722127361384	-44.249280841823 0.000000000000
172.721904870511	-44.249120362767 0.000000000000
172.721682380847	-44.248959883285 0.000000000000
172.721459892380	-44.248799403360 0.000000000000
172.721237405136	-44.248638923000 0.000000000000
172.721017523032	-44.248479100362 0.000000000000
172.720797642107	-44.248319277291 0.000000000000
172.720577762410	-44.248159453823 0.000000000000
172.720357883853	-44.247999629894 0.000000000000
172.720138006525	-44.247839805567 0.000000000000
172.719918130400	-44.247679980815 0.000000000000
172.719698255366	-44.247520155585 0.000000000000
172.719478381622	-44.247360329985 0.000000000000
172.719258509057	-44.247200503969 0.000000000000
172.719038637695	-44.247040677519 0.000000000000
172.718818767511	-44.246880850644 0.000000000000
172.718598898530	-44.246721023355 0.000000000000
172.718379030727	-44.246561195631 0.000000000000
172.718154675829	-44.246405338551 0.000000000000
172.717930322103	-44.246249481029 0.000000000000
172.717705969562	-44.246093623048 0.000000000000
172.717481618231	-44.245937764651 0.000000000000
172.717257268022	-44.245781905777 0.000000000000
172.717032919048	-44.245626046497 0.000000000000
172.716808571272	-44.245470186775 0.000000000000
172.716584224681	-44.245314326612 0.000000000000
172.716359879274	-44.245158466007 0.000000000000
172.716135534928	-44.245002604878 0.000000000000
172.715911192016	-44.244846743471 0.000000000000
172.715686850039	-44.244690881459 0.000000000000
172.715462509484	-44.244535019169 0.000000000000
172.715238169890	-44.244379156273 0.000000000000
172.715013831705	-44.244223293099 0.000000000000
172.714789494468	-44.244067429321 0.000000000000
172.714565158665	-44.243911565263 0.000000000000
172.714340823797	-44.243755700601 0.000000000000
172.714116490114	-44.243599835497 0.000000000000
172.713892157616	-44.243443969952 0.000000000000
172.713667826790	-44.243288104291 0.000000000000
172.713443496661	-44.243132237862 0.000000000000
172.713219167730	-44.242976370992 0.000000000000
172.712994839971	-44.242820503680 0.000000000000
172.712770513883	-44.242664636252 0.000000000000
172.712546188494	-44.242508768056 0.000000000000
172.712321864289	-44.242352899420 0.000000000000
172.712097541269	-44.242197030341 0.000000000000
172.711873219433	-44.242041160821 0.000000000000
172.711648899269	-44.241885291185 0.000000000000
172.711424579803	-44.241729420782 0.000000000000
172.711200261535	-44.241573549937 0.000000000000
172.710975944438	-44.241417678651 0.000000000000
172.710751629013	-44.241261807248 0.000000000000
172.710527314285	-44.241105935079 0.000000000000
172.710303000743	-44.240950062468 0.000000000000
172.710072054023	-44.240799236907 0.000000000000
172.709841108485	-44.240648410880 0.000000000000
172.709610164126	-44.240497584384 0.000000000000
172.709379220948	-44.240346757421 0.000000000000
172.709148278951	-44.240195929990 0.000000000000
172.708917338133	-44.240045102091 0.000000000000
172.708686398497	-44.239894273725 0.000000000000
172.708455460040	-44.239743444891 0.000000000000
172.708224522764	-44.239592615589 0.000000000000
172.707993586669	-44.239441785819 0.000000000000
172.707762651753	-44.239290955582 0.000000000000
172.707531718018	-44.239140124878 0.000000000000
172.707300785464	-44.238989293705 0.000000000000
172.707069854090	-44.238838462065 0.000000000000
172.706838923896	-44.238687629958 0.000000000000
172.706607994882	-44.238536797383 0.000000000000
172.706385326889	-44.238381750543 0.000000000000
172.706162660052	-44.238226703268 0.000000000000
172.705939994423	-44.238071655585 0.000000000000
172.705717329901	-44.237916607422 0.000000000000
172.705494666548	-44.237761558815 0.000000000000
172.705272004502	-44.237606509873 0.000000000000
172.705049343489	-44.237451460396 0.000000000000
172.704826683645	-44.237296410493 0.000000000000
172.704604024970	-44.237141360155 0.000000000000
172.704381367465	-44.236986309373 0.000000000000
172.704158711255	-44.236831258255 0.000000000000
172.703936056214	-44.236676206693 0.000000000000
172.703713402092	-44.236521154525 0.000000000000
172.703490749403	-44.236366102102 0.000000000000
172.703268097608	-44.236211049064 0.000000000000
172.703045447258	-44.236055995762 0.000000000000
172.702822798064	-44.235900942035 0.000000000000
172.702600149790	-44.235745887691 0.000000000000
172.702377502935	-44.235590833085 0.000000000000
172.702154480590	-44.235433140800 0.000000000000
172.701931459436	-44.235275448078 0.000000000000
172.701708439473	-44.235117754920 0.000000000000
172.701485420702	-44.234960061326 0.000000000000
172.701262403059	-44.234802367258 0.000000000000
172.701039386720	-44.234644672836 0.000000000000
172.700816371472	-44.234486977887 0.000000000000
172.700593357516	-44.234329282592 0.000000000000
172.700370344763	-44.234171586860 0.000000000000
172.700147332964	-44.234013890521 0.000000000000
172.699924322581	-44.233856193907 0.000000000000
172.699701313401	-44.233698496867 0.000000000000
172.699478305400	-44.233540799389 0.000000000000
172.699255298366	-44.233383101304 0.000000000000
172.699032292760	-44.233225402954 0.000000000000
172.698809288333	-44.233067704168 0.000000000000
172.698586284872	-44.232910004773 0.000000000000
172.698363283076	-44.232752305277 0.000000000000
172.698140281985	-44.232594605009 0.000000000000
172.697917282097	-44.232436904315 0.000000000000
172.697694283875	-44.232279203509 0.000000000000
172.697471286357	-44.232121501933 0.000000000000
172.697248290043	-44.231963799921 0.000000000000
172.697025295394	-44.231806097806 0.000000000000
172.696802301449	-44.231648394930 0.000000000000
172.696579309182	-44.231490691943 0.000000000000
172.696356317619	-44.231332988185 0.000000000000
172.696133327260	-44.231175283991 0.000000000000
172.695910338566	-44.231017579704 0.000000000000
172.695687350576	-44.230859874637 0.000000000000
172.695464363790	-44.230702169134 0.000000000000
172.695241378669	-44.230544463529 0.000000000000
172.695018394252	-44.230386757154 0.000000000000
172.694795411039	-44.230229050351 0.000000000000
172.694572429491	-44.230071343437 0.000000000000
172.694349449121	-44.229913636087 0.000000000000
172.694126469480	-44.229755927967 0.000000000000
172.693903491031	-44.229598219419 0.000000000000
172.693680513759	-44.229440510426 0.000000000000
172.693457537692	-44.229282800997 0.000000000000
172.693234563751	-44.229125091801 0.000000000000
172.693011590065	-44.228967381499 0.000000000000
172.692788617569	-44.228809670770 0.000000000000
172.692565646265	-44.228651959597 0.000000000000
172.692342676139	-44.228494247986 0.000000000000
172.692119707217	-44.228336535940 0.000000000000
172.691896740421	-44.228178824136 0.000000000000
172.691673773880	-44.228021111217 0.000000000000
172.691450808530	-44.227863397862 0.000000000000
172.691227844358	-44.227705684072 0.000000000000
172.691004881389	-44.227547969854 0.000000000000
172.690781920560	-44.227390255859 0.000000000000
172.690558959960	-44.227232540760 0.000000000000
172.690336000564	-44.227074825225 0.000000000000
172.690113042359	-44.226917109253 0.000000000000
172.689890085332	-44.226759392855 0.000000000000
172.689667129508	-44.226601676011 0.000000000000
172.689444175810	-44.226443959400 0.000000000000
172.689221222367	-44.226286241685 0.000000000000
172.688998270116	-44.226128523542 0.000000000000
172.688775319055	-44.225970804954 0.000000000000
172.688552369172	-44.225813085930 0.000000000000
172.688329421440	-44.225655367139 0.000000000000
172.688106473939	-44.225497647243 0.000000000000
172.687883527640	-44.225339926920 0.000000000000
172.687660582532	-44.225182206151 0.000000000000
172.687437638615	-44.225024484947 0.000000000000
172.687214695876	-44.224866763307 0.000000000000
172.686991755289	-44.224709041900 0.000000000000
172.686768814931	-44.224551319397 0.000000000000
172.686545875776	-44.224393596449 0.000000000000
172.686328510952	-44.224234801588 0.000000000000
172.686111147296	-44.224076006304 0.000000000000
172.685893784821	-44.223917210632 0.000000000000
172.685676423478	-44.223758414509 0.000000000000
172.685459063352	-44.223599617999 0.000000000000
172.685241704383	-44.223440821084 0.000000000000
172.685024346595	-44.223282023745 0.000000000000
172.684801236842	-44.223121352317 0.000000000000
172.684578128302	-44.222960680452 0.000000000000
172.684355020963	-44.222800008142 0.000000000000
172.684131914864	-44.222639335412 0.000000000000
172.683908809915	-44.222478662210 0.000000000000
172.683685706242	-44.222317988608 0.000000000000
172.683462603795	-44.222157314569 0.000000000000
172.683239502550	-44.221996640102 0.000000000000
172.683016402518	-44.221835965189 0.000000000000
172.682791884717	-44.221680487716 0.000000000000
172.682567368086	-44.221525009791 0.000000000000
172.682342852636	-44.221369531425 0.000000000000
172.682118338394	-44.221214052634 0.000000000000
172.681893825333	-44.221058573402 0.000000000000
172.681669313392	-44.220903093682 0.000000000000
172.681444802758	-44.220747613611 0.000000000000
172.681220293181	-44.220592133007 0.000000000000
172.680995784910	-44.220436652052 0.000000000000
172.680771277697	-44.220281170564 0.000000000000
172.680548578216	-44.220122349689 0.000000000000
172.680325879945	-44.219963528369 0.000000000000
172.680103182884	-44.219804706642 0.000000000000
172.679880486970	-44.219645884443 0.000000000000
172.679657792316	-44.219487061837 0.000000000000
172.679435098847	-44.219328238805 0.000000000000
172.679212406575	-44.219169415328 0.000000000000
172.678987171365	-44.219014140128 0.000000000000
172.678761937350	-44.218858864493 0.000000000000
172.678536704495	-44.218703588395 0.000000000000
172.678311472862	-44.218548311869 0.000000000000
172.678086242350	-44.218393034863 0.000000000000
172.677861013072	-44.218237757458 0.000000000000
172.677635784991	-44.218082479599 0.000000000000
172.677410558081	-44.217927201303 0.000000000000
172.677185332255	-44.217771922482 0.000000000000
172.676960107713	-44.217616643289 0.000000000000
172.676734884368	-44.217461363650 0.000000000000
172.676509662194	-44.217306083576 0.000000000000
172.676284441217	-44.217150803049 0.000000000000
172.676059221411	-44.216995522085 0.000000000000
172.675834002802	-44.216840240668 0.000000000000
172.675608785364	-44.216684958815 0.000000000000
172.675383569123	-44.216529676509 0.000000000000
172.675152816373	-44.216377092195 0.000000000000
172.674922064816	-44.216224507414 0.000000000000
172.674691314450	-44.216071922166 0.000000000000
172.674460565277	-44.215919336452 0.000000000000
172.674229817296	-44.215766750271 0.000000000000
172.673999070508	-44.215614163624 0.000000000000
172.673768324911	-44.215461576510 0.000000000000
172.673537580506	-44.215308988929 0.000000000000
172.673314010859	-44.215152723662 0.000000000000
172.673090442394	-44.214996457965 0.000000000000
172.672866875100	-44.214840191812 0.000000000000
172.672643309025	-44.214683925248 0.000000000000
172.672419744134	-44.214527658237 0.000000000000
172.672196180349	-44.214371390751 0.000000000000
172.671972617810	-44.214215122863 0.000000000000
172.671749056466	-44.214058854546 0.000000000000
172.671525496304	-44.213902585791 0.000000000000
172.671301937312	-44.213746316598 0.000000000000
172.671078379379	-44.213590046867 0.000000000000
172.670854822752	-44.213433776789 0.000000000000
172.670631267320	-44.213277506281 0.000000000000
172.670407713071	-44.213121235335 0.000000000000
172.670184159992	-44.212964963951 0.000000000000
172.669960608108	-44.212808692119 0.000000000000
172.669737057394	-44.212652419859 0.000000000000
172.669513507875	-44.212496147161 0.000000000000
172.669289959538	-44.212339874024 0.000000000000
172.669066412371	-44.212183600440 0.000000000000
172.668842866399	-44.212027326427 0.000000000000
172.668619321323	-44.211871051778 0.000000000000
172.668395777990	-44.211714777078 0.000000000000
172.668172235279	-44.211558501561 0.000000000000
172.667948694323	-44.211402225986 0.000000000000
172.667725153977	-44.211245949584 0.000000000000
172.667501615373	-44.211089673133 0.000000000000
172.667278077391	-44.210933395863 0.000000000000
172.667054541153	-44.210777118536 0.000000000000
172.666831005536	-44.210620840382 0.000000000000
172.666607471662	-44.210464562178 0.000000000000
172.666383938422	-44.210308283157 0.000000000000
172.666160406913	-44.210152004077 0.000000000000
172.665936876025	-44.209995724171 0.000000000000
172.665713346880	-44.209839444215 0.000000000000
172.665489818357	-44.209683163441 0.000000000000
172.665266291577	-44.209526882610 0.000000000000
172.665042765418	-44.209370600951 0.000000000000
172.664819241015	-44.209214319244 0.000000000000
172.664595717221	-44.209058036719 0.000000000000
172.664372195170	-44.208901754135 0.000000000000
172.664148673740	-44.208745470725 0.000000000000
172.663921667822	-44.208589575967 0.000000000000
172.663694663089	-44.208433680757 0.000000000000
172.663467659541	-44.208277785069 0.000000000000
172.663240657229	-44.208121888975 0.000000000000
172.663013656077	-44.207965992392 0.000000000000
172.662786656110	-44.207810095358 0.000000000000
172.662559657453	-44.207654197936 0.000000000000
172.662332659881	-44.207498299999 0.000000000000
172.662105663619	-44.207342401674 0.000000000000
172.661878668344	-44.207186502770 0.000000000000
172.661651674477	-44.207030603542 0.000000000000
172.661424681597	-44.206874703735 0.000000000000
172.661197690126	-44.206718803604 0.000000000000
172.660970699840	-44.206562903021 0.000000000000
172.660743710764	-44.206407001995 0.000000000000
172.660516722674	-44.206251100373 0.000000000000
172.660289735795	-44.206095198309 0.000000000000
172.660062750499	-44.205939296056 0.000000000000
172.659835766014	-44.205783393079 0.000000000000
172.659608782715	-44.205627489661 0.000000000000
172.659381801024	-44.205471586053 0.000000000000
172.659154820120	-44.205315681722 0.000000000000
172.658927840425	-44.205159776949 0.000000000000
172.658700861929	-44.205003871715 0.000000000000
172.658473885016	-44.204847966302 0.000000000000
172.658246908902	-44.204692060174 0.000000000000
172.658019933998	-44.204536153586 0.000000000000
172.657792960677	-44.204380246827 0.000000000000
172.657565988168	-44.204224339336 0.000000000000
172.657344107360	-44.204068819287 0.000000000000
172.657122227720	-44.203913298806 0.000000000000
172.656900349272	-44.203757777911 0.000000000000
172.656678471942	-44.203602256549 0.000000000000
172.656456595829	-44.203446734792 0.000000000000
172.656234720884	-44.203291212603 0.000000000000
172.656012847107	-44.203135689983 0.000000000000
172.655790974410	-44.202980166868 0.000000000000
172.655569102967	-44.202824643385 0.000000000000
172.655347232692	-44.202669119470 0.000000000000
172.655125363585	-44.202513595124 0.000000000000
172.654903495645	-44.202358070347 0.000000000000
172.654681628873	-44.202202545138 0.000000000000
172.654459763268	-44.202047019498 0.000000000000
172.654237898831	-44.201891493427 0.000000000000
172.654013548334	-44.201733258426 0.000000000000
172.653789199025	-44.201575022976 0.000000000000
172.653564850918	-44.201416787084 0.000000000000
172.653340504036	-44.201258550769 0.000000000000
172.653116158356	-44.201100314013 0.000000000000
172.652891813814	-44.200942076771 0.000000000000
172.652667470598	-44.200783839178 0.000000000000
172.652443128458	-44.200625601054 0.000000000000
172.652218787644	-44.200467362579 0.000000000000
172.651994447907	-44.200309123572 0.000000000000
172.651773885062	-44.200147294395 0.000000000000
172.651553323413	-44.199985464781 0.000000000000
172.651332762971	-44.199823634742 0.000000000000
172.651112203761	-44.199661804293 0.000000000000
172.650891645759	-44.199499973419 0.000000000000
172.650671088902	-44.199338142072 0.000000000000
172.650450533376	-44.199176310390 0.000000000000
172.650229978934	-44.199014478190 0.000000000000
172.650009425823	-44.198852645655 0.000000000000
172.649788873795	-44.198690812603 0.000000000000
172.649577021758	-44.198539359512 0.000000000000
172.649365170806	-44.198387906029 0.000000000000
172.649153320940	-44.198236452152 0.000000000000
172.648941472160	-44.198084997882 0.000000000000
172.648720904572	-44.197926764012 0.000000000000
172.648500338153	-44.197768529706 0.000000000000
172.648279772915	-44.197610294974 0.000000000000
172.648059208881	-44.197452059834 0.000000000000
172.647838646029	-44.197293824268 0.000000000000
172.647618084294	-44.197135588229 0.000000000000
172.647397523865	-44.196977351855 0.000000000000
172.647176964492	-44.196819114964 0.000000000000
172.646956406424	-44.196660877737 0.000000000000
172.646735849412	-44.196502639994 0.000000000000
172.646510855012	-44.196345726433 0.000000000000
172.646285861794	-44.196188812428 0.000000000000
172.646060869821	-44.196031898016 0.000000000000
172.645835878954	-44.195874983097 0.000000000000
172.645610889407	-44.195718067816 0.000000000000
172.645385900991	-44.195561152055 0.000000000000
172.645160913633	-44.195404235751 0.000000000000
172.644935927606	-44.195247319104 0.000000000000
172.644710942773	-44.195090402003 0.000000000000
172.644485959259	-44.194933484550 0.000000000000
172.644260976678	-44.194776566482 0.000000000000
172.644035995552	-44.194619648141 0.000000000000
172.643811015372	-44.194462729186 0.000000000000
172.643586036386	-44.194305809787 0.000000000000
172.643361058830	-44.194148890117 0.000000000000
172.643136082233	-44.193991969831 0.000000000000
172.642911107078	-44.193835049274 0.000000000000
172.642686132869	-44.193678128101 0.000000000000
172.642461160090	-44.193521206648 0.000000000000
172.642236188518	-44.193364284760 0.000000000000
172.642011217642	-44.193207362086 0.000000000000
172.641786248458	-44.193050439312 0.000000000000
172.641561280456	-44.192893516094 0.000000000000
172.641336313661	-44.192736592433 0.000000000000
172.641111347561	-44.192579667985 0.000000000000
172.640886383154	-44.192422743437 0.000000000000
172.640661419928	-44.192265818446 0.000000000000
172.640436457411	-44.192108892668 0.000000000000
172.640211496586	-44.191951966790 0.000000000000
172.639986536955	-44.191795040469 0.000000000000
172.639761578506	-44.191638113705 0.000000000000
172.639536620765	-44.191481186144 0.000000000000
172.639311664716	-44.191324258494 0.000000000000
172.639086709861	-44.191167330399 0.000000000000
172.638861756188	-44.191010401862 0.000000000000
172.638636803223	-44.190853472537 0.000000000000
172.638411851950	-44.190696543113 0.000000000000
172.638182335928	-44.190544262507 0.000000000000
172.637952821088	-44.190391981439 0.000000000000
172.637723307443	-44.190239699929 0.000000000000
172.637493794943	-44.190087417930 0.000000000000
172.637264283712	-44.189935135515 0.000000000000
172.637034773577	-44.189782852594 0.000000000000
172.636805264711	-44.189630569266 0.000000000000
172.636575756853	-44.189478285359 0.000000000000
172.636346250352	-44.189326001108 0.000000000000
172.636116745034	-44.189173716396 0.000000000000
172.635887240723	-44.189021431106 0.000000000000
172.635657737769	-44.188869145472 0.000000000000
172.635430332546	-44.188715043945 0.000000000000
172.635202928508	-44.188560941965 0.000000000000
172.634975525680	-44.188406839550 0.000000000000
172.634748124001	-44.188252736647 0.000000000000
172.634520723544	-44.188098633326 0.000000000000
172.634293324272	-44.187944529544 0.000000000000
172.634065926186	-44.187790425318 0.000000000000
172.633838529185	-44.187636320576 0.000000000000
172.633611133569	-44.187482215499 0.000000000000
172.633383738952	-44.187328109851 0.000000000000
172.633156345693	-44.187174003878 0.000000000000
172.632928953446	-44.187019897325 0.000000000000
172.632701562571	-44.186865790437 0.000000000000
172.632474172682	-44.186711682978 0.000000000000
172.632246784178	-44.186557575193 0.000000000000
172.632019396472	-44.186403466694 0.000000000000
172.631792010338	-44.186249358004 0.000000000000
172.631564625376	-44.186095248861 0.000000000000
172.631337241613	-44.185941139265 0.000000000000
172.631109858648	-44.185787028955 0.000000000000
172.630882477255	-44.185632918454 0.000000000000
172.630655097046	-44.185478807501 0.000000000000
172.630427717637	-44.185324695832 0.000000000000
172.630200339799	-44.185170583973 0.000000000000
172.629972963134	-44.185016471662 0.000000000000
172.629745587666	-44.184862358898 0.000000000000
172.629518212997	-44.184708245419 0.000000000000
172.629290839900	-44.184554131749 0.000000000000
172.629060366235	-44.184395827419 0.000000000000
172.628829893804	-44.184237522623 0.000000000000
172.628599422607	-44.184079217362 0.000000000000
172.628368952644	-44.183920911635 0.000000000000
172.628146506648	-44.183765846984 0.000000000000
172.627924061831	-44.183610781899 0.000000000000
172.627701618193	-44.183455716400 0.000000000000
172.627479175672	-44.183300650430 0.000000000000
172.627256734379	-44.183145584064 0.000000000000
172.627034294241	-44.182990517264 0.000000000000
172.626811855268	-44.182835450031 0.000000000000
172.626591599809	-44.182677410982 0.000000000000
172.626371345539	-44.182519371500 0.000000000000
172.626151092471	-44.182361331619 0.000000000000
172.625930840505	-44.182203291278 0.000000000000
172.625710589728	-44.182045250502 0.000000000000
172.625490340253	-44.181887209392 0.000000000000
172.625270091829	-44.181729167767 0.000000000000
172.625049844583	-44.181571125716 0.000000000000
172.624829598514	-44.181413083241 0.000000000000
172.624609353608	-44.181255040350 0.000000000000
172.624389110017	-44.181096997116 0.000000000000
172.624168867602	-44.180938953456 0.000000000000
172.623948626115	-44.180780909191 0.000000000000
172.623728386053	-44.180622864682 0.000000000000
172.623508146920	-44.180464819567 0.000000000000
172.623287909199	-44.180306774217 0.000000000000
172.623067672668	-44.180148728434 0.000000000000
172.622847437065	-44.179990682044 0.000000000000
172.622627202887	-44.179832635411 0.000000000000
172.622409285415	-44.179672858475 0.000000000000
172.622191369133	-44.179513081123 0.000000000000
172.621973454039	-44.179353303364 0.000000000000
172.621755540086	-44.179193525162 0.000000000000
172.621537627384	-44.179033746607 0.000000000000
172.621319715784	-44.178873967572 0.000000000000
172.621101805436	-44.178714188185 0.000000000000
172.620883896115	-44.178554408256 0.000000000000
172.620665988121	-44.178394628037 0.000000000000
172.620448081303	-44.178234847402 0.000000000000
172.620230175513	-44.178075066225 0.000000000000
172.620012271049	-44.177915284758 0.000000000000
172.619797919952	-44.177758944448 0.000000000000
172.619583569975	-44.177602603735 0.000000000000
172.619369221156	-44.177446262638 0.000000000000
172.619154873432	-44.177289921102 0.000000000000
172.618940526879	-44.177133579200 0.000000000000
172.618726181470	-44.176977236887 0.000000000000
172.618511837182	-44.176820894180 0.000000000000
172.618297493939	-44.176664551007 0.000000000000
172.618083152016	-44.176508207550 0.000000000000
172.617868811038	-44.176351863572 0.000000000000
172.617654471367	-44.176195519319 0.000000000000
172.617440132655	-44.176039174537 0.000000000000
172.617225795262	-44.175882829470 0.000000000000
172.617011458815	-44.175726483883 0.000000000000
172.616788881784	-44.175566492932 0.000000000000
172.616566305957	-44.175406501547 0.000000000000
172.616343731334	-44.175246509728 0.000000000000
172.616121157915	-44.175086517475 0.000000000000
172.615898585699	-44.174926524788 0.000000000000
172.615676014686	-44.174766531668 0.000000000000
172.615453444877	-44.174606538114 0.000000000000
172.615230876272	-44.174446544126 0.000000000000
172.615008308871	-44.174286549704 0.000000000000
172.614785742672	-44.174126554848 0.000000000000
172.614563177678	-44.173966559559 0.000000000000
172.614340613887	-44.173806563836 0.000000000000
172.614118051299	-44.173646567679 0.000000000000
172.613895489915	-44.173486571088 0.000000000000
172.613672929735	-44.173326574064 0.000000000000
172.613450370758	-44.173166576605 0.000000000000
172.613225656361	-44.173010305700 0.000000000000
172.613000943151	-44.172854034352 0.000000000000
172.612776231127	-44.172697762571 0.000000000000
172.612551520291	-44.172541490339 0.000000000000
172.612326810642	-44.172385217666 0.000000000000
172.612102102180	-44.172228944550 0.000000000000
172.611877394968	-44.172072671046 0.000000000000
172.611652688805	-44.171916397001 0.000000000000
172.611427983978	-44.171760122614 0.000000000000
172.611203280189	-44.171603847676 0.000000000000
172.610978577737	-44.171447572404 0.000000000000
172.610753876322	-44.171291296591 0.000000000000
172.610529176392	-44.171135020536 0.000000000000
172.610304477351	-44.170978743830 0.000000000000
172.610079779497	-44.170822466691 0.000000000000
172.609855082830	-44.170666189101 0.000000000000
172.609630387635	-44.170509911287 0.000000000000
172.609405693342	-44.170353632813 0.000000000000
172.609181000235	-44.170197353907 0.000000000000
172.608956308315	-44.170041074550 0.000000000000
172.608731617881	-44.169884794959 0.000000000000
172.608506928334	-44.169728514727 0.000000000000
172.608287001495	-44.169568703699 0.000000000000
172.608067075844	-44.169408892247 0.000000000000
172.607847151392	-44.169249080381 0.000000000000
172.607624408741	-44.169095260560 0.000000000000
172.607401667248	-44.168941440304 0.000000000000
172.607178926901	-44.168787619596 0.000000000000
172.606956187737	-44.168633798480 0.000000000000
172.606733449668	-44.168479976895 0.000000000000
172.606510712820	-44.168326154911 0.000000000000
172.606287977142	-44.168172332493 0.000000000000
172.606065242610	-44.168018509641 0.000000000000
172.605842509236	-44.167864686355 0.000000000000
172.605616850012	-44.167706913604 0.000000000000
172.605391191992	-44.167549140408 0.000000000000
172.605165535175	-44.167391366767 0.000000000000
172.604939879561	-44.167233592679 0.000000000000
172.604714225150	-44.167075818146 0.000000000000
172.604488571942	-44.166918043167 0.000000000000
172.604262919938	-44.166760267743 0.000000000000
172.604037269137	-44.166602491873 0.000000000000
172.603811619539	-44.166444715557 0.000000000000
172.603585971144	-44.166286938796 0.000000000000
172.603360323952	-44.166129161589 0.000000000000
172.603134677963	-44.165971383936 0.000000000000
172.602909033178	-44.165813605838 0.000000000000
172.602683389595	-44.165655827294 0.000000000000
172.602457747216	-44.165498048305 0.000000000000
172.602232106040	-44.165340268870 0.000000000000
172.602008014206	-44.165184766036 0.000000000000
172.601783923551	-44.165029262753 0.000000000000
172.601559834073	-44.164873759040 0.000000000000
172.601335745760	-44.164718254887 0.000000000000
172.601111658687	-44.164562750322 0.000000000000
172.600887572692	-44.164407245255 0.000000000000
172.600663487974	-44.164251739811 0.000000000000
172.600439404334	-44.164096233865 0.000000000000
172.600215321872	-44.163940727488 0.000000000000
172.599991240774	-44.163785220789 0.000000000000
172.599767160666	-44.163629713525 0.000000000000
172.599543081737	-44.163474205821 0.000000000000
172.599319003997	-44.163318697678 0.000000000000
172.599094927596	-44.163163189231 0.000000000000
172.598870852025	-44.163007680082 0.000000000000
172.598646777992	-44.162852170747 0.000000000000
172.598422705136	-44.162696660973 0.000000000000
172.598198633085	-44.162541150507 0.000000000000
172.597974562584	-44.162385639863 0.000000000000
172.597750493261	-44.162230128771 0.000000000000
172.597526424754	-44.162074616986 0.000000000000
172.597302357773	-44.161919105016 0.000000000000
172.597078291621	-44.161763592352 0.000000000000
172.596854227008	-44.161608079503 0.000000000000
172.596630163572	-44.161452566224 0.000000000000
172.596406100940	-44.161297052242 0.000000000000
172.596182039858	-44.161141538075 0.000000000000
172.595957994028	-44.160983939339 0.000000000000
172.595733949403	-44.160826340163 0.000000000000
172.595509905984	-44.160668740558 0.000000000000
172.595285863720	-44.160511140485 0.000000000000
172.595061822724	-44.160353540037 0.000000000000
172.594837782846	-44.160195939087 0.000000000000
172.594613744236	-44.160038337751 0.000000000000
172.594389706669	-44.159880735877 0.000000000000
172.594165670445	-44.159723133663 0.000000000000
172.593941635413	-44.159565531009 0.000000000000
172.593717601425	-44.159407927817 0.000000000000
172.593493568779	-44.159250324286 0.000000000000
172.593275044193	-44.159090342688 0.000000000000
172.593056520788	-44.158930360672 0.000000000000
172.592837998563	-44.158770378230 0.000000000000
172.592619477519	-44.158610395378 0.000000000000
172.592400957594	-44.158450412063 0.000000000000
172.592182438974	-44.158290428420 0.000000000000
172.591963921411	-44.158130444260 0.000000000000
172.591745405153	-44.157970459791 0.000000000000
172.591526889951	-44.157810474795 0.000000000000
172.591308375930	-44.157650489381 0.000000000000
172.591089863077	-44.157490503558 0.000000000000
172.590871351691	-44.157330517507 0.000000000000
172.590652841200	-44.157170530840 0.000000000000
172.590434331901	-44.157010543763 0.000000000000
172.590215823784	-44.156850556259 0.000000000000
172.589997317109	-44.156690568537 0.000000000000
172.589778811340	-44.156530580207 0.000000000000
172.589560306765	-44.156370591449 0.000000000000
172.589341803370	-44.156210602283 0.000000000000
172.589123301144	-44.156050612690 0.000000000000
172.588904800384	-44.155890622878 0.000000000000
172.588686300258	-44.155730632259 0.000000000000
172.588467801847	-44.155570641612 0.000000000000
172.588249304617	-44.155410650546 0.000000000000
172.588030808033	-44.155250658674 0.000000000000
172.587812313164	-44.155090666773 0.000000000000
172.587593818953	-44.154930674065 0.000000000000
172.587375326446	-44.154770681328 0.000000000000
172.587156835119	-44.154610688173 0.000000000000
172.586938344437	-44.154450694202 0.000000000000
172.586719855471	-44.154290700221 0.000000000000
172.586501367686	-44.154130705813 0.000000000000
172.586282880559	-44.153970710589 0.000000000000
172.586064395134	-44.153810715345 0.000000000000
172.585845910356	-44.153650719295 0.000000000000
172.585627427292	-44.153490723216 0.000000000000
172.585408945410	-44.153330726719 0.000000000000
172.585190464185	-44.153170729415 0.000000000000
172.584971984663	-44.153010732082 0.000000000000
172.584753505787	-44.152850733943 0.000000000000
172.584535028626	-44.152690735775 0.000000000000
172.584312986976	-44.152530639603 0.000000000000
172.584090946540	-44.152370542990 0.000000000000
172.583868907316	-44.152210445973 0.000000000000
172.583646869255	-44.152050348488 0.000000000000
172.583424832432	-44.151890250599 0.000000000000
172.583202796810	-44.151730152279 0.000000000000
172.582980762313	-44.151570053473 0.000000000000
172.582758729092	-44.151409954290 0.000000000000
172.582536697071	-44.151249854685 0.000000000000
172.582314666251	-44.151089754639 0.000000000000
172.582092636643	-44.150929654162 0.000000000000
172.581870608224	-44.150769553263 0.000000000000
172.581648581005	-44.150609451923 0.000000000000
172.581430712030	-44.150473604934 0.000000000000
172.581212844055	-44.150337757531 0.000000000000
172.581014370162	-44.150111948191 0.000000000000
172.580785659009	-44.149962555299 0.000000000000
172.580556949010	-44.149813161950 0.000000000000
172.580328240166	-44.149663768144 0.000000000000
172.580099532476	-44.149514373881 0.000000000000
172.579870825940	-44.149364979160 0.000000000000
172.579642120559	-44.149215583982 0.000000000000
172.579413416333	-44.149066188347 0.000000000000
172.579184713261	-44.148916792255 0.000000000000
172.578951346418	-44.148764002288 0.000000000000
172.578717980780	-44.148611211844 0.000000000000
172.578484616346	-44.148458420925 0.000000000000
172.578251253117	-44.148305629529 0.000000000000
172.578017891093	-44.148152837658 0.000000000000
172.577784530274	-44.148000045310 0.000000000000
172.577551170659	-44.147847252487 0.000000000000
172.577317812248	-44.147694459187 0.000000000000
172.577088826461	-44.147542356839 0.000000000000
172.576859841837	-44.147390254024 0.000000000000
172.576630858390	-44.147238150750 0.000000000000
172.576401876145	-44.147086047035 0.000000000000
172.576172895076	-44.146933942863 0.000000000000
172.575943915121	-44.146781838187 0.000000000000
172.575714936468	-44.146629733143 0.000000000000
172.575485958866	-44.146477627550 0.000000000000
172.575256982566	-44.146325521589 0.000000000000
172.575028007317	-44.146173415079 0.000000000000
172.574802128896	-44.146018826447 0.000000000000
172.574576251654	-44.145864237378 0.000000000000
172.574350375616	-44.145709647872 0.000000000000
172.574124500720	-44.145555057883 0.000000000000
172.573898627041	-44.145400467485 0.000000000000
172.573672754541	-44.145245876640 0.000000000000
172.573446883121	-44.145091285286 0.000000000000
172.573221012980	-44.144936693550 0.000000000000
172.572995144018	-44.144782101367 0.000000000000
172.572769276235	-44.144627508738 0.000000000000
172.572543409632	-44.144472915663 0.000000000000
172.572317544208	-44.144318322143 0.000000000000
172.572091679963	-44.144163728176 0.000000000000
172.571863063105	-44.144007565174 0.000000000000
172.571634447454	-44.143851401715 0.000000000000
172.571405833008	-44.143695237800 0.000000000000
172.571177219767	-44.143539073428 0.000000000000
172.570948607733	-44.143382908598 0.000000000000
172.570719996904	-44.143226743312 0.000000000000
172.570491387281	-44.143070577569 0.000000000000
172.570262778863	-44.142914411369 0.000000000000
172.570037876990	-44.142761202026 0.000000000000
172.569812976281	-44.142607992250 0.000000000000
172.569588076760	-44.142454782041 0.000000000000
172.569363178365	-44.142301571362 0.000000000000
172.569138281172	-44.142148360269 0.000000000000
172.568913385142	-44.141995148733 0.000000000000
172.568688490188	-44.141841936692 0.000000000000
172.568463596486	-44.141688724281 0.000000000000
172.568238703947	-44.141535511419 0.000000000000
172.568013812571	-44.141382298115 0.000000000000
172.567788922359	-44.141229084368 0.000000000000
172.567564033311	-44.141075870180 0.000000000000
172.567339145426	-44.140922655549 0.000000000000
172.567115237060	-44.140767162798 0.000000000000
172.566891329870	-44.140611669617 0.000000000000
172.566667423843	-44.140456175980 0.000000000000
172.566443519016	-44.140300681923 0.000000000000
172.566219615302	-44.140145187391 0.000000000000
172.565995712827	-44.139989692466 0.000000000000
172.565771811527	-44.139834197093 0.000000000000
172.565547911402	-44.139678701292 0.000000000000
172.565324012341	-44.139523204970 0.000000000000
172.565100114567	-44.139367708283 0.000000000000
172.564876217982	-44.139212211158 0.000000000000
172.564652322559	-44.139056713603 0.000000000000
172.564428428312	-44.138901215601 0.000000000000
172.564204535241	-44.138745717170 0.000000000000
172.563980643345	-44.138590218291 0.000000000000
172.563756752624	-44.138434718984 0.000000000000
172.563532863079	-44.138279219229 0.000000000000
172.563312129841	-44.138119692853 0.000000000000
172.563091397793	-44.137960166052 0.000000000000
172.562870666932	-44.137800638824 0.000000000000
172.562649937261	-44.137641111171 0.000000000000
172.562429208778	-44.137481583091 0.000000000000
172.562208481483	-44.137322054585 0.000000000000
172.561987755377	-44.137162525653 0.000000000000
172.561767030460	-44.137002996295 0.000000000000
172.561542375105	-44.136846827654 0.000000000000
172.561317720935	-44.136690658571 0.000000000000
172.561093067949	-44.136534489048 0.000000000000
172.560868416148	-44.136378319083 0.000000000000
172.560643765532	-44.136222148677 0.000000000000
172.560419116099	-44.136065977830 0.000000000000
172.560194467851	-44.135909806541 0.000000000000
172.559969820788	-44.135753634812 0.000000000000
172.559745174909	-44.135597462641 0.000000000000
172.559520530214	-44.135441290029 0.000000000000
172.559295886704	-44.135285116976 0.000000000000
172.559071244378	-44.135128943482 0.000000000000
172.558846603237	-44.134972769547 0.000000000000
172.558621963280	-44.134816595171 0.000000000000
172.558397324507	-44.134660420353 0.000000000000
172.558172686918	-44.134504245095 0.000000000000
172.557958190563	-44.134350359452 0.000000000000
172.557743695322	-44.134196473407 0.000000000000
172.557529201195	-44.134042586960 0.000000000000
172.557314708182	-44.133888700110 0.000000000000
172.557092445468	-44.133729155677 0.000000000000
172.556870183951	-44.133569610811 0.000000000000
172.556647923631	-44.133410065514 0.000000000000
172.556425664507	-44.133250519785 0.000000000000
172.556203406581	-44.133090973623 0.000000000000
172.555981149851	-44.132931427030 0.000000000000
172.555758894318	-44.132771880005 0.000000000000
172.555536639981	-44.132612332548 0.000000000000
172.555318598222	-44.132452195058 0.000000000000
172.555100557641	-44.132292057144 0.000000000000
172.554882518250	-44.132131918840 0.000000000000
172.554664480000	-44.131971780085 0.000000000000
172.554446442979	-44.131811640941 0.000000000000
172.554228407123	-44.131651501381 0.000000000000
172.554010372370	-44.131491361351 0.000000000000
172.553792338871	-44.131331220960 0.000000000000
172.553574306562	-44.131171080162 0.000000000000
172.553356275419	-44.131010938940 0.000000000000
172.553138245466	-44.130850797302 0.000000000000
172.552920216680	-44.130690655257 0.000000000000
172.552702189084	-44.130530512787 0.000000000000
172.552480418382	-44.130378088822 0.000000000000
172.552258648822	-44.130225664427 0.000000000000
172.552036880427	-44.130073239621 0.000000000000
172.551815113136	-44.129920814357 0.000000000000
172.551593347049	-44.129768388709 0.000000000000
172.551371582040	-44.129615962586 0.000000000000
172.551143647890	-44.129453007952 0.000000000000
172.550915714994	-44.129290052872 0.000000000000
172.550687783376	-44.129127097347 0.000000000000
172.550459852962	-44.128964141341 0.000000000000
172.550231923901	-44.128801184936 0.000000000000
172.550003995993	-44.128638228021 0.000000000000
172.549777647186	-44.128482798631 0.000000000000
172.549551299565	-44.128327368784 0.000000000000
172.549324953182	-44.128171938534 0.000000000000
172.549098607887	-44.128016507756 0.000000000000
172.548872263842	-44.127861076584 0.000000000000
172.548645921046	-44.127705645009 0.000000000000
172.548419579314	-44.127550212896 0.000000000000
172.548193238768	-44.127394780336 0.000000000000
172.547966899547	-44.127239347419 0.000000000000
172.547740561377	-44.127083913963 0.000000000000
172.547514224519	-44.126928480150 0.000000000000
172.547287888860	-44.126773045881 0.000000000000
172.547061554115	-44.126617610992 0.000000000000
172.546835220831	-44.126462175836 0.000000000000
172.546608888722	-44.126306740233 0.000000000000
172.546382557539	-44.126151304001 0.000000000000
172.546156227818	-44.125995867503 0.000000000000
172.545929899283	-44.125840430557 0.000000000000
172.545703571663	-44.125684992973 0.000000000000
172.545477245490	-44.125529555132 0.000000000000
172.545250920244	-44.125374116662 0.000000000000
172.545024596720	-44.125218678107 0.000000000000
172.544798273862	-44.125063238742 0.000000000000
172.544571952712	-44.124907799292 0.000000000000
172.544345632215	-44.124752359032 0.000000000000
172.544119312906	-44.124596918316 0.000000000000
172.543892995318	-44.124441477523 0.000000000000
172.543666678383	-44.124286035920 0.000000000000
172.543440362636	-44.124130593870 0.000000000000
172.543214048610	-44.123975151735 0.000000000000
172.542987735249	-44.123819708790 0.000000000000
172.542761423063	-44.123664265389 0.000000000000
172.542535112599	-44.123508821920 0.000000000000
172.542308802788	-44.123353377623 0.000000000000
172.542082494163	-44.123197932888 0.000000000000
172.541856187261	-44.123042488068 0.000000000000
172.541629881011	-44.122887042439 0.000000000000
172.541403575948	-44.122731596361 0.000000000000
172.541177272607	-44.122576150199 0.000000000000
172.540950969931	-44.122420703218 0.000000000000
172.540724668430	-44.122265255798 0.000000000000
172.540498368116	-44.122109807931 0.000000000000
172.540272070058	-44.121954360342 0.000000000000
172.540045772118	-44.121798911580 0.000000000000
172.539819475365	-44.121643462371 0.000000000000
172.539593179799	-44.121488012705 0.000000000000
172.539366885421	-44.121332562602 0.000000000000
172.539140593298	-44.121177112784 0.000000000000
172.538914301294	-44.121021661776 0.000000000000
172.538688010489	-44.120866210330 0.000000000000
172.538461720858	-44.120710758437 0.000000000000
172.538235432415	-44.120555306097 0.000000000000
172.538009145159	-44.120399853300 0.000000000000
172.537782860159	-44.120244400798 0.000000000000
172.537556575276	-44.120088947115 0.000000000000
172.537330291581	-44.119933492976 0.000000000000
172.537104009086	-44.119778038399 0.000000000000
172.536877727764	-44.119622583375 0.000000000000
172.536651447630	-44.119467127894 0.000000000000
172.536425169752	-44.119311672709 0.000000000000
172.536198891992	-44.119156216342 0.000000000000
172.535972615418	-44.119000759520 0.000000000000
172.535746340032	-44.118845302259 0.000000000000
172.535520065832	-44.118689844551 0.000000000000
172.535293793889	-44.118534387120 0.000000000000
172.535067522063	-44.118378928518 0.000000000000
172.534841251437	-44.118223469468 0.000000000000
172.534614981985	-44.118068009962 0.000000000000
172.534388713720	-44.117912550018 0.000000000000
172.534162446642	-44.117757089626 0.000000000000
172.533936181820	-44.117601629512 0.000000000000
172.533709917116	-44.117446168226 0.000000000000
172.533483653598	-44.117290706493 0.000000000000
172.533257391268	-44.117135244313 0.000000000000
172.533031130137	-44.116979781677 0.000000000000
172.532804870180	-44.116824318602 0.000000000000
172.532578612478	-44.116668855814 0.000000000000
172.532352354895	-44.116513391836 0.000000000000
172.532126098499	-44.116357927420 0.000000000000
172.531901772264	-44.116201536628 0.000000000000
172.531677447214	-44.116045145396 0.000000000000
172.531453123359	-44.115888753724 0.000000000000
172.531228800675	-44.115732361613 0.000000000000
172.531004479101	-44.115575969017 0.000000000000
172.530780158859	-44.115419576072 0.000000000000
172.530555839664	-44.115263182588 0.000000000000
172.530331521776	-44.115106788772 0.000000000000
172.530107204948	-44.114950394409 0.000000000000
172.529882889304	-44.114793999615 0.000000000000
172.529658574830	-44.114637604382 0.000000000000
172.529434261826	-44.114481208899 0.000000000000
172.529209949732	-44.114324812778 0.000000000000
172.528985638821	-44.114168416226 0.000000000000
172.528761329081	-44.114012019235 0.000000000000
172.528537020811	-44.113855621985 0.000000000000
172.528312713450	-44.113699224115 0.000000000000
172.528088407261	-44.113542825805 0.000000000000
172.527864102267	-44.113386427047 0.000000000000
172.527639798457	-44.113230027859 0.000000000000
172.527415496091	-44.113073628421 0.000000000000
172.527191194375	-44.112917228154 0.000000000000
172.526966894388	-44.112760827837 0.000000000000
172.526742595572	-44.112604427081 0.000000000000
172.526518297406	-44.112448025505 0.000000000000
172.526294000969	-44.112291623861 0.000000000000
172.526069705157	-44.112135221406 0.000000000000
172.525845411087	-44.111978818892 0.000000000000
172.525621118200	-44.111822415939 0.000000000000
172.525396825938	-44.111666012157 0.000000000000
172.525172535418	-44.111509608325 0.000000000000
172.524948246081	-44.111353204054 0.000000000000
172.524723957381	-44.111196798954 0.000000000000
172.524499670398	-44.111040393804 0.000000000000
172.524275384065	-44.110883987834 0.000000000000
172.524051099461	-44.110727581796 0.000000000000
172.523826816028	-44.110571175328 0.000000000000
172.523602533244	-44.110414768040 0.000000000000
172.523378252190	-44.110258360693 0.000000000000
172.523153971760	-44.110101952518 0.000000000000
172.522929693073	-44.109945544293 0.000000000000
172.522707000066	-44.109787402238 0.000000000000
172.522484308260	-44.109629259750 0.000000000000
172.522261617653	-44.109471116838 0.000000000000
172.522038928197	-44.109312973475 0.000000000000
172.521816239966	-44.109154829697 0.000000000000
172.521593552923	-44.108996685494 0.000000000000
172.521370866980	-44.108838540795 0.000000000000
172.521148182312	-44.108680395718 0.000000000000
172.520925498832	-44.108522250216 0.000000000000
172.520702816552	-44.108364104272 0.000000000000
172.520480135446	-44.108205957904 0.000000000000
172.520257455529	-44.108047811094 0.000000000000
172.520034776799	-44.107889663860 0.000000000000
172.519815126186	-44.107732803219 0.000000000000
172.519595476748	-44.107575942166 0.000000000000
172.519375828459	-44.107419080683 0.000000000000
172.519156181345	-44.107262218787 0.000000000000
172.518936535342	-44.107105356433 0.000000000000
172.518716890576	-44.106948493713 0.000000000000
172.518497246898	-44.106791630517 0.000000000000
172.518277604468	-44.106634766963 0.000000000000
172.518057963038	-44.106477902869 0.000000000000
172.517838322919	-44.106321038464 0.000000000000
172.517618683975	-44.106164173645 0.000000000000
172.517399046192	-44.106007308406 0.000000000000
172.517179409559	-44.105850442736 0.000000000000
172.516959773938	-44.105693576536 0.000000000000
172.516740139466	-44.105536709915 0.000000000000
172.516520506492	-44.105379843099 0.000000000000
172.516300874357	-44.105222975635 0.000000000000
172.516081243370	-44.105066107750 0.000000000000
172.515861613881	-44.104909239670 0.000000000000
172.515641985231	-44.104752370943 0.000000000000
172.515422358065	-44.104595502021 0.000000000000
172.515202731726	-44.104438632450 0.000000000000
172.514763482867	-44.104124892273 0.000000000000
172.514543860025	-44.103968021439 0.000000000000
172.514323499639	-44.103808692879 0.000000000000
172.514103140436	-44.103649363903 0.000000000000
172.513882782417	-44.103490034495 0.000000000000
172.513662425594	-44.103330704662 0.000000000000
172.513442069979	-44.103171374442 0.000000000000
172.513221715474	-44.103012043734 0.000000000000
172.513001362227	-44.102852712656 0.000000000000
172.512781010089	-44.102693381100 0.000000000000
172.512560659135	-44.102534049120 0.000000000000
172.512340309525	-44.102374716842 0.000000000000
172.512119960938	-44.102215384014 0.000000000000
172.511899613535	-44.102056050753 0.000000000000
172.511679267302	-44.101896717076 0.000000000000
172.511458922440	-44.101737383103 0.000000000000
172.511238578401	-44.101578048452 0.000000000000
172.511018235906	-44.101418713621 0.000000000000
172.510797894594	-44.101259378375 0.000000000000
172.510577554106	-44.101100042452 0.000000000000
172.510357215161	-44.100940706359 0.000000000000
172.510136877400	-44.100781369841 0.000000000000
172.509916540462	-44.100622032637 0.000000000000
172.509696205068	-44.100462695272 0.000000000000
172.509475870498	-44.100303357229 0.000000000000
172.509255537471	-44.100144019015 0.000000000000
172.509035205627	-44.099984680378 0.000000000000
172.508814874607	-44.099825341054 0.000000000000
172.508594545130	-44.099666001569 0.000000000000
172.508374216837	-44.099506661660 0.000000000000
172.508153889728	-44.099347321327 0.000000000000
172.507933563081	-44.099187980054 0.000000000000
172.507713238338	-44.099028638873 0.000000000000
172.507492914779	-44.098869297269 0.000000000000
172.507272592403	-44.098709955240 0.000000000000
172.507052271210	-44.098550612788 0.000000000000
172.506831951201	-44.098391269912 0.000000000000
172.506611631655	-44.098231926095 0.000000000000
172.506391314012	-44.098072582371 0.000000000000
172.506170997553	-44.097913238223 0.000000000000
172.505950682277	-44.097753893643 0.000000000000
172.505730368185	-44.097594548647 0.000000000000
172.505510054556	-44.097435202720 0.000000000000
172.505289742830	-44.097275856877 0.000000000000
172.505069432287	-44.097116510601 0.000000000000
172.504849122928	-44.096957163911 0.000000000000
172.504628814752	-44.096797816796 0.000000000000
172.504408507039	-44.096638468741 0.000000000000
172.504188201230	-44.096479120779 0.000000000000
172.503967896604	-44.096319772393 0.000000000000
172.503747593161	-44.096160423584 0.000000000000
172.503527290901	-44.096001074350 0.000000000000
172.503306989825	-44.095841724693 0.000000000000
172.503086689212	-44.095682374096 0.000000000000
172.502866390502	-44.095523023591 0.000000000000
172.502646092975	-44.095363672662 0.000000000000
172.502425479023	-44.095206477498 0.000000000000
172.502204866240	-44.095049281909 0.000000000000
172.501984254613	-44.094892085877 0.000000000000
172.501763644181	-44.094734889448 0.000000000000
172.501543034867	-44.094577692548 0.000000000000
172.501322426772	-44.094420495268 0.000000000000
172.501101819846	-44.094263297564 0.000000000000
172.500881214089	-44.094106099435 0.000000000000
172.500660609402	-44.093948900799 0.000000000000
172.500440005982	-44.093791701820 0.000000000000
172.500219403732	-44.093634502417 0.000000000000
172.499998802650	-44.093477302588 0.000000000000
172.499778202738	-44.093320102335 0.000000000000
172.499557603994	-44.093162901648 0.000000000000
172.499337006432	-44.093005700545 0.000000000000
172.499116410025	-44.092848499017 0.000000000000
172.498895814788	-44.092691297064 0.000000000000
172.498674039146	-44.092537267136 0.000000000000
172.498452264669	-44.092383236779 0.000000000000
172.498230491355	-44.092229206010 0.000000000000
172.498008719143	-44.092075174786 0.000000000000
172.497786948145	-44.091921143159 0.000000000000
172.497565178286	-44.091767111102 0.000000000000
172.497343409578	-44.091613078617 0.000000000000
172.497119123541	-44.091456306313 0.000000000000
172.496894838702	-44.091299533570 0.000000000000
172.496670555035	-44.091142760396 0.000000000000
172.496446272566	-44.090985986775 0.000000000000
172.496221991270	-44.090829212715 0.000000000000
172.495997711159	-44.090672438216 0.000000000000
172.495773432245	-44.090515663277 0.000000000000
172.495549154504	-44.090358887900 0.000000000000
172.495324877961	-44.090202112093 0.000000000000
172.495100602591	-44.090045335838 0.000000000000
172.494876328405	-44.089888559143 0.000000000000
172.494652055418	-44.089731782010 0.000000000000
172.494427783603	-44.089575004438 0.000000000000
172.494203512985	-44.089418226436 0.000000000000
172.493979243540	-44.089261447986 0.000000000000
172.493754975280	-44.089104669097 0.000000000000
172.493530708442	-44.088947889923 0.000000000000
172.493306442328	-44.088791110002 0.000000000000
172.493082177847	-44.088634329951 0.000000000000
172.492857914117	-44.088477549161 0.000000000000
172.492633652006	-44.088320768232 0.000000000000
172.492409390645	-44.088163986555 0.000000000000
172.492185130905	-44.088007204748 0.000000000000
172.491960871914	-44.087850422194 0.000000000000
172.491736614543	-44.087693639518 0.000000000000
172.491512357910	-44.087536856086 0.000000000000
172.491288102922	-44.087380072523 0.000000000000
172.491063848659	-44.087223288214 0.000000000000
172.490839596028	-44.087066503773 0.000000000000
172.490615344147	-44.086909718586 0.000000000000
172.490391093886	-44.086752933277 0.000000000000
172.490166844376	-44.086596147212 0.000000000000
172.489942596485	-44.086439361016 0.000000000000
172.489722690501	-44.086280820224 0.000000000000
172.489502785704	-44.086122279010 0.000000000000
172.489282882094	-44.085963737391 0.000000000000
172.489062979622	-44.085805195324 0.000000000000
172.488843078362	-44.085646652861 0.000000000000
172.488623178289	-44.085488109977 0.000000000000
172.488403279378	-44.085329566670 0.000000000000
172.488183381555	-44.085171022878 0.000000000000
172.487963485093	-44.085012478791 0.000000000000
172.487743589619	-44.084853934155 0.000000000000
172.487523695494	-44.084695389224 0.000000000000
172.487303802369	-44.084536843744 0.000000000000
172.487083910606	-44.084378297969 0.000000000000
172.486864019830	-44.084219751645 0.000000000000
172.486644130416	-44.084061205026 0.000000000000
172.486424241804	-44.083902657722 0.000000000000
172.486204354739	-44.083744110268 0.000000000000
172.485984468836	-44.083585562383 0.000000000000
172.485764584120	-44.083427014086 0.000000000000
172.485544700206	-44.083268465094 0.000000000000
172.485324817839	-44.083109915943 0.000000000000
172.485104936647	-44.082951366371 0.000000000000
172.484885056256	-44.082792816113 0.000000000000
172.484665177413	-44.082634265706 0.000000000000
172.484445299732	-44.082475714867 0.000000000000
172.484225423237	-44.082317163616 0.000000000000
172.484005547545	-44.082158611671 0.000000000000
172.483785673400	-44.082000059567 0.000000000000
172.483556065440	-44.081832459597 0.000000000000
172.483326458777	-44.081664859166 0.000000000000
172.483096853410	-44.081497258275 0.000000000000
